1 1904 1984
2 1920 1984
3 1920 1968
4 1904 1968
5 1920 1952
6 1888 1984
7 1888 1968
8 1888 1952
9 1744 1888
10 1760 1888
11 1760 1872
12 1744 1872
13 1760 1856
14 1728 1872
15 1744 1856
16 1792 1840
17 1792 1856
18 1792 1824
19 1776 1824
20 1776 1840
21 1776 1856
22 1744 1840
23 1760 1840
24 1744 1824
25 1760 1824
26 1728 1856
27 1728 1840
28 1712 1904
29 1728 1904
30 1728 1888
31 1696 1920
32 1712 1920
33 1696 1904
34 1696 1888
35 1712 1888
36 1712 1872
37 1712 1856
38 1680 1920
39 1664 1920
40 1680 1904
41 1664 1904
42 1664 1888
43 1696 1872
44 1680 1888
45 1680 1872
46 1664 1856
47 1664 1872
48 1712 1840
49 1728 1824
50 1696 1856
51 1712 1824
52 1728 1808
53 1712 1792
54 1728 1792
55 1696 1824
56 1696 1808
57 1712 1808
58 1696 1840
59 1680 1824
60 1680 1856
61 1680 1840
62 1664 1824
63 1664 2032
64 1664 2048
65 1664 2016
66 1632 2048
67 1648 2048
68 1632 2032
69 1648 2032
70 1648 2016
71 1664 2000
72 1664 1984
73 1648 1984
74 1648 2000
75 1632 2000
76 1632 2016
77 1616 2048
78 1616 2032
79 1600 2032
80 1616 2016
81 1600 2016
82 1584 2016
83 1568 2048
84 1584 2048
85 1584 2032
86 1568 2032
87 1552 2048
88 1552 2032
89 1552 2016
90 1568 2016
91 1552 2000
92 1568 2000
93 1568 1984
94 1552 1984
95 1648 1856
96 1648 1840
97 1664 1840
98 1632 1856
99 1648 1824
100 1664 1808
101 1648 1808
102 1664 1792
103 1632 1792
104 1648 1792
105 1616 1856
106 1632 1840
107 1616 1840
108 1632 1824
109 1600 1856
110 1632 1808
111 1616 1808
112 1616 1792
113 1600 1904
114 1600 1920
115 1584 1904
116 1584 1920
117 1584 1888
118 1600 1888
119 1600 1872
120 1744 1600
121 1760 1600
122 1744 1584
123 1760 1584
124 1760 1568
125 1744 1568
126 1728 1568
127 1728 1584
128 1760 1552
129 1744 1552
130 1760 1536
131 1744 1536
132 1728 1552
133 1728 1536
134 1904 1952
135 1728 1920
136 576 928
137 592 928
138 368 224
139 384 224
140 576 976
141 576 992
142 576 960
143 560 928
144 560 944
145 448 48
146 464 48
147 560 976
148 560 992
149 1504 1632
150 1520 1632
151 560 960
152 16 784
153 32 784
154 544 944
155 544 960
156 352 32
157 368 32
158 16 336
159 32 336
160 544 928
161 560 896
162 576 896
163 560 880
164 832 400
165 832 416
166 80 720
167 80 736
168 560 848
169 576 848
170 544 864
171 560 864
172 1072 1152
173 1088 1152
174 528 848
175 544 848
176 544 832
177 656 192
178 656 208
179 96 704
180 96 720
181 976 0
182 976 16
183 352 80
184 352 96
185 576 864
186 1008 256
187 1024 256
188 992 288
189 1008 288
190 384 64
191 384 80
192 832 480
193 848 480
194 1008 272
195 944 352
196 960 352
197 736 208
198 736 224
199 880 304
200 880 320
201 528 880
202 544 880
203 944 320
204 960 320
205 1072 1136
206 1440 1568
207 1440 1584
208 928 336
209 928 352
210 944 336
211 864 480
212 784 128
213 800 128
214 848 464
215 576 880
216 848 448
217 832 448
218 832 464
219 1024 272
220 960 96
221 976 96
222 816 432
223 832 432
224 800 400
225 800 416
226 816 384
227 816 400
228 160 640
229 176 640
230 880 368
231 896 368
232 464 128
233 464 144
234 848 384
235 864 384
236 864 336
237 864 352
238 848 336
239 560 832
240 832 352
241 848 352
242 944 368
243 944 384
244 848 320
245 368 176
246 368 192
247 864 320
248 624 912
249 640 912
250 880 288
251 848 304
252 416 176
253 432 176
254 864 272
255 864 288
256 784 48
257 800 48
258 384 192
259 384 208
260 848 272
261 848 288
262 1568 1504
263 1584 1504
264 1568 1536
265 1584 1536
266 544 896
267 960 368
268 832 256
269 848 256
270 816 368
271 656 112
272 656 128
273 816 352
274 832 336
275 832 272
276 864 256
277 832 320
278 800 352
279 80 544
280 80 560
281 336 112
282 352 112
283 1632 1296
284 1632 1312
285 784 368
286 800 368
287 144 576
288 160 576
289 784 384
290 1584 1376
291 1600 1376
292 784 352
293 912 144
294 928 144
295 768 352
296 768 368
297 544 976
298 544 992
299 800 320
300 800 336
301 784 336
302 944 32
303 944 48
304 768 336
305 928 320
306 672 64
307 672 80
308 1008 176
309 1024 176
310 1360 1232
311 1360 1248
312 992 160
313 1008 160
314 416 160
315 432 160
316 496 528
317 512 528
318 976 144
319 992 144
320 976 160
321 960 176
322 960 192
323 944 176
324 944 192
325 928 272
326 928 288
327 928 176
328 928 192
329 944 160
330 960 160
331 496 544
332 672 32
333 688 32
334 928 368
335 912 160
336 928 160
337 896 128
338 896 144
339 0 592
340 0 608
341 880 352
342 1024 112
343 1024 128
344 992 128
345 1008 128
346 896 288
347 896 304
348 576 912
349 992 112
350 1008 112
351 864 304
352 832 112
353 848 112
354 1008 64
355 1024 64
356 720 208
357 1680 1440
358 1696 1440
359 1184 480
360 1184 496
361 992 80
362 1008 80
363 992 64
364 992 96
365 960 128
366 976 128
367 816 80
368 816 96
369 976 112
370 960 112
371 640 208
372 640 224
373 976 48
374 976 64
375 1440 1600
376 1440 1616
377 960 48
378 736 192
379 752 192
380 992 16
381 960 32
382 976 32
383 960 16
384 1504 1664
385 1520 1664
386 960 384
387 512 688
388 512 704
389 960 144
390 784 144
391 800 144
392 1552 1408
393 1568 1408
394 944 16
395 576 832
396 1632 1328
397 928 16
398 928 32
399 352 160
400 368 160
401 944 0
402 928 0
403 912 64
404 928 64
405 912 32
406 208 624
407 224 624
408 992 48
409 896 64
410 912 48
411 896 48
412 896 32
413 32 640
414 32 656
415 832 176
416 832 192
417 832 160
418 800 176
419 816 176
420 496 144
421 496 160
422 800 160
423 816 160
424 160 624
425 176 624
426 880 384
427 848 80
428 864 80
429 816 144
430 832 288
431 816 128
432 0 784
433 0 800
434 688 192
435 688 208
436 352 64
437 368 64
438 784 176
439 784 160
440 368 80
441 768 160
442 608 896
443 608 912
444 1552 1520
445 1552 1536
446 768 144
447 464 32
448 784 192
449 800 192
450 768 176
451 768 128
452 880 128
453 880 112
454 896 112
455 1536 1536
456 1536 1552
457 1296 160
458 1312 160
459 864 128
460 944 128
461 864 112
462 944 272
463 864 96
464 880 96
465 832 128
466 848 128
467 1536 1584
468 1536 1600
469 832 96
470 848 96
471 1344 1056
472 1360 1056
473 992 32
474 864 64
475 832 64
476 848 64
477 144 608
478 160 608
479 1520 1536
480 1760 1520
481 1776 1520
482 784 80
483 800 80
484 800 64
485 448 80
486 464 80
487 1376 1056
488 512 896
489 528 896
490 704 880
491 704 896
492 960 336
493 272 0
494 288 0
495 1760 1472
496 1760 1488
497 768 384
498 768 64
499 768 80
500 800 32
501 992 0
502 448 144
503 784 64
504 768 320
505 768 48
506 1696 1792
507 944 144
508 320 96
509 320 112
510 1776 1536
511 1792 1536
512 768 32
513 752 224
514 768 224
515 832 80
516 768 848
517 768 864
518 256 0
519 528 864
520 896 688
521 896 704
522 1648 1312
523 1664 1312
524 608 928
525 720 224
526 1504 1648
527 1520 1648
528 704 208
529 1376 1072
530 1376 1088
531 720 192
532 768 832
533 688 224
534 704 224
535 768 192
536 1024 288
537 1568 1472
538 1584 1472
539 496 656
540 512 656
541 336 128
542 352 128
543 512 880
544 336 96
545 672 192
546 1008 96
547 1024 96
548 144 624
549 640 192
550 1648 1328
551 816 336
552 1552 1376
553 1552 1392
554 688 128
555 704 128
556 704 112
557 464 0
558 464 16
559 688 112
560 672 112
561 816 448
562 688 96
563 784 320
564 1008 192
565 1024 192
566 16 672
567 32 672
568 704 80
569 704 96
570 688 80
571 496 640
572 512 640
573 1024 80
574 704 64
575 672 208
576 416 16
577 416 32
578 384 0
579 400 0
580 672 128
581 496 704
582 208 640
583 224 640
584 1456 1632
585 1472 1632
586 656 96
587 640 96
588 16 656
589 208 576
590 224 576
591 16 608
592 16 624
593 1536 1632
594 1536 1648
595 480 160
596 480 176
597 784 672
598 800 672
599 576 944
600 480 672
601 496 672
602 384 96
603 448 64
604 112 816
605 112 832
606 416 192
607 432 192
608 416 48
609 416 64
610 512 96
611 512 112
612 896 320
613 480 128
614 496 128
615 192 608
616 192 624
617 704 192
618 608 944
619 608 960
620 1504 1536
621 496 96
622 496 112
623 496 80
624 592 896
625 448 128
626 480 96
627 480 112
628 800 384
629 768 688
630 768 704
631 1600 1520
632 1600 1536
633 800 448
634 448 96
635 448 112
636 16 320
637 480 32
638 480 48
639 464 64
640 0 624
641 816 320
642 592 912
643 128 832
644 368 128
645 368 144
646 1568 1920
647 336 224
648 336 240
649 16 768
650 32 768
651 480 16
652 368 96
653 32 320
654 48 320
655 1536 1488
656 1536 1504
657 448 0
658 448 16
659 1488 1632
660 1488 1648
661 320 240
662 320 256
663 432 32
664 448 32
665 1744 1472
666 1760 1504
667 704 864
668 720 864
669 1472 1600
670 1488 1600
671 400 64
672 336 64
673 832 368
674 848 368
675 1520 1616
676 512 864
677 928 256
678 944 256
679 480 64
680 720 880
681 400 48
682 992 256
683 1456 1664
684 1472 1664
685 128 784
686 128 800
687 384 32
688 400 32
689 1712 1424
690 1728 1424
691 384 16
692 400 16
693 800 96
694 336 80
695 16 640
696 96 832
697 656 0
698 672 0
699 752 800
700 768 800
701 64 576
702 80 576
703 1536 1472
704 1552 1472
705 48 336
706 48 352
707 352 240
708 1472 1584
709 1664 1424
710 1680 1424
711 64 768
712 80 768
713 336 256
714 48 576
715 48 592
716 688 16
717 480 0
718 496 176
719 96 800
720 96 816
721 464 160
722 320 224
723 336 208
724 784 656
725 800 656
726 1504 1600
727 1520 1600
728 32 592
729 32 608
730 1088 1136
731 1360 1024
732 1376 1024
733 640 112
734 640 128
735 320 208
736 336 192
737 320 128
738 432 48
739 832 384
740 176 608
741 512 672
742 96 784
743 112 784
744 256 32
745 272 32
746 816 416
747 0 320
748 0 336
749 16 592
750 992 176
751 960 272
752 512 80
753 1520 1568
754 1536 1568
755 1568 1376
756 64 272
757 80 272
758 944 64
759 1376 1232
760 1392 1232
761 320 144
762 928 48
763 480 144
764 496 688
765 272 16
766 1152 480
767 1168 480
768 1664 1408
769 352 16
770 368 16
771 928 384
772 1152 464
773 224 608
774 240 608
775 352 176
776 96 256
777 96 272
778 80 704
779 80 288
780 96 288
781 64 544
782 64 560
783 192 576
784 192 592
785 656 16
786 1440 1664
787 816 192
788 784 32
789 384 160
790 384 176
791 16 352
792 32 352
793 320 80
794 480 512
795 480 528
796 512 832
797 512 848
798 32 624
799 352 192
800 1504 1568
801 480 80
802 752 768
803 752 784
804 864 448
805 864 464
806 896 352
807 1072 1120
808 1088 1120
809 464 96
810 1200 496
811 1600 1472
812 1600 1488
813 496 512
814 512 512
815 48 608
816 32 800
817 1376 1216
818 1392 1216
819 512 64
820 64 352
821 320 192
822 960 0
823 1168 464
824 528 832
825 384 48
826 64 336
827 256 16
828 416 0
829 768 768
830 768 784
831 656 32
832 432 64
833 1584 1520
834 1408 1568
835 1408 1584
836 1536 1664
837 1728 1600
838 208 608
839 1552 1504
840 752 208
841 64 704
842 64 720
843 1728 1440
844 128 576
845 128 592
846 208 592
847 480 656
848 1440 1632
849 480 544
850 352 224
851 1504 1584
852 1520 1584
853 368 208
854 336 160
855 352 144
856 480 688
857 480 704
858 352 0
859 368 0
860 1568 1392
861 336 176
862 448 192
863 64 256
864 512 160
865 912 128
866 928 128
867 1344 1040
868 352 256
869 336 144
870 704 32
871 320 64
872 704 16
873 624 928
874 640 928
875 64 320
876 1792 1520
877 352 208
878 672 16
879 384 144
880 80 256
881 1344 1232
882 1344 1248
883 1664 1440
884 320 160
885 464 112
886 96 736
887 992 192
888 112 800
889 864 368
890 96 576
891 256 624
892 256 640
893 320 176
894 896 96
895 96 544
896 96 560
897 64 736
898 1488 1664
899 512 128
900 512 144
901 688 0
902 448 176
903 992 272
904 832 304
905 896 160
906 192 640
907 1472 1568
908 1488 1568
909 256 608
910 288 16
911 944 288
912 960 288
913 1472 1616
914 0 640
915 64 288
916 960 256
917 512 176
918 80 800
919 80 816
920 144 592
921 64 800
922 512 544
923 688 64
924 640 16
925 640 32
926 1696 1408
927 1696 1424
928 0 656
929 0 672
930 384 128
931 64 592
932 496 64
933 80 784
934 448 160
935 16 576
936 1456 1600
937 1280 160
938 1360 1040
939 1488 1584
940 1440 1536
941 1456 1536
942 496 192
943 832 144
944 480 192
945 704 0
946 1648 1296
947 768 656
948 768 672
949 512 192
950 64 816
951 32 576
952 1152 448
953 800 640
954 128 624
955 1472 1648
956 1600 1392
957 1600 1408
958 1424 1552
959 1440 1552
960 64 608
961 128 816
962 240 640
963 784 96
964 1344 1216
965 1360 1216
966 96 768
967 1056 1136
968 1056 1152
969 1584 1392
970 1584 1408
971 800 432
972 1344 1072
973 1344 1088
974 1488 1536
975 1488 1552
976 240 624
977 128 608
978 160 592
979 16 800
980 1024 160
981 128 640
982 144 640
983 1632 1984
984 672 96
985 224 592
986 736 784
987 480 640
988 1408 1600
989 1424 1600
990 736 864
991 784 640
992 816 64
993 1456 1648
994 736 768
995 112 768
996 0 768
997 288 32
998 128 768
999 672 224
1000 1424 1568
1001 1424 1584
1002 64 784
1003 1712 1408
1004 1488 1616
1005 768 208
1006 960 64
1007 640 0
1008 0 576
1009 752 864
1010 752 848
1011 864 704
1012 880 704
1013 592 944
1014 592 960
1015 624 896
1016 1424 1616
1017 1424 1632
1018 1536 1520
1019 640 896
1020 1456 1568
1021 1456 1584
1022 736 800
1023 720 896
1024 736 880
1025 736 896
1026 736 832
1027 736 848
1028 752 832
1029 1392 1248
1030 1408 1248
1031 1200 512
1032 768 640
1033 1184 512
1034 1408 1632
1035 1536 1392
1036 784 688
1037 1456 1552
1038 1472 1552
1039 784 704
1040 800 688
1041 800 704
1042 864 688
1043 880 688
1044 880 672
1045 896 672
1046 1360 1072
1047 1360 1088
1048 1728 1504
1049 1744 1504
1050 1664 1328
1051 768 96
1052 1584 1488
1053 1376 1248
1054 1376 1040
1055 1296 128
1056 1296 144
1057 1600 2048
1058 896 384
1059 1440 1648
1060 1520 1552
1061 1168 448
1062 1184 448
1063 1184 464
1064 1200 480
1065 1344 1024
1066 1216 480
1067 1216 496
1068 1536 1408
1069 1280 128
1070 1280 144
1071 0 352
1072 1312 128
1073 1312 144
1074 1648 1344
1075 1664 1344
1076 1632 1344
1077 1408 1232
1078 1568 1488
1079 1408 1616
1080 1744 1488
1081 1472 1536
1082 1056 1120
1083 656 224
1084 1680 1408
1085 1776 1504
1086 1792 1504
1087 1408 1216
1088 864 672
1089 1408 1536
1090 1424 1536
1091 1616 1824
1092 1712 1440
1093 1504 1552
1094 1408 1552
1095 1552 1488
1096 1632 1280
1097 1536 1616
1098 1600 1504
1099 1600 1280
1100 1600 1296
1101 1504 1616
1102 1568 1520
1103 1616 1296
1104 1600 1312
1105 1536 1376
1106 1728 1472
1107 1616 1280
1108 1616 1312
1109 1728 1408
1110 1728 1488
1111 2016 1984
1112 2048 1984
1113 2016 1952
1114 2048 1952
1115 2016 1920
1116 2048 1920
1117 1984 1952
1118 1984 1984
1119 1984 1920
1120 1856 1984
1121 1856 1920
1122 1888 1920
1123 1824 1984
1124 1856 1952
1125 1824 1952
1126 1824 1920
1127 1792 1984
1128 1792 1952
1129 1792 1920
1130 1696 1952
1131 1728 1952
1132 1696 1984
1133 1760 1920
1134 1792 1792
1135 1760 1792
1136 1728 1984
1137 1600 1984
1138 1632 1888
1139 1632 1920
1140 1792 1600
1141 1792 1568
1142 1696 1472
1143 1664 1472
1144 1696 1376
1145 1696 1344
1146 1600 1440
1147 1568 1440
1148 1600 1344
1149 1536 1344
1150 1568 1344
1151 1568 1312
1152 1536 1312
1153 1568 1280
1154 1536 1280
1155 1408 1664
1156 1408 1696
1157 1376 1664
1158 1664 1952
1159 1440 1216
1160 1472 1216
1161 1472 1152
1162 1472 1184
1163 1440 1184
1164 1408 1184
1165 1440 1152
1166 1408 1152
1167 1376 1280
1168 1408 1280
1169 1344 1280
1170 1408 1088
1171 1408 1056
1172 1408 1024
1173 1312 1152
1174 1344 1152
1175 1280 1152
1176 1312 1120
1177 1280 1120
1178 1312 1088
1179 1280 1088
1180 1184 1344
1181 1216 1344
1182 1216 1280
1183 1216 1312
1184 1152 1344
1185 1184 1312
1186 1152 1312
1187 1152 1280
1188 1088 1088
1189 1056 1088
1190 1024 1152
1191 1024 1120
1192 1024 1088
1193 128 864
1194 448 736
1195 480 736
1196 928 224
1197 960 224
1198 864 736
1199 896 736
1200 896 224
1201 896 640
1202 192 64
1203 192 96
1204 1344 1120
1205 1216 448
1206 1024 32
1207 1280 192
1208 1312 192
1209 1792 1888
1210 864 32
1211 288 224
1212 832 32
1213 832 0
1214 128 288
1215 768 0
1216 800 0
1217 736 256
1218 768 256
1219 0 736
1220 32 736
1221 704 256
1222 896 192
1223 736 160
1224 640 256
1225 672 256
1226 256 704
1227 288 704
1228 896 256
1229 736 128
1230 832 736
1231 832 768
1232 736 96
1233 448 640
1234 64 640
1235 96 640
1236 448 672
1237 1536 1440
1238 640 64
1239 224 768
1240 256 768
1241 64 672
1242 96 672
1243 192 128
1244 704 160
1245 448 768
1246 480 768
1247 160 96
1248 160 128
1249 416 704
1250 448 704
1251 384 704
1252 416 640
1253 416 672
1254 480 576
1255 512 576
1256 448 544
1257 1024 0
1258 416 608
1259 448 608
1260 384 640
1261 384 608
1262 64 384
1263 384 576
1264 416 512
1265 448 512
1266 384 544
1267 416 544
1268 384 512
1269 320 672
1270 320 704
1271 288 672
1272 992 320
1273 288 640
1274 320 640
1275 160 64
1276 448 576
1277 864 0
1278 896 0
1279 320 0
1280 0 832
1281 864 768
1282 64 512
1283 96 512
1284 448 224
1285 384 672
1286 128 256
1287 320 32
1288 256 256
1289 288 256
1290 416 96
1291 288 192
1292 256 224
1293 192 704
1294 192 736
1295 416 128
1296 896 480
1297 128 704
1298 128 736
1299 128 128
1300 416 256
1301 448 256
1302 1920 1920
1303 416 224
1304 736 64
1305 512 32
1306 416 576
1307 1664 1376
1308 384 256
1309 96 320
1310 128 672
1311 0 384
1312 32 384
1313 128 320
1314 832 704
1315 512 0
1316 256 192
1317 512 768
1318 128 64
1319 128 96
1320 864 640
1321 288 64
1322 896 768
1323 256 576
1324 0 704
1325 1280 224
1326 1312 224
1327 256 672
1328 512 736
1329 224 704
1330 224 736
1331 832 672
1332 256 736
1333 32 704
1334 256 64
1335 512 928
1336 192 768
1337 1152 512
1338 768 448
1339 128 512
1340 768 416
1341 128 544
1342 1184 1280
1343 1024 320
1344 704 832
1345 832 512
1346 864 512
1347 896 448
1348 896 512
1349 512 960
1350 832 640
1351 640 960
1352 704 768
1353 704 800
1354 768 896
1355 1152 544
1356 1184 544
1357 32 832
1358 512 992
1359 1280 256
1360 1312 256
1361 1152 576
1362 1856 2048
1363 1920 2048
1364 1792 2048
1365 1728 2048
1366 1792 1664
1367 1664 1664
1368 1728 1664
1369 1600 1664
1370 1600 1600
1371 1664 1600
1372 1664 1536
1373 1856 1536
1374 1472 1280
1375 1536 1152
1376 1536 1216
1377 1280 1280
1378 1280 1216
1379 1280 1024
1380 1280 1344
1381 1280 1408
1382 1216 1408
1383 1152 1088
1384 1152 1152
1385 1088 1024
1386 1152 1024
1387 1024 1024
1388 1024 384
1389 2048 2048
1390 1280 448
1391 768 512
1392 640 768
1393 256 512
1394 384 768
1395 320 768
1396 0 448
1397 0 512
1398 320 576
1399 320 512
1400 256 128
1401 128 0
1402 192 0
1403 64 448
1404 128 448
1405 128 384
1406 1984 2048
1407 512 256
1408 0 256
1409 576 768
1410 1216 384
1411 1344 1536
1412 640 832
1413 640 1024
1414 1152 1408
1415 192 512
1416 1024 640
1417 1088 640
1418 1152 384
1419 1280 384
1420 1024 704
1421 1088 704
1422 1024 768
1423 1344 1600
1424 2048 1792
1425 1920 1792
1426 1536 1792
1427 1536 1024
1428 1024 1280
1429 1024 512
1430 640 512
1431 640 384
1432 1280 896
1433 512 384
1434 256 384
1435 384 384
1436 0 0
1437 0 128
1438 768 1024
1439 256 896
1440 256 1024
1441 1152 256
1442 128 896
1443 1280 0
1444 1408 0
1445 1408 896
1446 2048 1536
