1443 1444 128
1439 1442 128
1439 1440 128
1436 1437 128
1434 1435 128
1433 1435 128
1431 1433 128
1430 1431 128
1424 1446 256
1424 1425 128
1420 1422 64
1420 1421 64
1418 1441 128
1416 1429 128
1416 1420 64
1416 1417 64
1410 1419 64
1410 1418 64
1408 1437 128
1407 1433 128
1405 1434 128
1404 1405 64
1403 1404 64
1401 1436 128
1401 1402 64
1398 1399 64
1396 1403 64
1396 1397 64
1394 1395 64
1393 1434 128
1393 1415 64
1393 1399 64
1392 1412 64
1392 1409 64
1391 1430 128
1389 1406 64
1388 1418 128
1388 1429 128
1387 1438 256
1387 1422 256
1385 1387 64
1385 1386 64
1383 1386 64
1383 1384 64
1380 1381 64
1379 1432 128
1379 1386 128
1377 1380 64
1377 1378 64
1375 1427 128
1375 1376 64
1371 1372 64
1370 1371 64
1369 1370 64
1367 1371 64
1367 1369 64
1367 1368 64
1366 1368 64
1364 1365 64
1363 1406 64
1362 1364 64
1362 1363 64
1359 1441 128
1359 1419 128
1359 1360 32
1355 1361 32
1355 1356 32
1354 1438 128
1352 1392 64
1352 1353 32
1351 1413 64
1349 1358 32
1348 1429 128
1346 1348 32
1345 1391 64
1345 1346 32
1344 1412 64
1344 1353 32
1343 1388 64
1339 1404 64
1339 1415 64
1339 1341 32
1338 1391 64
1338 1340 32
1337 1429 128
1337 1355 32
1335 1349 32
1334 1400 64
1331 1350 32
1330 1332 32
1329 1330 32
1325 1359 32
1325 1326 32
1324 1333 32
1323 1398 64
1323 1393 64
1322 1422 128
1321 1334 32
1320 1350 32
1318 1401 64
1318 1319 32
1317 1409 64
1317 1328 32
1316 1400 64
1314 1331 32
1313 1405 64
1311 1396 64
1311 1312 32
1309 1313 32
1308 1435 128
1305 1315 32
1302 1425 128
1301 1407 64
1300 1303 32
1300 1308 32
1300 1301 32
1299 1437 128
1299 1319 32
1297 1310 32
1297 1298 32
1296 1348 32
1296 1347 32
1294 1330 32
1294 1336 32
1293 1297 64
1293 1329 32
1293 1294 32
1292 1316 32
1291 1316 32
1290 1295 32
1288 1434 128
1288 1292 32
1288 1289 32
1286 1288 128
1286 1299 128
1284 1301 32
1284 1303 32
1283 1339 32
1282 1397 64
1282 1403 64
1282 1283 32
1281 1322 32
1279 1287 32
1277 1278 32
1276 1306 32
1275 1318 32
1274 1398 64
1273 1274 32
1272 1343 32
1271 1327 32
1271 1273 32
1270 1395 64
1269 1274 32
1269 1271 32
1269 1270 32
1268 1435 128
1268 1399 64
1267 1306 32
1266 1268 32
1266 1267 32
1264 1268 32
1264 1267 32
1264 1265 32
1263 1398 64
1263 1306 32
1263 1266 32
1262 1405 64
1262 1403 64
1262 1312 32
1261 1263 32
1260 1274 64
1260 1261 32
1260 1285 32
1259 1276 32
1258 1306 32
1258 1261 32
1258 1259 32
1257 1443 256
1256 1276 32
1256 1267 32
1256 1265 32
1254 1276 32
1254 1255 32
1253 1285 32
1252 1258 32
1252 1260 32
1252 1253 32
1251 1394 64
1251 1270 64
1251 1285 32
1249 1253 32
1249 1251 32
1249 1250 32
1248 1299 32
1247 1319 32
1247 1275 32
1247 1248 32
1246 1317 32
1245 1394 64
1245 1246 32
1243 1400 64
1243 1248 32
1242 1310 32
1241 1242 32
1240 1439 128
1240 1395 64
1240 1332 32
1239 1330 32
1239 1336 32
1239 1240 32
1236 1253 32
1236 1250 32
1235 1242 32
1234 1241 32
1234 1235 32
1233 1252 32
1233 1259 32
1233 1236 32
1232 1304 32
1231 1281 32
1230 1314 32
1230 1231 32
1229 1232 32
1227 1270 32
1227 1271 32
1226 1332 32
1226 1327 32
1226 1329 32
1226 1227 32
1224 1431 128
1224 1407 128
1224 1225 32
1223 1244 32
1223 1229 32
1221 1225 32
1220 1333 32
1219 1324 32
1219 1220 32
1217 1221 32
1217 1218 32
1215 1216 32
1214 1286 32
1214 1313 32
1213 1216 32
1213 1277 32
1212 1213 32
1211 1289 32
1211 1291 32
1211 1292 32
1210 1277 32
1210 1212 32
1207 1325 32
1207 1208 32
1206 1257 32
1205 1410 64
1205 1390 64
1203 1247 32
1203 1243 32
1202 1334 64
1202 1275 32
1202 1402 64
1202 1203 32
1201 1416 128
1201 1348 128
1201 1320 32
1200 1228 32
1200 1222 32
1199 1322 32
1198 1230 32
1198 1281 32
1198 1199 32
1196 1200 32
1196 1197 32
1195 1246 32
1195 1328 32
1194 1250 32
1194 1245 32
1194 1195 32
1192 1387 64
1191 1192 32
1190 1428 128
1190 1191 32
1189 1192 32
1188 1385 64
1188 1383 64
1188 1189 32
1187 1428 128
1187 1384 128
1187 1342 32
1186 1187 32
1185 1342 32
1185 1186 32
1184 1414 64
1184 1186 32
1183 1185 32
1182 1377 64
1182 1342 32
1182 1183 32
1181 1382 64
1181 1380 64
1181 1183 32
1180 1185 32
1180 1184 32
1180 1181 32
1179 1379 64
1178 1179 32
1177 1179 32
1176 1204 32
1176 1178 32
1176 1177 32
1175 1384 128
1175 1378 64
1175 1177 32
1174 1204 32
1173 1176 32
1173 1175 32
1173 1174 32
1172 1445 128
1172 1427 128
1171 1172 32
1170 1171 32
1169 1377 64
1168 1374 64
1167 1169 32
1167 1168 32
1166 1170 64
1166 1174 64
1165 1166 32
1164 1166 32
1163 1165 32
1163 1164 32
1162 1163 32
1161 1375 64
1161 1165 32
1161 1162 32
1160 1374 64
1160 1376 64
1160 1162 32
1159 1163 32
1159 1160 32
1155 1157 32
1155 1156 32
1154 1376 64
1154 1374 64
1153 1154 32
1152 1154 32
1151 1153 32
1151 1152 32
1150 1151 32
1149 1152 32
1149 1150 32
1148 1150 32
1147 1237 32
1146 1147 32
1144 1307 32
1143 1372 64
1142 1143 32
1140 1366 64
1140 1141 32
1138 1139 32
1136 1365 64
1134 1425 128
1134 1366 128
1134 1135 32
1132 1136 32
1131 1136 32
1130 1158 32
1130 1132 32
1130 1131 32
1129 1209 32
1129 1133 32
1128 1129 32
1127 1136 64
1127 1364 64
1127 1128 32
1126 1129 32
1125 1126 32
1125 1128 32
1124 1125 32
1123 1125 32
1123 1127 32
1122 1302 32
1121 1126 32
1121 1124 32
1121 1122 32
1120 1362 64
1120 1124 32
1120 1123 32
1119 1302 64
1118 1406 64
1117 1119 32
1117 1118 32
1116 1424 128
1115 1119 32
1115 1116 32
1114 1116 32
1113 1115 32
1113 1117 32
1113 1114 32
1112 1389 64
1112 1114 32
1111 1118 32
1111 1113 32
1111 1112 32
541 869 16
541 737 16
541 542 16
540 572 16
540 741 16
539 601 16
539 571 16
539 847 16
539 540 16
538 811 16
538 1052 16
537 1147 32
537 704 16
537 1078 16
537 538 16
536 1343 32
535 1005 16
534 1221 32
533 999 16
533 534 16
532 700 32
532 1028 16
531 617 16
530 1170 32
530 1047 16
529 1046 16
529 530 16
528 617 16
528 534 16
527 594 16
526 660 16
526 527 16
525 534 16
524 618 16
524 873 16
522 550 16
522 946 16
522 523 16
521 1199 32
521 1012 16
520 1043 16
520 1045 16
520 521 16
519 676 16
518 1402 64
518 827 16
517 1354 32
517 1009 16
516 1010 16
516 532 16
516 517 16
514 1218 32
514 1005 16
513 840 16
513 514 16
512 1215 32
512 788 16
511 1373 64
511 1141 32
511 876 16
510 511 16
509 737 16
508 544 16
508 793 16
508 509 16
505 512 16
504 1218 64
504 563 16
502 934 16
502 625 16
501 1257 32
500 1212 32
500 1216 32
500 788 16
499 1051 16
498 503 16
498 505 16
498 1304 32
498 499 16
497 1431 128
497 1340 32
496 1080 16
496 666 16
495 665 16
495 496 16
494 1279 32
494 910 16
493 518 16
493 765 16
493 494 16
491 1019 64
491 1023 16
490 667 16
490 680 16
490 491 16
488 1335 32
488 543 16
488 489 16
487 1171 32
487 529 16
487 1054 16
486 801 16
486 639 16
486 809 16
485 634 16
485 603 16
485 486 16
484 992 16
484 503 16
483 693 16
483 484 16
482 499 16
482 963 16
482 503 16
482 483 16
481 876 16
481 1085 16
481 510 16
480 666 16
480 481 16
479 1060 16
479 620 16
478 978 16
478 740 16
477 920 16
477 977 16
477 548 16
477 478 16
475 1212 32
475 992 16
475 515 16
475 476 16
474 1210 32
474 476 16
473 1206 32
472 938 16
472 1046 16
472 487 16
471 972 16
471 867 16
471 472 16
469 515 16
469 470 16
468 1370 64
468 1097 16
468 727 16
467 852 16
467 754 16
467 468 16
465 943 16
465 466 16
464 894 16
463 470 16
463 464 16
462 911 16
462 751 16
462 678 16
461 463 16
460 866 16
460 507 16
459 461 16
459 466 16
457 1056 16
457 937 16
457 458 16
456 754 16
456 1060 16
455 1018 16
455 479 16
455 456 16
454 894 16
453 464 16
453 461 16
453 454 16
452 453 16
452 459 16
451 1051 32
451 1229 32
450 535 16
449 787 16
448 535 16
448 449 16
447 664 16
447 637 16
447 558 16
446 451 16
445 455 16
444 1102 16
444 1018 16
444 839 16
444 445 16
443 524 16
443 642 16
442 1015 16
442 624 16
442 443 16
441 1223 32
441 450 16
441 446 16
440 652 16
439 441 16
438 448 16
438 450 16
438 439 16
437 440 16
436 672 16
436 437 16
435 528 16
435 575 16
435 533 16
434 545 16
434 617 16
434 435 16
433 1280 32
433 979 16
432 996 16
432 433 16
431 465 16
430 904 16
429 943 16
429 431 16
428 463 16
428 474 16
427 470 16
427 476 16
427 515 16
427 428 16
426 1058 16
425 616 16
425 740 16
424 548 16
424 478 16
424 425 16
423 429 16
422 439 16
422 423 16
421 595 16
421 864 16
421 718 16
420 614 16
420 900 16
420 763 16
420 421 16
419 787 16
419 423 16
418 449 16
418 422 16
418 438 16
418 419 16
417 943 16
417 423 16
416 1222 64
416 787 16
415 419 16
415 417 16
415 416 16
414 567 16
414 588 16
413 1234 32
413 798 16
413 695 16
413 414 16
412 1278 32
412 1210 32
411 412 16
410 762 16
410 411 16
409 894 32
409 474 32
409 411 16
408 473 16
407 976 16
407 773 16
407 583 16
406 582 16
406 616 16
406 838 16
406 407 16
405 410 16
405 412 16
404 762 16
404 758 16
403 410 16
403 409 16
403 404 16
402 1278 32
401 822 16
401 402 16
400 789 16
400 645 16
399 855 16
399 854 16
399 775 16
399 400 16
398 762 16
398 405 16
397 402 16
397 398 16
396 1076 16
396 550 16
395 1412 64
395 1409 64
394 397 16
394 401 16
393 1147 32
393 970 16
393 860 16
392 1068 16
392 553 16
392 393 16
391 422 16
391 429 16
390 439 16
390 446 16
390 391 16
389 507 16
388 1328 32
388 581 16
387 764 16
387 741 16
387 388 16
386 1388 64
385 836 16
385 527 16
384 526 16
384 898 16
384 385 16
383 394 16
383 822 16
382 473 16
381 383 16
381 382 16
380 473 16
380 501 16
379 535 16
379 840 16
378 1223 32
378 531 16
378 379 16
377 1006 16
377 381 16
376 1016 16
376 848 16
375 936 16
375 989 16
375 376 16
374 1006 16
373 382 16
373 408 16
373 377 16
373 374 16
372 1224 32
372 1083 16
371 549 16
371 372 16
369 370 16
368 693 16
368 469 16
367 992 16
367 483 16
367 515 16
367 368 16
366 369 16
365 389 16
365 370 16
365 460 16
365 366 16
364 546 16
363 374 16
363 408 16
362 573 16
362 546 16
361 364 16
361 363 16
361 362 16
360 1033 16
360 810 16
359 1064 16
359 767 16
359 1063 16
359 360 16
358 1142 32
358 1092 16
358 927 16
357 710 16
357 883 16
357 358 16
356 531 16
356 528 16
356 525 16
355 1206 32
355 573 16
354 363 16
354 362 16
354 355 16
353 461 16
353 470 16
353 466 16
352 465 16
352 469 16
352 353 16
350 546 16
349 369 16
349 364 16
349 350 16
348 642 16
347 612 16
346 1228 32
346 347 16
345 350 16
344 366 16
344 349 16
344 345 16
343 980 32
343 345 16
342 547 16
342 350 16
342 343 16
341 806 16
340 640 16
340 591 16
339 1008 16
339 749 16
339 340 16
338 905 16
337 454 16
337 452 16
337 865 16
337 338 16
335 905 16
335 336 16
334 771 16
333 870 16
333 716 16
332 831 16
332 878 16
332 333 16
331 922 16
331 849 16
330 389 16
329 336 16
329 507 16
329 330 16
328 1196 32
328 1222 32
327 336 16
327 328 16
326 346 32
326 911 16
325 462 16
325 677 16
325 326 16
324 328 16
323 327 16
323 329 16
323 324 16
322 887 32
322 1197 32
322 324 16
321 330 16
321 323 16
321 322 16
320 330 16
319 344 16
318 389 16
318 366 16
318 320 16
318 319 16
317 814 16
317 922 16
316 813 16
316 331 16
316 795 16
316 317 16
315 934 16
314 1295 32
314 789 32
314 315 16
313 980 16
312 750 16
312 320 16
312 319 16
312 313 16
311 882 16
311 1053 16
310 759 16
310 881 16
310 965 16
310 311 16
309 565 16
309 980 16
308 313 16
308 750 16
308 564 16
308 309 16
307 570 16
307 984 16
306 332 32
306 1238 32
306 923 16
306 307 16
305 326 32
305 612 32
304 504 16
303 377 16
303 762 16
303 758 16
302 398 16
302 381 16
302 394 16
302 303 16
301 563 16
301 304 16
300 551 16
300 301 16
299 641 16
299 563 16
299 300 16
297 298 16
296 497 16
295 304 16
295 296 16
294 866 16
294 507 16
294 336 16
293 865 16
293 338 16
293 335 16
293 294 16
292 295 16
292 301 16
291 1148 32
291 956 16
290 969 16
290 755 16
290 291 16
289 497 16
289 628 16
288 783 32
288 978 16
287 920 16
287 844 16
287 288 16
286 628 16
285 296 16
285 292 16
285 289 16
285 286 16
284 1108 16
284 522 16
284 396 16
283 946 16
283 1103 16
283 1096 16
283 284 16
282 542 16
281 541 16
281 509 16
281 544 16
281 282 16
280 896 16
280 702 16
280 782 16
279 895 16
279 781 16
279 280 16
278 300 16
278 286 16
278 292 16
277 904 16
277 641 16
276 1228 32
275 430 16
274 551 16
274 277 16
273 551 16
273 278 16
272 734 16
272 580 16
271 733 16
271 586 16
271 560 16
271 272 16
270 673 16
270 286 16
270 273 16
269 276 16
268 416 64
268 1218 64
268 275 16
268 269 16
267 386 16
266 489 16
265 632 16
265 833 16
264 1102 16
264 445 16
264 265 16
263 833 16
263 1098 16
263 1052 16
262 1102 16
262 1078 16
262 839 16
262 263 16
261 430 16
260 275 16
260 269 16
260 261 16
259 853 16
258 606 32
258 790 16
258 259 16
127 837 16
126 132 16
126 127 16
125 126 16
125 129 16
124 1141 32
124 128 16
124 125 16
123 124 16
122 127 16
122 125 16
122 123 16
121 1140 32
121 123 16
120 837 16
120 122 16
120 121 16
118 1138 32
118 119 16
117 118 16
116 646 16
115 116 16
114 1137 64
114 1139 32
114 116 16
113 115 16
113 118 16
113 114 16
110 111 16
108 1091 16
108 110 16
106 108 16
106 107 16
105 107 16
105 109 16
103 112 16
103 110 16
103 104 16
102 1367 128
102 506 32
102 104 16
101 104 16
101 110 16
100 102 16
100 101 16
99 101 16
99 108 16
98 1138 32
98 106 16
98 105 16
96 99 16
96 106 16
96 97 16
95 96 16
95 98 16
93 1137 32
93 94 16
92 93 16
91 92 16
90 92 16
89 90 16
86 90 16
86 88 16
85 86 16
84 1057 16
84 85 16
83 86 16
83 87 16
83 84 16
82 90 16
82 85 16
81 1137 32
81 82 16
80 81 16
79 1057 16
79 85 16
79 81 16
78 80 16
78 79 16
77 1057 16
77 78 16
76 80 16
75 983 16
75 76 16
74 75 16
73 983 16
73 74 16
72 1158 32
72 1132 32
72 73 16
71 74 16
71 72 16
70 76 16
70 74 16
69 70 16
68 76 16
68 78 16
68 69 16
67 69 16
66 68 16
66 77 16
66 67 16
65 71 16
65 70 16
64 1365 64
64 67 16
63 69 16
63 65 16
63 64 16
62 97 16
62 100 16
62 99 16
61 97 16
60 61 16
29 135 16
29 30 16
28 35 16
28 33 16
28 32 16
28 29 16
27 49 16
27 48 16
26 27 16
26 37 16
25 1135 32
24 49 16
24 25 16
23 25 16
22 24 16
22 27 16
22 23 16
20 23 16
20 21 16
1106 1142 32
1106 1110 16
19 20 16
19 25 16
1105 1149 32
18 1134 32
18 19 16
1104 1151 32
1104 1148 32
1104 1108 16
17 1209 32
17 21 16
1103 1108 16
1103 1107 16
16 20 16
16 18 16
16 17 16
15 22 16
15 26 16
14 30 16
14 36 16
14 26 16
1 4 16
1 6 16
1 2 16
1088 1331 32
1088 1320 32
2 1118 64
2 1363 64
2 3 16
1089 1411 64
1089 1094 16
1089 1090 16
3 5 16
3 4 16
4 134 16
4 7 16
5 1302 32
5 134 16
6 1120 32
6 7 16
7 8 16
8 1124 32
8 1122 32
8 134 16
9 30 16
9 12 16
9 10 16
1096 1107 16
10 1209 32
10 1133 32
10 11 16
11 13 16
11 12 16
12 15 16
12 14 16
1099 1153 32
1099 1107 16
1099 1100 16
13 23 16
13 21 16
13 15 16
1100 1103 16
1100 1104 16
30 35 16
31 1130 32
31 33 16
31 38 16
31 32 16
32 135 16
33 40 16
33 34 16
34 44 16
34 43 16
34 35 16
35 36 16
36 43 16
36 37 16
37 48 16
37 50 16
38 40 16
38 39 16
39 1139 32
39 1158 32
39 41 16
40 41 16
40 44 16
41 42 16
42 1138 32
42 47 16
42 44 16
43 45 16
43 50 16
44 45 16
45 60 16
45 47 16
46 97 16
46 95 16
46 60 16
46 47 16
48 58 16
48 51 16
49 51 16
49 52 16
50 58 16
50 60 16
51 57 16
51 55 16
52 57 16
52 54 16
53 506 16
53 57 16
53 54 16
54 1135 32
55 59 16
55 58 16
55 56 16
56 57 16
56 506 16
58 61 16
59 62 16
59 61 16
128 130 16
128 129 16
129 132 16
129 131 16
130 510 16
130 480 16
130 131 16
131 133 16
132 133 16
133 1372 64
133 1048 32
135 1133 32
135 1131 32
136 143 16
136 599 16
136 348 16
136 137 16
137 1013 16
137 642 16
137 524 16
138 850 16
138 853 16
138 139 16
139 1303 32
139 1308 32
139 259 16
140 147 16
140 142 16
140 141 16
142 1014 16
142 599 16
142 151 16
143 160 16
143 144 16
144 599 16
144 151 16
144 154 16
145 603 16
145 664 16
145 738 16
145 146 16
146 638 16
146 639 16
146 447 16
147 297 16
147 151 16
147 148 16
149 1101 16
149 526 16
149 659 16
149 150 16
150 593 16
150 527 16
150 675 16
151 155 16
152 979 16
152 432 16
152 649 16
152 153 16
153 650 16
153 816 16
154 160 16
154 155 16
155 1349 32
155 297 16
156 1287 32
156 436 32
156 769 16
156 157 16
157 770 16
157 687 16
158 748 16
158 791 16
158 636 16
158 159 16
159 792 16
159 705 16
159 653 16
160 266 32
160 1335 32
161 163 16
161 266 16
161 162 16
162 624 16
162 215 16
162 348 16
163 171 16
163 202 16
163 215 16
164 227 16
164 739 16
164 165 16
165 223 16
165 746 16
166 842 16
166 778 16
166 180 16
166 167 16
167 886 16
167 897 16
168 175 16
168 171 16
168 239 16
168 169 16
169 395 16
169 185 16
170 519 16
170 175 16
170 202 16
170 171 16
171 185 16
172 968 16
172 205 16
172 173 16
173 1384 64
173 730 16
174 824 16
174 797 16
174 519 16
174 175 16
175 176 16
176 824 16
176 239 16
177 549 16
177 545 16
177 178 16
178 1083 16
178 371 16
178 575 16
179 1297 32
179 1242 32
179 778 16
179 180 16
180 886 16
181 822 16
181 501 16
181 182 16
182 382 16
182 383 16
182 380 16
183 694 16
183 436 16
183 440 16
183 184 16
184 544 16
184 652 16
184 282 16
185 215 16
186 682 16
186 194 16
186 187 16
187 1441 128
187 565 64
187 219 16
188 912 32
188 1272 32
188 903 16
188 189 16
189 194 16
189 536 16
190 437 16
190 671 16
190 825 16
190 191 16
191 440 16
191 602 16
192 1345 32
192 218 16
192 193 16
193 214 16
193 211 16
194 219 16
194 903 16
195 242 16
195 210 16
195 209 16
195 196 16
196 492 16
196 267 16
197 840 16
197 378 16
197 356 16
197 198 16
198 525 16
198 1217 32
198 513 16
199 347 16
199 351 16
199 250 16
199 200 16
200 612 16
200 247 16
201 489 16
201 543 16
201 519 16
201 202 16
202 266 16
203 210 16
203 305 16
203 204 16
204 912 32
204 1272 32
204 492 16
205 807 16
205 967 16
205 730 16
206 1020 16
206 1000 16
206 959 16
206 207 16
207 1021 16
207 1001 16
207 375 16
208 305 16
208 210 16
208 209 16
209 806 32
209 334 16
210 492 16
211 1346 32
211 1296 32
211 805 16
212 451 16
212 390 16
212 213 16
213 693 32
213 391 16
213 431 16
214 805 16
214 218 16
214 216 16
216 217 16
216 804 16
217 223 16
217 561 16
217 218 16
219 536 16
220 1006 32
220 370 16
220 221 16
221 369 16
221 364 16
222 971 16
222 746 16
222 561 16
222 223 16
224 227 16
224 628 16
224 225 16
225 1340 32
225 746 16
225 971 16
226 628 16
226 739 16
226 270 16
226 227 16
227 746 16
228 982 16
228 424 16
228 229 16
229 425 16
229 906 16
230 889 16
230 341 16
230 426 16
230 231 16
231 1058 16
231 806 16
232 625 16
232 885 16
232 613 16
232 233 16
233 763 16
233 721 16
233 502 16
234 674 16
234 739 16
234 235 16
235 889 16
235 426 16
236 247 16
236 238 16
236 237 16
237 889 16
237 241 16
237 341 16
238 241 16
238 274 16
238 244 16
239 395 16
240 673 16
240 274 16
240 273 16
240 241 16
241 674 16
242 267 16
242 334 16
242 243 16
243 771 16
243 386 16
244 247 16
244 277 16
244 251 16
245 400 16
245 775 16
245 790 16
245 246 16
246 258 16
246 853 16
246 799 16
247 351 16
248 873 16
248 443 16
248 1015 16
248 249 16
249 874 16
249 1019 16
250 255 16
250 346 16
251 904 16
251 261 16
251 351 16
252 606 16
252 314 16
252 253 16
253 902 16
253 607 16
253 315 16
254 276 16
254 260 16
254 255 16
255 261 16
255 351 16
256 505 16
256 503 16
256 788 16
256 257 16
257 484 16
257 500 16
542 855 16
542 644 16
543 676 16
544 694 16
545 575 16
546 547 16
547 573 16
548 982 16
548 954 16
549 734 64
550 1074 16
550 1050 16
551 641 16
552 1105 16
552 755 16
552 553 16
553 860 16
553 1035 16
554 580 16
554 559 16
554 555 16
555 1229 32
555 1244 32
555 556 16
556 569 16
556 559 16
557 657 16
557 717 16
557 558 16
558 658 16
558 651 16
559 562 16
559 560 16
560 984 16
560 580 16
561 633 16
562 984 16
562 569 16
562 570 16
564 887 16
564 565 16
566 929 16
566 588 16
566 567 16
567 1333 32
567 1241 32
568 574 16
568 570 16
568 569 16
569 1232 32
570 923 16
571 987 16
571 572 16
572 1255 64
574 1304 32
574 870 32
574 923 16
575 999 16
576 828 16
576 692 16
576 577 16
577 663 16
577 688 16
577 608 16
578 691 16
578 859 16
578 579 16
579 828 16
579 692 16
581 857 16
581 764 16
582 906 16
582 583 16
583 962 16
584 848 16
584 993 16
584 585 16
585 955 16
585 913 16
585 659 16
586 984 16
586 587 16
587 1238 32
587 733 16
588 928 16
588 695 16
589 846 16
589 783 16
589 590 16
590 1323 32
590 985 16
591 729 16
591 749 16
591 592 16
592 798 16
592 695 16
592 640 16
593 1097 16
593 594 16
594 836 16
595 721 16
595 763 16
595 596 16
596 944 16
596 718 16
597 1036 16
597 724 16
597 948 16
597 598 16
598 1331 32
598 1040 16
598 725 16
599 1013 16
600 1236 32
600 856 16
600 847 16
600 601 16
601 764 16
601 741 16
602 1290 32
602 930 32
602 652 16
603 832 16
603 639 16
604 720 16
604 961 16
604 888 16
604 605 16
605 696 16
605 643 16
606 1303 32
606 607 16
607 862 16
608 681 16
608 738 16
608 609 16
609 1290 32
609 832 16
609 671 16
610 621 16
610 752 16
610 611 16
611 899 16
611 622 16
612 806 32
613 763 16
613 627 16
613 614 16
614 899 16
614 622 16
615 838 16
615 740 16
615 784 16
615 616 16
616 906 16
617 1244 32
618 1013 16
618 619 16
619 1351 32
619 1014 16
620 1093 16
620 974 16
621 626 16
621 623 16
621 622 16
622 627 16
623 932 16
623 801 16
623 752 16
624 642 16
625 1295 32
625 635 16
626 809 16
626 801 16
626 627 16
627 885 16
629 1036 16
629 948 16
629 630 16
630 829 64
630 1039 16
631 833 16
631 1098 16
631 632 16
632 1372 64
632 1370 64
633 1338 32
633 971 16
634 1290 32
634 809 16
634 635 16
635 885 16
636 747 16
636 653 16
637 1305 32
637 651 16
637 638 16
638 679 16
639 679 16
640 914 16
643 1193 32
643 961 16
644 930 16
644 645 16
645 879 16
645 855 16
647 850 16
647 723 16
647 722 16
647 648 16
648 661 16
648 713 16
648 707 16
649 996 16
649 650 16
650 1220 32
650 711 32
651 717 16
653 654 16
654 705 16
654 875 16
655 1095 16
655 703 16
655 656 16
656 1018 16
656 839 16
657 828 32
657 658 16
658 664 16
659 1004 16
659 660 16
660 955 16
660 898 16
661 722 16
661 662 16
662 1289 32
662 713 16
663 738 16
663 664 16
665 1080 16
665 1106 16
666 1085 16
666 1049 16
667 1344 32
667 668 16
668 680 16
668 990 16
669 913 16
669 936 16
669 708 16
669 670 16
670 726 16
670 939 16
670 1004 16
671 681 16
672 871 16
672 694 16
673 739 16
673 674 16
674 889 16
675 1097 16
675 1101 16
675 727 16
676 797 16
677 1196 32
677 1228 32
677 678 16
678 916 16
679 932 16
679 801 16
680 1024 16
680 1023 16
681 825 16
681 688 16
682 916 32
682 903 16
683 993 16
683 786 16
683 684 16
684 955 16
684 898 16
685 998 16
685 743 16
685 686 16
686 961 16
686 888 16
687 825 16
687 691 16
687 688 16
688 692 16
689 927 16
689 1003 16
689 1092 16
689 690 16
690 843 16
691 770 16
691 692 16
693 963 16
694 793 16
695 914 16
696 720 16
697 1007 16
697 785 16
697 698 16
698 901 16
698 878 16
699 1022 16
699 803 16
699 700 16
700 830 16
701 714 16
701 931 16
701 782 16
701 702 16
702 890 16
703 1237 32
703 704 16
704 1095 16
705 826 16
705 706 16
706 792 16
706 820 16
707 850 16
707 868 16
708 1021 16
708 907 16
708 939 16
709 883 16
709 768 16
709 710 16
710 1084 16
710 927 16
711 897 32
711 1002 16
711 712 16
712 933 16
712 966 16
713 868 16
714 951 16
714 715 16
715 815 16
715 728 16
715 931 16
716 901 16
716 878 16
716 872 16
717 1315 32
718 942 16
718 917 16
719 888 16
719 918 16
719 742 16
719 720 16
720 919 16
721 934 16
722 1211 32
722 735 16
723 877 16
723 736 16
723 735 16
724 947 16
724 991 16
724 725 16
725 953 16
726 1101 16
726 851 16
726 727 16
727 852 16
728 951 16
728 749 16
728 729 16
729 798 16
729 815 16
730 808 16
731 1065 16
731 938 16
731 732 16
732 1172 32
732 1054 16
733 734 16
734 899 128
735 821 16
736 821 16
736 861 16
736 799 16
737 1400 64
737 761 16
738 832 16
742 966 16
742 933 16
742 743 16
743 888 16
743 995 16
744 1334 32
744 827 16
744 745 16
745 765 16
745 997 16
747 1408 64
747 748 16
748 1071 16
749 935 16
750 887 16
751 912 16
751 916 16
752 819 16
753 852 16
753 800 16
753 1060 16
753 754 16
755 1150 32
755 860 16
756 915 16
756 863 16
756 757 16
757 880 16
757 779 16
757 777 16
758 1006 16
759 817 16
759 1053 16
759 760 16
760 1077 16
760 1029 16
760 818 16
761 884 16
761 869 16
764 856 16
765 910 16
765 827 16
766 1337 32
766 772 16
766 767 16
767 823 16
768 957 64
768 1307 32
768 1084 16
769 858 16
769 770 16
770 859 16
771 1058 32
772 823 16
772 952 16
773 985 16
773 838 16
773 774 16
774 976 16
774 909 16
775 861 16
775 799 16
776 1286 32
776 880 16
776 777 16
777 780 16
778 841 16
779 915 16
779 780 16
780 1309 32
780 1214 32
781 1282 32
781 782 16
783 1415 64
783 784 16
784 846 16
785 924 16
785 878 16
785 831 16
786 1155 32
786 1059 16
789 879 16
789 790 16
791 1071 16
791 792 16
792 1312 32
793 871 16
794 1265 32
794 813 16
794 795 16
795 849 16
796 824 16
796 1317 64
796 797 16
799 877 16
800 851 16
800 908 16
800 1093 16
802 994 16
802 829 16
802 803 16
803 830 16
803 986 16
804 1347 32
804 805 16
807 1082 16
807 808 16
808 1188 32
809 885 16
810 1064 16
810 1067 16
810 1031 16
811 1146 32
811 1143 64
811 812 16
812 1052 16
812 1098 16
813 814 16
814 1433 128
814 1430 128
815 960 16
816 1357 32
816 921 32
816 979 16
817 965 16
817 818 16
818 1087 16
819 1305 32
819 932 16
820 1262 32
820 826 16
821 1291 32
821 893 16
823 1063 16
823 1061 16
826 875 16
829 1231 64
829 830 16
831 925 16
833 1102 16
834 1000 16
834 1094 16
834 835 16
835 988 16
835 1001 16
836 1426 128
836 1369 64
837 1371 64
837 1368 64
838 846 16
839 1095 16
840 1005 16
841 1241 32
841 1333 32
841 842 16
842 897 16
843 1106 32
843 1092 16
844 1341 32
844 890 32
844 845 16
845 977 16
845 920 16
846 985 16
847 987 16
848 1017 16
848 1059 16
849 1254 32
849 1256 32
850 877 16
851 939 16
851 852 16
853 877 16
854 869 16
854 884 16
854 861 16
855 869 16
856 857 16
857 1250 32
857 1195 32
858 1279 32
858 859 16
860 969 16
861 893 16
862 944 32
862 1284 32
862 902 16
863 1408 64
863 880 16
864 917 16
864 900 16
865 866 16
867 1065 16
867 938 16
868 1308 32
870 872 16
871 1321 32
871 1287 32
872 945 16
873 874 16
874 1351 32
875 1309 32
875 915 32
876 1086 16
879 930 16
881 964 16
881 882 16
882 1169 32
883 1143 32
884 893 16
886 1298 32
886 966 32
890 896 16
891 909 16
891 976 16
891 892 16
892 1327 32
892 1273 32
892 962 16
895 1341 32
895 1283 32
895 896 16
897 1220 32
899 900 16
901 945 16
902 934 16
905 1222 32
906 1293 64
907 1020 16
907 1038 16
907 908 16
908 939 16
908 975 16
909 1323 32
910 997 16
911 912 16
913 1004 16
914 928 16
916 1197 32
917 949 16
918 933 16
918 921 16
918 919 16
920 978 16
921 1002 16
921 950 16
922 1255 32
924 1007 16
924 925 16
925 1238 32
926 1144 32
926 1084 16
926 1003 16
926 927 16
928 929 16
929 1324 32
930 1295 32
931 960 16
933 1002 16
935 1008 16
935 951 16
936 1021 16
937 1207 32
937 1070 16
938 1054 16
940 1090 16
940 959 16
940 941 16
941 1037 16
941 1081 16
942 949 16
942 944 16
945 1215 64
947 1032 16
947 948 16
949 1407 64
952 1418 64
952 1061 16
953 1350 32
953 991 16
954 977 16
954 981 16
955 993 16
956 969 16
956 957 16
957 1146 32
957 970 16
958 1000 16
958 1094 16
958 1090 16
958 959 16
959 1037 16
960 1234 32
962 976 16
963 1051 16
964 1174 64
964 1378 64
964 965 16
966 995 16
967 1082 16
967 968 16
968 1190 32
969 970 16
972 1046 16
972 973 16
973 1178 32
973 1204 32
973 1047 16
974 1081 16
974 975 16
975 1038 16
975 1093 16
981 1310 32
981 1235 32
981 982 16
983 1137 32
986 1022 16
986 994 16
987 1233 32
988 1423 64
988 1079 16
988 989 16
989 1016 16
989 1001 16
990 1009 16
990 1027 16
990 1024 16
991 1032 16
993 1059 16
994 1352 32
995 998 16
996 1219 32
997 1321 32
997 1287 32
998 1336 64
998 1298 32
999 1225 32
999 1083 16
1000 1001 16
1003 1109 16
1004 1101 16
1007 1315 128
1008 1397 64
1009 1010 16
1010 1027 16
1010 1028 16
1011 1198 32
1011 1314 32
1011 1042 16
1011 1012 16
1012 1043 16
1013 1014 16
1015 1019 16
1016 1079 16
1016 1017 16
1017 1034 16
1019 1412 64
1020 1037 16
1020 1021 16
1022 1026 32
1022 1353 32
1023 1025 16
1024 1025 16
1025 1354 32
1026 1344 32
1026 1028 16
1026 1027 16
1029 1053 16
1029 1030 16
1030 1168 32
1030 1077 16
1031 1033 16
1032 1391 128
1033 1356 32
1033 1337 32
1034 1155 32
1034 1079 16
1035 1105 16
1035 1068 16
1036 1040 16
1036 1039 16
1037 1038 16
1038 1081 16
1039 1041 16
1040 1041 16
1041 1314 32
1042 1088 16
1042 1043 16
1043 1044 16
1044 1088 16
1044 1045 16
1045 1201 32
1046 1047 16
1048 1110 16
1048 1049 16
1049 1080 16
1050 1075 16
1051 1232 32
1052 1078 16
1053 1167 32
1055 1072 16
1055 1069 16
1055 1056 16
1056 1073 16
1056 1070 16
1058 1347 64
1060 1093 16
1061 1062 16
1062 1205 32
1062 1063 16
1064 1066 16
1065 1379 64
1066 1205 32
1068 1237 32
1069 1443 128
1069 1070 16
1071 1311 32
1074 1076 16
1074 1075 16
1075 1307 32
1075 1145 32
1076 1148 32
1077 1087 16
1078 1095 16
1080 1110 16
1082 1189 32
1082 1191 32
1085 1086 16
1087 1164 32
1087 1159 32
