768 1792 768 2048
2048 2048 1792 2048
2048 1792 2048 2048
1024 1408 1024 1280
768 1536 768 1792
768 1536 768 1408
768 1536 896 1536
896 1408 896 1536
896 1408 768 1408
896 1408 1024 1408
1408 2048 1408 1920
1536 2048 1792 2048
1536 2048 1408 2048
1536 1920 1408 1920
1536 1920 1536 2048
1792 1792 1792 2048
1792 1792 2048 1792
1792 1792 1792 1664
896 1280 1024 1280
896 1280 896 1408
896 1280 896 1216
512 1792 768 1792
512 1728 512 1792
1664 1792 1792 1792
2048 1536 2048 1792
832 1280 832 1216
832 1280 896 1280
768 1280 768 1408
768 1280 640 1280
768 1280 768 1216
768 1280 832 1280
1664 1344 1664 1280
1664 1664 1792 1664
1152 2048 1152 1984
1152 2048 1088 2048
1152 2048 1216 2048
1280 1920 1408 1920
1280 1920 1216 1920
1280 1920 1280 1856
1216 1984 1216 2048
1216 1984 1216 1920
1216 1984 1152 1984
1280 2048 1408 2048
1280 2048 1216 2048
1280 1984 1280 1920
1280 1984 1216 1984
1280 1984 1280 2048
1280 1664 1280 1536
1280 1664 1280 1728
1280 1664 1216 1664
1344 1792 1408 1792
1280 1792 1216 1792
1280 1792 1280 1728
1280 1792 1280 1856
1280 1792 1344 1792
1984 1536 2048 1536
1344 1664 1280 1664
1408 1728 1408 1792
1344 1728 1344 1664
1344 1728 1344 1792
1344 1728 1280 1728
1344 1728 1408 1728
1472 1536 1408 1536
1472 1536 1472 1472
1408 1600 1408 1536
1408 1664 1408 1728
1408 1664 1344 1664
1408 1664 1408 1600
1472 1600 1408 1600
1472 1600 1472 1536
1472 1600 1536 1600
1472 1664 1472 1600
1472 1664 1408 1664
1536 1344 1536 1280
1536 1344 1472 1344
1536 1344 1536 1408
1600 1344 1664 1344
1600 1344 1600 1280
1600 1344 1536 1344
1600 1408 1536 1408
1600 1408 1600 1344
1536 1472 1472 1472
1536 1472 1536 1408
1536 1536 1472 1536
1536 1536 1536 1600
1536 1536 1536 1472
1536 1536 1600 1536
1600 1472 1600 1408
1600 1472 1536 1472
1600 1472 1600 1536
512 1344 512 1408
1664 1536 1664 1664
1664 1536 1600 1536
1664 1472 1600 1472
1664 1472 1664 1536
1024 1536 896 1536
1024 1536 1024 1408
1664 1408 1664 1344
1664 1408 1664 1472
1664 1408 1600 1408
1920 1408 1856 1408
1920 1408 1920 1344
1920 1408 1920 1472
2048 1344 2048 1408
2048 1344 1984 1344
2048 1280 2048 1344
1984 1408 2048 1408
1984 1408 1984 1344
1984 1408 1920 1408
2048 1472 2048 1536
2048 1472 2048 1408
1984 1472 1920 1472
1984 1472 1984 1408
1984 1472 1984 1536
1984 1472 2048 1472
1536 1664 1536 1600
1536 1664 1472 1664
1600 1664 1664 1664
1600 1664 1536 1664
1536 1728 1536 1664
1600 1792 1664 1792
1536 1792 1536 1920
1536 1792 1408 1792
1536 1792 1536 1728
1536 1792 1600 1792
1664 1728 1664 1792
1664 1728 1664 1664
1600 1728 1600 1792
1600 1728 1536 1728
1600 1728 1600 1664
1600 1728 1664 1728
1984 1344 1920 1344
1984 1344 1984 1280
1856 1536 1856 1472
1856 1536 1792 1536
1856 1536 1920 1536
1920 1536 1984 1536
1920 1536 1920 1472
1856 1472 1792 1472
1856 1472 1856 1408
1856 1472 1920 1472
1088 1856 1088 1792
1792 1536 1664 1536
1792 1536 1792 1664
1792 1536 1792 1472
1856 1408 1792 1408
1856 1408 1856 1344
1792 1408 1792 1344
1792 1408 1728 1408
1792 1408 1792 1472
1856 1344 1792 1344
1856 1344 1856 1280
1856 1344 1920 1344
1920 1344 1920 1280
1728 1408 1728 1344
1728 1408 1664 1408
384 1728 448 1728
1792 1344 1792 1280
1792 1344 1728 1344
448 1728 512 1728
448 1728 448 1792
1728 1344 1664 1344
1728 1344 1728 1280
1152 1984 1088 1984
1152 1984 1152 1920
1216 1920 1216 1856
1216 1920 1152 1920
1280 1856 1216 1856
1152 1920 1088 1920
1152 1920 1152 1856
1152 1856 1088 1856
1152 1856 1152 1792
1152 1856 1216 1856
1216 1856 1216 1792
1216 1792 1152 1792
1216 1792 1216 1728
1088 2048 1024 2048
1088 2048 1088 1984
1088 1984 1088 1920
1088 1984 1024 1984
1152 1792 1088 1792
1152 1792 1152 1728
1024 1920 1024 1856
1024 1920 1088 1920
1024 1920 1024 1984
1024 1984 1024 2048
1088 1920 1088 1856
1024 1856 1088 1856
1024 1856 1024 1792
1024 1792 768 1792
1024 1792 1024 1664
1024 1792 1088 1792
1280 1728 1216 1728
1216 1664 1152 1664
1216 1664 1216 1728
1216 1728 1152 1728
1152 1664 1152 1600
1152 1664 1088 1664
1152 1664 1152 1728
1088 1664 1024 1664
1088 1664 1088 1600
1024 1600 1024 1664
1024 1600 1024 1536
1024 1600 1088 1600
1088 1600 1152 1600
1088 1600 1088 1536
1536 1408 1472 1408
1472 1472 1472 1408
1472 1472 1408 1472
1472 1408 1408 1408
1472 1408 1472 1344
1088 1536 1024 1536
1088 1536 1152 1536
1344 1472 1344 1408
1344 1472 1344 1536
1344 1472 1280 1472
1344 1472 1408 1472
1408 1472 1408 1536
1408 1472 1408 1408
1280 1536 1152 1536
1280 1536 1280 1472
1280 1536 1344 1536
1344 1536 1408 1536
1280 1472 1280 1408
1280 1408 1344 1408
1344 1408 1344 1344
1344 1408 1408 1408
1408 1408 1408 1344
1024 2048 768 2048
1152 1536 1152 1600
512 1536 768 1536
512 1536 512 1472
512 1536 448 1536
512 1536 512 1600
512 1600 448 1600
512 1600 512 1664
512 1664 448 1664
512 1664 512 1728
384 1664 256 1664
384 1664 384 1728
384 1664 384 1600
384 1664 448 1664
448 1664 448 1728
448 1664 448 1600
1408 1792 1408 1920
448 1600 384 1600
448 1600 448 1536
448 1472 384 1472
448 1472 448 1536
448 1472 448 1408
448 1472 512 1472
512 1472 512 1408
384 1536 384 1600
384 1536 320 1536
384 1536 384 1472
384 1536 448 1536
448 1408 512 1408
448 1408 384 1408
448 1408 448 1344
