163 164 256
161 162 256
160 161 256
156 157 128
153 163 256
153 158 128
153 154 128
152 154 128
152 158 128
152 156 128
150 151 128
149 162 256
149 150 128
148 151 128
148 149 128
146 162 256
146 160 256
146 147 128
142 157 128
142 152 128
142 145 64
140 163 256
139 140 64
137 146 128
132 160 256
131 143 64
131 142 64
130 158 128
130 159 128
130 141 64
130 131 64
129 136 64
127 147 128
58 60 64
58 67 64
58 59 64
57 151 128
57 61 64
57 62 64
56 59 64
56 61 64
56 60 64
55 150 128
55 59 64
54 57 64
54 56 64
54 55 64
53 91 128
53 75 64
53 76 64
52 107 64
51 66 64
51 75 64
51 62 64
51 52 64
125 132 64
50 53 64
49 107 64
48 50 64
48 52 64
48 75 64
48 49 64
47 134 64
47 84 64
46 134 64
45 49 64
45 50 64
45 46 64
43 46 64
43 47 64
43 44 64
42 43 64
42 45 64
40 88 64
40 86 64
40 83 64
39 129 64
39 41 64
39 40 64
38 83 64
38 39 64
37 84 64
37 83 64
35 47 64
35 44 64
35 37 64
35 36 64
34 38 64
34 37 64
34 36 64
123 124 64
33 127 128
33 36 64
32 34 64
32 33 64
122 154 128
122 156 128
31 129 64
31 32 64
31 38 64
13 21 64
13 25 64
13 19 64
12 98 64
12 14 64
11 12 64
10 98 64
10 14 64
10 13 64
9 132 64
9 98 64
8 19 64
8 10 64
8 125 64
8 9 64
7 44 64
7 42 64
6 127 64
6 7 64
5 7 64
4 137 64
3 148 128
3 107 128
3 5 64
3 4 64
2 137 64
2 127 64
1 4 64
1 5 64
1 6 64
1 2 64
14 25 64
14 15 64
16 18 64
16 20 64
16 17 64
17 125 64
17 19 64
18 23 64
18 21 64
18 19 64
119 135 64
20 33 128
20 147 128
20 23 64
21 22 64
21 24 64
22 28 64
22 27 64
22 23 64
24 28 64
24 26 64
24 25 64
25 133 64
27 29 64
27 31 64
120 121 64
28 30 64
28 29 64
121 139 64
121 138 64
29 129 64
29 115 64
60 68 64
60 63 64
61 65 64
61 63 64
62 65 64
63 72 64
63 64 64
64 119 64
64 69 64
64 65 64
65 66 64
66 69 64
66 77 64
67 100 64
67 68 64
68 72 64
68 71 64
69 135 64
69 79 64
70 73 64
70 72 64
70 71 64
71 100 64
72 119 64
73 119 64
73 74 64
74 163 256
74 99 128
74 135 64
75 77 64
76 78 64
76 77 64
77 79 64
78 116 64
78 80 64
78 79 64
80 99 64
80 82 64
81 99 64
81 122 64
81 82 64
82 116 64
82 87 64
83 85 64
84 85 64
84 90 64
85 96 64
85 86 64
87 122 64
87 101 64
89 95 64
89 92 64
89 93 64
89 90 64
90 134 64
90 96 64
91 101 128
91 93 64
91 92 64
92 134 64
93 94 64
94 95 64
95 118 64
95 96 64
96 97 64
100 164 256
101 116 64
102 153 256
102 110 64
102 112 64
102 103 64
103 108 64
103 104 64
104 106 64
104 139 64
105 155 128
105 120 64
105 128 64
105 106 64
106 121 64
106 108 64
107 151 128
108 128 64
108 112 64
109 126 64
109 112 64
109 113 64
109 110 64
110 124 64
111 128 64
111 144 64
111 126 64
111 112 64
113 124 64
113 117 64
113 114 64
