1 1600 1728
2 1664 1728
3 1536 1792
4 1600 1792
5 1536 1728
6 1600 1664
7 1536 1664
8 1984 1472
9 2048 1472
10 1984 1408
11 2048 1280
12 2048 1344
13 1920 1408
14 1984 1344
15 1984 1280
16 1856 1536
17 1920 1536
18 1856 1472
19 1920 1472
20 1792 1536
21 1856 1408
22 1792 1408
23 1792 1472
24 1856 1344
25 1920 1344
26 1856 1280
27 1728 1408
28 1792 1344
29 1728 1344
30 1792 1280
31 1664 1408
32 1664 1472
33 1664 1536
34 1600 1472
35 1536 1536
36 1600 1536
37 1536 1472
38 1600 1408
39 1600 1344
40 1536 1344
41 1600 1280
42 1472 1664
43 1472 1600
44 1536 1600
45 1408 1664
46 1408 1600
47 1472 1536
48 1344 1728
49 1408 1728
50 1344 1664
51 1280 1792
52 1344 1792
53 1280 1664
54 1280 1984
55 1280 2048
56 1216 1984
57 1280 1920
58 1152 2048
59 1216 2048
60 1152 1984
61 1216 1920
62 1280 1856
63 1152 1920
64 1152 1856
65 1216 1856
66 1216 1792
67 1088 2048
68 1088 1984
69 1152 1792
70 1024 1920
71 1024 1984
72 1088 1920
73 1024 1856
74 1024 1792
75 1280 1728
76 1216 1664
77 1216 1728
78 1152 1664
79 1152 1728
80 1088 1664
81 1024 1600
82 1088 1600
83 1536 1408
84 1472 1472
85 1472 1408
86 1472 1344
87 1088 1536
88 1536 1280
89 1344 1472
90 1408 1472
91 1280 1536
92 1344 1536
93 1280 1472
94 1280 1408
95 1344 1408
96 1408 1408
97 1408 1344
98 2048 1408
99 1024 1664
100 1024 2048
101 1152 1536
102 512 1536
103 512 1600
104 512 1664
105 384 1664
106 448 1664
107 1408 1792
108 448 1600
109 448 1472
110 512 1472
111 384 1536
112 448 1536
113 448 1408
114 448 1344
115 1728 1280
116 1152 1600
117 384 1408
118 1344 1344
119 1088 1856
120 384 1728
121 448 1728
122 1024 1536
123 512 1344
124 512 1408
125 1984 1536
126 384 1472
127 1664 1664
128 384 1600
129 1664 1344
130 768 1280
131 832 1280
132 2048 1536
133 1920 1280
134 1408 1536
135 1088 1792
136 1664 1280
137 1664 1792
138 448 1792
139 512 1728
140 512 1792
141 768 1216
142 896 1280
143 832 1216
144 320 1536
145 896 1216
146 1792 1792
147 1792 1664
148 1536 1920
149 1536 2048
150 1408 2048
151 1408 1920
152 896 1408
153 768 1536
154 896 1536
155 256 1664
156 1024 1408
157 1024 1280
158 768 1408
159 640 1280
160 2048 1792
161 2048 2048
162 1792 2048
163 768 1792
164 768 2048
