A
300
735 1223
1 47.0 64.0
2 48.0 64.0
3 48.0 63.0
4 47.0 63.0
5 48.0 62.0
6 46.0 64.0
7 47.0 62.0
8 45.0 64.0
9 46.0 63.0
10 44.0 64.0
11 45.0 63.0
12 44.0 63.0
13 45.0 61.0
14 46.0 61.0
15 46.0 60.0
16 45.0 62.0
17 44.0 61.0
18 45.0 60.0
19 46.0 59.0
20 45.0 59.0
21 46.0 58.0
22 44.0 60.0
23 44.0 58.0
24 45.0 58.0
25 43.0 63.0
26 44.0 62.0
27 42.0 62.0
28 43.0 62.0
29 43.0 61.0
30 42.0 61.0
31 43.0 60.0
32 42.0 60.0
33 46.0 53.0
34 46.0 54.0
35 45.0 53.0
36 46.0 52.0
37 45.0 54.0
38 44.0 53.0
39 44.0 54.0
40 45.0 52.0
41 47.0 49.0
42 48.0 49.0
43 47.0 48.0
44 45.0 50.0
45 46.0 50.0
46 46.0 49.0
47 46.0 62.0
48 45.0 49.0
49 44.0 49.0
50 44.0 50.0
51 45.0 48.0
52 44.0 48.0
53 44.0 52.0
54 41.0 56.0
55 42.0 56.0
56 42.0 54.0
57 42.0 55.0
58 40.0 56.0
59 40.0 55.0
60 41.0 55.0
61 41.0 54.0
62 42.0 53.0
63 42.0 52.0
64 41.0 53.0
65 43.0 52.0
66 44.0 51.0
67 43.0 51.0
68 42.0 51.0
69 43.0 50.0
70 39.0 64.0
71 40.0 64.0
72 40.0 62.0
73 40.0 63.0
74 38.0 64.0
75 39.0 63.0
76 38.0 63.0
77 39.0 62.0
78 46.0 48.0
79 40.0 61.0
80 39.0 61.0
81 40.0 60.0
82 39.0 60.0
83 38.0 61.0
84 37.0 64.0
85 36.0 63.0
86 36.0 64.0
87 37.0 63.0
88 37.0 62.0
89 36.0 62.0
90 38.0 62.0
91 37.0 61.0
92 36.0 61.0
93 37.0 60.0
94 39.0 58.0
95 40.0 58.0
96 40.0 57.0
97 39.0 57.0
98 38.0 58.0
99 38.0 60.0
100 38.0 59.0
101 38.0 57.0
102 36.0 58.0
103 37.0 58.0
104 37.0 57.0
105 36.0 57.0
106 37.0 56.0
107 36.0 56.0
108 36.0 59.0
109 36.0 60.0
110 35.0 59.0
111 34.0 60.0
112 35.0 60.0
113 35.0 57.0
114 34.0 58.0
115 35.0 58.0
116 34.0 57.0
117 35.0 56.0
118 34.0 59.0
119 33.0 59.0
120 32.0 60.0
121 33.0 60.0
122 38.0 56.0
123 39.0 56.0
124 39.0 55.0
125 38.0 55.0
126 39.0 54.0
127 38.0 54.0
128 40.0 54.0
129 40.0 53.0
130 42.0 63.0
131 47.0 44.0
132 48.0 44.0
133 48.0 43.0
134 48.0 42.0
135 43.0 64.0
136 47.0 42.0
137 46.0 44.0
138 46.0 43.0
139 47.0 43.0
140 15.0 58.0
141 16.0 58.0
142 47.0 36.0
143 47.0 37.0
144 15.0 57.0
145 6.0 56.0
146 6.0 57.0
147 9.0 55.0
148 10.0 55.0
149 14.0 57.0
150 13.0 60.0
151 14.0 60.0
152 13.0 59.0
153 14.0 59.0
154 5.0 56.0
155 5.0 57.0
156 12.0 58.0
157 12.0 59.0
158 37.0 33.0
159 37.0 34.0
160 13.0 58.0
161 14.0 58.0
162 13.0 57.0
163 13.0 56.0
164 15.0 56.0
165 16.0 56.0
166 44.0 40.0
167 44.0 41.0
168 16.0 55.0
169 16.0 54.0
170 16.0 49.0
171 16.0 50.0
172 12.0 57.0
173 15.0 52.0
174 16.0 52.0
175 41.0 46.0
176 42.0 46.0
177 14.0 56.0
178 48.0 48.0
179 12.0 54.0
180 13.0 54.0
181 14.0 62.0
182 15.0 62.0
183 13.0 53.0
184 12.0 53.0
185 12.0 51.0
186 13.0 51.0
187 16.0 51.0
188 15.0 51.0
189 13.0 55.0
190 14.0 55.0
191 14.0 52.0
192 26.0 46.0
193 26.0 47.0
194 14.0 51.0
195 14.0 50.0
196 5.0 54.0
197 6.0 54.0
198 14.0 49.0
199 0.0 52.0
200 1.0 52.0
201 38.0 33.0
202 39.0 33.0
203 12.0 49.0
204 13.0 49.0
205 0.0 48.0
206 0.0 49.0
207 12.0 48.0
208 11.0 56.0
209 12.0 56.0
210 12.0 55.0
211 16.0 57.0
212 11.0 55.0
213 18.0 49.0
214 18.0 50.0
215 14.0 61.0
216 45.0 39.0
217 46.0 39.0
218 11.0 53.0
219 1.0 53.0
220 1.0 54.0
221 15.0 55.0
222 5.0 55.0
223 7.0 55.0
224 8.0 55.0
225 34.0 34.0
226 34.0 35.0
227 11.0 52.0
228 10.0 52.0
229 10.0 53.0
230 9.0 56.0
231 10.0 56.0
232 37.0 39.0
233 37.0 40.0
234 15.0 54.0
235 12.0 52.0
236 11.0 51.0
237 39.0 34.0
238 39.0 35.0
239 15.0 59.0
240 36.0 35.0
241 37.0 35.0
242 10.0 51.0
243 17.0 39.0
244 17.0 40.0
245 17.0 56.0
246 8.0 50.0
247 9.0 50.0
248 9.0 48.0
249 9.0 49.0
250 41.0 41.0
251 41.0 42.0
252 46.0 38.0
253 47.0 38.0
254 6.0 64.0
255 7.0 64.0
256 6.0 63.0
257 7.0 63.0
258 6.0 62.0
259 7.0 62.0
260 6.0 55.0
261 20.0 51.0
262 21.0 51.0
263 44.0 59.0
264 7.0 60.0
265 7.0 61.0
266 25.0 47.0
267 46.0 41.0
268 46.0 42.0
269 13.0 50.0
270 5.0 63.0
271 34.0 41.0
272 34.0 42.0
273 45.0 34.0
274 45.0 35.0
275 4.0 64.0
276 5.0 64.0
277 11.0 54.0
278 15.0 60.0
279 15.0 61.0
280 4.0 62.0
281 5.0 62.0
282 7.0 59.0
283 8.0 59.0
284 7.0 58.0
285 8.0 58.0
286 47.0 50.0
287 48.0 50.0
288 44.0 42.0
289 45.0 42.0
290 12.0 60.0
291 10.0 50.0
292 6.0 59.0
293 6.0 60.0
294 6.0 58.0
295 33.0 39.0
296 33.0 40.0
297 13.0 48.0
298 33.0 36.0
299 33.0 37.0
300 2.0 56.0
301 3.0 56.0
302 16.0 39.0
303 16.0 40.0
304 39.0 37.0
305 40.0 37.0
306 11.0 50.0
307 4.0 56.0
308 4.0 57.0
309 3.0 61.0
310 4.0 61.0
311 4.0 60.0
312 46.0 34.0
313 47.0 34.0
314 2.0 62.0
315 3.0 62.0
316 2.0 61.0
317 3.0 60.0
318 1.0 62.0
319 1.0 61.0
320 36.0 36.0
321 21.0 54.0
322 21.0 55.0
323 40.0 41.0
324 40.0 42.0
325 0.0 61.0
326 0.0 60.0
327 1.0 57.0
328 2.0 57.0
329 1.0 58.0
330 8.0 54.0
331 9.0 54.0
332 16.0 63.0
333 16.0 64.0
334 22.0 54.0
335 23.0 54.0
336 8.0 60.0
337 36.0 34.0
338 32.0 38.0
339 33.0 38.0
340 7.0 54.0
341 2.0 52.0
342 2.0 53.0
343 8.0 53.0
344 7.0 53.0
345 7.0 52.0
346 13.0 62.0
347 13.0 63.0
348 44.0 38.0
349 44.0 39.0
350 6.0 52.0
351 6.0 53.0
352 12.0 50.0
353 5.0 52.0
354 4.0 54.0
355 22.0 55.0
356 22.0 56.0
357 4.0 53.0
358 5.0 53.0
359 8.0 52.0
360 36.0 39.0
361 20.0 53.0
362 21.0 53.0
363 4.0 52.0
364 6.0 49.0
365 6.0 50.0
366 6.0 48.0
367 5.0 48.0
368 17.0 54.0
369 17.0 55.0
370 4.0 50.0
371 5.0 50.0
372 4.0 58.0
373 5.0 58.0
374 5.0 49.0
375 10.0 54.0
376 10.0 48.0
377 4.0 49.0
378 4.0 55.0
379 0.0 58.0
380 20.0 54.0
381 20.0 55.0
382 3.0 55.0
383 42.0 45.0
384 2.0 55.0
385 19.0 50.0
386 20.0 50.0
387 47.0 33.0
388 48.0 33.0
389 3.0 54.0
390 2.0 60.0
391 8.0 49.0
392 7.0 56.0
393 8.0 56.0
394 0.0 55.0
395 0.0 56.0
396 11.0 26.0
397 12.0 26.0
398 3.0 52.0
399 42.0 43.0
400 42.0 44.0
401 3.0 53.0
402 1.0 56.0
403 17.0 50.0
404 0.0 57.0
405 39.0 38.0
406 40.0 38.0
407 35.0 37.0
408 35.0 38.0
409 37.0 59.0
410 45.0 36.0
411 4.0 48.0
412 14.0 54.0
413 1.0 60.0
414 36.0 32.0
415 37.0 32.0
416 10.0 24.0
417 10.0 25.0
418 10.0 26.0
419 21.0 58.0
420 21.0 59.0
421 14.0 48.0
422 39.0 36.0
423 40.0 36.0
424 10.0 49.0
425 9.0 25.0
426 9.0 26.0
427 1.0 48.0
428 38.0 39.0
429 39.0 39.0
430 0.0 51.0
431 1.0 51.0
432 38.0 32.0
433 39.0 32.0
434 46.0 40.0
435 2.0 54.0
436 37.0 36.0
437 12.0 27.0
438 8.0 48.0
439 8.0 26.0
440 8.0 27.0
441 10.0 27.0
442 11.0 27.0
443 18.0 55.0
444 18.0 56.0
445 38.0 34.0
446 45.0 38.0
447 16.0 61.0
448 41.0 37.0
449 42.0 37.0
450 32.0 36.0
451 41.0 45.0
452 45.0 43.0
453 45.0 44.0
454 8.0 25.0
455 9.0 27.0
456 9.0 28.0
457 10.0 28.0
458 22.0 53.0
459 16.0 62.0
460 13.0 52.0
461 0.0 53.0
462 0.0 54.0
463 9.0 24.0
464 14.0 53.0
465 12.0 62.0
466 12.0 63.0
467 34.0 40.0
468 1.0 49.0
469 21.0 52.0
470 22.0 52.0
471 8.0 24.0
472 40.0 43.0
473 41.0 43.0
474 17.0 49.0
475 4.0 63.0
476 36.0 40.0
477 34.0 38.0
478 1.0 55.0
479 46.0 36.0
480 0.0 62.0
481 19.0 49.0
482 20.0 49.0
483 12.0 28.0
484 23.0 57.0
485 24.0 57.0
486 2.0 58.0
487 41.0 44.0
488 32.0 34.0
489 33.0 34.0
490 22.0 59.0
491 40.0 39.0
492 42.0 40.0
493 43.0 40.0
494 35.0 41.0
495 36.0 41.0
496 42.0 64.0
497 1.0 50.0
498 20.0 56.0
499 21.0 56.0
500 12.0 61.0
501 48.0 37.0
502 15.0 50.0
503 38.0 36.0
504 38.0 37.0
505 38.0 35.0
506 11.0 28.0
507 35.0 42.0
508 36.0 42.0
509 2.0 49.0
510 24.0 48.0
511 25.0 48.0
512 0.0 50.0
513 36.0 33.0
514 42.0 41.0
515 42.0 42.0
516 40.0 32.0
517 40.0 33.0
518 15.0 63.0
519 22.0 50.0
520 22.0 51.0
521 32.0 37.0
522 36.0 38.0
523 39.0 40.0
524 40.0 40.0
525 46.0 35.0
526 22.0 58.0
527 23.0 58.0
528 44.0 35.0
529 44.0 36.0
530 13.0 61.0
531 6.0 61.0
532 19.0 48.0
533 20.0 48.0
534 44.0 44.0
535 2.0 48.0
536 40.0 44.0
537 45.0 41.0
538 42.0 39.0
539 43.0 39.0
540 38.0 40.0
541 44.0 34.0
542 2.0 50.0
543 27.0 46.0
544 2.0 51.0
545 45.0 40.0
546 40.0 34.0
547 16.0 59.0
548 13.0 64.0
549 14.0 64.0
550 39.0 45.0
551 40.0 45.0
552 16.0 60.0
553 25.0 46.0
554 12.0 64.0
555 42.0 38.0
556 14.0 63.0
557 36.0 37.0
558 8.0 28.0
559 15.0 64.0
560 20.0 59.0
561 24.0 58.0
562 8.0 61.0
563 34.0 37.0
564 18.0 40.0
565 24.0 46.0
566 24.0 47.0
567 27.0 48.0
568 28.0 48.0
569 26.0 48.0
570 27.0 47.0
571 40.0 46.0
572 48.0 38.0
573 28.0 46.0
574 28.0 47.0
575 48.0 36.0
576 41.0 38.0
577 16.0 48.0
578 17.0 48.0
579 38.0 38.0
580 48.0 34.0
581 18.0 48.0
582 23.0 53.0
583 23.0 56.0
584 18.0 54.0
585 21.0 50.0
586 41.0 36.0
587 20.0 52.0
588 42.0 36.0
589 23.0 52.0
590 34.0 39.0
591 24.0 52.0
592 24.0 53.0
593 24.0 54.0
594 20.0 58.0
595 20.0 60.0
596 21.0 60.0
597 32.0 35.0
598 33.0 35.0
599 22.0 60.0
600 24.0 56.0
601 22.0 57.0
602 35.0 36.0
603 35.0 40.0
604 36.0 43.0
605 47.0 35.0
606 48.0 32.0
607 36.0 44.0
608 44.0 43.0
609 34.0 36.0
610 32.0 39.0
611 32.0 40.0
612 41.0 40.0
613 40.0 35.0
614 37.0 38.0
615 35.0 43.0
616 38.0 44.0
617 38.0 45.0
618 39.0 44.0
619 43.0 38.0
620 46.0 32.0
621 46.0 33.0
622 47.0 32.0
623 48.0 35.0
624 46.0 37.0
625 48.0 60.0
626 48.0 54.0
627 48.0 52.0
628 44.0 56.0
629 46.0 56.0
630 48.0 56.0
631 48.0 58.0
632 48.0 46.0
633 44.0 46.0
634 46.0 46.0
635 48.0 40.0
636 42.0 48.0
637 44.0 32.0
638 26.0 44.0
639 10.0 12.0
640 10.0 14.0
641 48.0 20.0
642 48.0 22.0
643 24.0 62.0
644 24.0 64.0
645 42.0 26.0
646 44.0 26.0
647 36.0 18.0
648 36.0 20.0
649 0.0 64.0
650 40.0 24.0
651 40.0 26.0
652 42.0 24.0
653 18.0 52.0
654 8.0 16.0
655 10.0 16.0
656 2.0 64.0
657 32.0 32.0
658 26.0 60.0
659 26.0 62.0
660 8.0 14.0
661 24.0 60.0
662 34.0 32.0
663 12.0 14.0
664 34.0 24.0
665 34.0 26.0
666 22.0 48.0
667 12.0 24.0
668 8.0 12.0
669 30.0 48.0
670 50.0 22.0
671 52.0 22.0
672 12.0 16.0
673 24.0 50.0
674 42.0 30.0
675 42.0 32.0
676 44.0 28.0
677 44.0 30.0
678 50.0 20.0
679 12.0 12.0
680 42.0 28.0
681 32.0 24.0
682 24.0 44.0
683 24.0 42.0
684 36.0 26.0
685 36.0 28.0
686 40.0 28.0
687 38.0 20.0
688 40.0 20.0
689 36.0 24.0
690 40.0 18.0
691 26.0 64.0
692 28.0 60.0
693 28.0 62.0
694 28.0 64.0
695 32.0 26.0
696 32.0 28.0
697 40.0 30.0
698 34.0 28.0
699 38.0 18.0
700 44.0 24.0
701 48.0 24.0
702 50.0 24.0
703 52.0 64.0
704 52.0 56.0
705 52.0 48.0
706 52.0 40.0
707 52.0 32.0
708 32.0 64.0
709 52.0 36.0
710 20.0 64.0
711 8.0 32.0
712 12.0 32.0
713 28.0 36.0
714 16.0 24.0
715 16.0 28.0
716 16.0 16.0
717 20.0 16.0
718 8.0 8.0
719 32.0 20.0
720 32.0 16.0
721 16.0 12.0
722 52.0 60.0
723 16.0 32.0
724 28.0 32.0
725 52.0 52.0
726 48.0 28.0
727 8.0 64.0
728 48.0 16.0
729 24.0 24.0
730 0.0 32.0
731 0.0 16.0
732 0.0 8.0
733 0.0 24.0
734 0.0 0.0
735 8.0 0.0
734 735 8
732 734 8
731 732 8
731 733 8
730 733 8
719 720 4
718 732 8
716 721 4
716 717 4
715 723 4
714 716 8
714 729 8
714 715 4
711 730 8
711 712 4
701 726 4
701 702 2
700 701 4
696 698 2
695 696 2
694 708 4
691 694 2
688 690 2
687 699 2
687 688 2
686 697 2
685 686 4
685 698 2
684 689 2
684 685 2
682 683 2
681 729 8
681 719 4
681 695 2
680 686 2
676 726 4
676 680 2
676 677 2
674 677 2
674 697 2
674 680 2
674 675 2
672 716 4
670 702 2
670 678 2
670 671 2
668 718 4
667 714 4
665 684 2
665 695 2
665 698 2
664 689 2
664 681 2
664 665 2
663 679 2
663 672 2
660 668 2
659 691 2
659 693 2
658 692 2
658 661 2
658 659 2
657 696 4
657 724 4
657 662 2
655 672 2
654 731 8
654 660 2
654 655 2
652 700 2
651 686 2
650 688 4
650 689 4
650 652 2
650 651 2
649 656 2
648 689 4
648 719 4
648 687 2
647 648 2
646 676 2
646 700 2
645 680 2
645 651 2
645 652 2
645 646 2
644 710 4
644 691 2
643 659 2
643 661 2
643 644 2
642 701 2
642 670 2
641 728 4
641 678 2
641 642 2
640 663 2
640 655 2
640 660 2
639 668 2
639 679 2
639 640 2
638 682 2
637 675 2
637 677 2
635 706 4
633 634 2
632 634 2
630 704 4
630 631 2
629 630 2
628 629 2
627 725 4
626 630 2
626 627 2
625 722 4
625 631 2
620 637 2
620 622 1
620 621 1
616 618 1
616 617 1
607 616 2
606 726 4
606 707 4
606 622 1
605 623 1
604 615 1
604 607 1
602 609 1
599 661 2
597 598 1
596 599 1
595 710 4
595 596 1
593 600 2
592 593 1
591 673 2
591 592 1
589 591 1
587 653 2
586 588 1
584 653 2
583 600 1
582 592 1
582 589 1
580 623 1
579 614 1
578 581 1
577 578 1
575 709 4
575 623 1
573 574 1
572 635 2
570 574 1
568 669 2
568 574 1
567 569 1
567 570 1
567 568 1
565 682 2
565 566 1
563 609 1
561 661 2
560 595 1
560 594 1
558 711 4
555 619 1
555 576 1
554 727 4
553 565 1
552 595 4
551 571 1
550 618 1
550 551 1
549 559 1
549 556 1
548 554 1
548 549 1
547 552 1
546 613 1
543 573 1
543 570 1
542 544 1
256 258 1
256 270 1
256 257 1
254 276 1
254 256 1
254 255 1
253 572 1
252 624 1
252 446 1
252 253 1
251 324 1
251 473 1
251 515 1
250 323 1
250 612 1
250 514 1
250 251 1
249 424 1
249 391 1
248 438 1
248 376 1
248 249 1
247 291 1
247 249 1
246 359 2
246 365 2
246 391 1
246 247 1
245 369 1
245 444 1
244 303 1
244 564 1
243 244 1
242 291 1
241 436 1
241 505 1
240 337 1
240 320 1
240 241 1
239 547 1
239 278 1
238 613 1
238 505 1
238 422 1
237 445 1
237 546 1
237 238 1
236 306 1
236 242 1
235 460 1
234 412 1
233 540 1
233 476 1
232 614 1
232 360 1
232 428 1
232 233 1
230 393 1
230 231 1
229 375 1
228 359 2
228 242 1
228 229 1
227 236 1
227 228 1
227 235 1
226 609 1
226 598 1
225 662 2
225 337 2
225 489 1
225 226 1
224 330 1
224 393 1
223 392 1
223 340 1
223 260 1
223 224 1
222 378 1
222 260 1
221 234 1
220 462 1
220 478 1
220 435 1
219 461 1
219 342 1
219 220 1
218 229 1
218 277 1
218 227 1
217 252 1
217 434 1
216 446 1
216 545 1
216 349 1
216 217 1
215 530 1
215 279 1
214 653 2
214 385 1
214 403 1
213 481 1
213 581 1
213 474 1
213 214 1
212 277 1
210 212 1
209 210 1
208 231 1
208 212 1
208 209 1
207 376 2
207 297 1
206 468 1
206 512 1
205 730 16
205 427 1
205 206 1
204 297 1
204 269 1
203 352 1
203 207 1
203 204 1
202 237 1
202 433 1
202 517 1
201 445 1
201 432 1
201 202 1
200 219 1
200 431 1
200 341 1
199 461 1
199 430 1
199 200 1
198 421 1
198 204 1
197 260 1
197 351 1
197 340 1
196 358 1
196 354 1
196 222 1
196 197 1
195 502 1
195 269 1
195 198 1
194 195 1
193 569 1
193 570 1
193 266 1
192 638 2
192 553 1
192 543 1
192 193 1
191 194 1
191 460 1
191 464 1
190 412 1
190 221 1
189 210 1
189 190 1
188 502 1
188 194 1
187 188 1
186 460 1
186 269 1
186 194 1
185 236 1
185 235 1
185 352 1
185 186 1
184 235 1
184 218 1
183 464 1
183 460 1
183 184 1
182 279 1
182 518 1
182 459 1
181 556 1
181 346 1
181 215 1
181 182 1
180 189 1
180 412 1
180 183 1
179 277 1
179 184 1
179 210 1
179 180 1
178 705 4
178 632 2
177 190 1
176 633 2
176 636 2
176 383 1
175 571 1
175 451 1
175 176 1
174 653 2
174 187 1
173 188 1
173 191 1
173 174 1
172 209 1
171 502 1
171 403 1
171 187 1
170 474 1
170 577 1
170 171 1
169 174 2
169 368 1
169 234 1
168 369 1
168 221 1
168 169 1
167 288 1
167 537 1
166 545 1
166 493 1
166 349 1
166 167 1
165 245 1
165 211 1
165 168 1
164 221 1
164 177 1
164 165 1
163 189 1
163 209 1
163 177 1
162 172 1
162 163 1
160 162 1
160 161 1
159 241 1
159 337 1
159 445 1
158 415 1
158 201 1
158 513 1
158 159 1
157 290 1
156 172 1
156 160 1
156 157 1
155 373 1
155 308 1
154 307 1
154 222 1
154 155 1
153 161 1
153 239 1
152 160 1
152 157 1
152 153 1
151 153 1
151 278 1
151 215 1
150 530 1
150 152 1
150 290 1
150 151 1
149 177 1
149 162 1
149 161 1
148 375 1
148 231 1
148 212 1
147 224 1
147 331 1
147 230 1
147 148 1
146 155 1
146 294 1
145 392 1
145 260 1
145 154 1
145 146 1
144 211 1
144 164 1
144 149 1
143 624 1
143 253 1
143 501 1
142 605 1
142 479 1
142 575 1
142 143 1
141 211 1
141 547 1
140 239 1
140 161 1
140 144 1
140 141 1
138 268 1
138 452 1
138 139 1
137 634 2
137 453 1
137 138 1
136 268 1
136 139 1
135 496 1
134 635 2
134 136 1
133 139 1
133 134 1
132 632 2
132 133 1
131 139 1
131 137 1
131 132 1
130 496 1
128 129 1
59 124 1
59 128 1
59 60 1
58 59 1
58 123 1
58 96 1
57 60 1
56 62 1
56 61 1
56 57 1
55 628 2
55 57 1
54 60 1
54 58 1
54 55 1
53 66 1
53 65 1
52 636 2
52 633 2
51 52 1
51 78 1
50 69 1
50 66 1
49 52 1
49 50 1
48 51 1
48 49 1
46 78 1
46 48 1
45 286 1
45 46 1
44 48 1
44 50 1
44 45 1
43 78 1
43 178 1
42 178 1
42 287 1
41 286 1
41 46 1
41 43 1
41 42 1
40 53 1
39 628 2
39 56 2
38 53 1
38 39 1
37 39 1
36 45 2
36 627 2
36 40 1
35 40 1
35 38 1
35 37 1
34 629 2
34 626 2
34 37 1
33 36 1
33 35 1
33 34 1
32 81 2
31 32 1
30 32 1
13 18 1
13 17 1
13 16 1
13 14 1
12 26 1
12 25 1
11 16 1
11 12 1
10 12 1
10 135 1
9 47 1
9 11 1
8 11 1
8 10 1
7 47 1
6 9 1
6 8 1
5 625 2
5 7 1
4 9 1
4 7 1
3 5 1
3 4 1
2 703 4
2 3 1
1 4 1
1 6 1
1 2 1
14 47 1
14 15 1
15 625 2
15 19 1
15 18 1
16 26 1
16 47 1
17 29 1
17 22 1
17 26 1
18 20 1
18 22 1
19 21 1
19 20 1
20 24 1
20 263 1
21 629 2
21 631 2
21 24 1
22 31 1
22 263 1
23 628 2
23 263 1
23 24 1
25 28 1
25 135 1
25 130 1
26 28 1
27 72 2
27 130 1
27 30 1
27 28 1
28 29 1
29 30 1
29 31 1
60 61 1
61 128 1
61 64 1
62 64 1
62 63 1
63 65 1
65 67 1
66 67 1
67 69 1
67 68 1
70 75 1
70 74 1
70 71 1
71 496 2
71 73 1
72 79 1
72 77 1
72 73 1
73 75 1
74 76 1
74 84 1
75 77 1
75 76 1
76 87 1
76 90 1
77 90 1
77 80 1
78 634 2
79 81 1
79 80 1
80 82 1
80 83 1
81 95 2
81 82 1
82 99 1
83 90 1
83 99 1
83 91 1
84 86 1
84 87 1
85 89 1
85 87 1
85 86 1
86 708 4
87 88 1
88 91 1
88 89 1
88 90 1
89 92 1
91 93 1
91 92 1
92 109 1
93 409 1
93 109 1
93 99 1
94 97 1
94 98 1
94 95 1
95 96 1
96 97 1
97 101 1
97 123 1
98 103 1
98 101 1
98 100 1
99 100 1
100 409 1
101 104 1
101 122 1
102 115 1
102 105 1
102 108 1
102 103 1
103 409 1
103 104 1
104 106 1
104 105 1
105 107 1
105 113 1
106 122 1
106 107 1
108 409 1
108 110 1
108 109 1
109 112 1
110 115 1
110 118 1
110 112 1
111 121 1
111 118 1
111 112 1
113 115 1
113 117 1
113 116 1
114 118 1
114 115 1
118 119 1
119 121 1
120 708 4
120 121 1
122 125 1
122 123 1
123 124 1
124 126 1
124 125 1
125 127 1
126 128 1
258 531 1
258 281 1
258 259 1
259 265 1
261 386 1
261 587 1
261 262 1
262 520 1
262 585 1
262 469 1
264 293 1
264 282 1
264 336 1
264 265 1
265 562 1
265 531 1
266 511 1
266 566 1
266 553 1
267 537 1
267 434 1
267 268 1
268 289 1
269 352 1
270 475 1
270 276 1
270 281 1
271 494 1
271 467 1
271 272 1
272 507 1
273 312 1
273 541 1
273 274 1
274 525 1
274 528 1
274 410 1
275 656 2
275 475 1
275 276 1
277 375 1
278 552 1
278 279 1
279 447 1
280 475 1
280 315 1
280 310 1
280 281 1
282 292 1
282 284 1
282 283 1
283 336 1
283 285 1
284 294 1
284 285 1
285 393 2
286 287 1
287 627 2
288 515 2
288 608 1
288 289 1
289 452 1
289 537 1
290 336 4
290 500 1
291 306 1
291 424 1
292 294 1
292 293 1
293 311 2
293 531 1
294 373 1
295 610 1
295 590 1
295 339 1
295 296 1
296 467 1
296 611 1
297 421 1
298 609 1
298 450 1
298 598 1
298 299 1
299 563 1
299 521 1
299 339 1
300 384 1
300 402 1
300 328 1
300 301 1
301 307 1
301 382 1
302 303 1
303 577 8
304 504 1
304 405 1
304 422 1
304 305 1
305 448 1
305 406 1
305 423 1
306 352 1
307 378 1
307 308 1
308 372 1
309 315 1
309 317 1
309 316 1
309 310 1
310 311 1
311 372 2
311 317 1
312 621 1
312 525 1
312 313 1
313 605 1
313 387 1
313 580 1
314 316 1
314 656 2
314 318 1
314 315 1
316 390 1
316 319 1
317 390 1
318 480 1
318 319 1
319 413 1
319 325 1
320 557 1
320 602 1
320 436 1
321 334 1
321 380 1
321 362 1
321 322 1
322 499 1
322 381 1
322 355 1
323 524 1
323 324 1
324 472 1
325 480 1
325 326 1
326 379 2
326 413 1
327 404 1
327 402 1
327 329 1
327 328 1
328 486 1
329 486 1
329 379 1
330 343 1
330 340 1
330 331 1
331 375 1
332 518 1
332 459 1
332 333 1
333 710 4
333 559 1
334 355 1
334 458 1
334 335 1
335 593 1
335 582 1
336 562 1
337 513 1
338 610 1
338 521 1
338 339 1
339 477 1
340 344 1
341 544 1
341 398 1
341 342 1
342 435 1
342 401 1
343 344 1
343 359 1
344 351 1
344 345 1
345 350 1
345 359 1
346 465 1
346 530 1
346 347 1
347 556 1
347 548 1
347 466 1
348 529 2
348 619 1
348 446 1
348 349 1
349 539 1
350 365 2
350 353 1
350 351 1
351 358 1
353 358 1
353 363 1
354 357 1
354 389 1
354 378 1
355 356 1
356 499 1
356 583 1
356 601 1
357 401 1
357 363 1
357 358 1
360 476 1
360 522 1
361 587 1
361 380 1
361 362 1
362 458 1
362 469 1
363 370 2
363 398 1
364 374 1
364 366 1
364 365 1
365 371 1
366 438 2
366 367 1
367 374 1
367 411 1
368 584 1
368 369 1
369 443 1
370 542 2
370 377 1
370 371 1
371 374 1
372 486 2
372 373 1
374 377 1
376 424 1
377 411 1
378 382 1
379 404 1
380 584 2
380 381 1
381 498 1
382 389 1
382 384 1
383 451 1
383 400 1
384 478 1
384 435 1
385 481 1
385 386 1
386 585 1
386 482 1
387 621 1
387 622 1
387 388 1
388 580 1
388 606 1
389 401 1
389 435 1
390 486 2
390 413 1
391 438 1
392 393 1
394 478 1
394 462 1
394 395 1
395 404 1
395 402 1
396 442 1
396 418 1
396 397 1
397 667 2
397 437 1
398 401 1
399 515 1
399 473 1
399 400 1
400 534 2
400 487 1
402 478 1
403 474 1
405 429 1
405 579 1
405 406 1
406 576 1
406 491 1
407 563 1
407 602 1
407 557 1
407 408 1
408 477 1
408 522 1
410 529 1
410 479 1
411 535 2
412 464 1
414 685 4
414 513 1
414 662 2
414 415 1
415 432 1
416 667 2
416 463 1
416 417 1
417 425 1
417 418 1
418 426 1
418 441 1
419 526 1
419 594 1
419 420 1
420 596 1
420 560 1
420 490 1
421 577 2
422 503 1
422 423 1
423 613 1
423 586 1
425 463 1
425 454 1
425 426 1
426 455 1
426 439 1
427 535 1
427 468 1
428 540 1
428 579 1
428 429 1
429 523 1
429 491 1
430 512 1
430 431 1
431 544 1
431 497 1
432 433 1
433 516 1
434 635 2
434 545 1
436 503 1
437 483 1
437 442 1
439 454 1
439 440 1
440 558 1
440 455 1
441 457 1
441 455 1
441 442 1
442 506 1
443 584 1
443 444 1
444 498 2
445 505 1
447 459 1
447 552 1
448 576 1
448 586 1
448 449 1
449 588 1
449 555 1
450 713 4
450 597 1
450 521 1
451 551 1
451 487 1
452 608 1
452 453 1
453 534 1
454 471 1
455 456 1
456 558 1
456 457 1
457 506 1
458 582 1
458 470 1
461 462 1
463 471 1
465 500 1
465 466 1
466 554 1
467 603 1
467 590 1
468 497 1
468 509 1
469 587 1
469 470 1
470 589 1
470 520 1
471 733 8
471 654 8
472 536 1
472 473 1
473 487 1
474 578 1
476 603 1
476 495 1
477 590 1
477 563 1
479 624 1
479 525 1
480 649 2
481 532 1
481 482 1
482 533 1
483 715 4
483 712 4
483 506 1
484 601 1
484 583 1
484 527 1
484 485 1
485 561 1
487 536 1
488 657 2
488 597 1
488 489 1
489 598 1
490 599 1
490 526 1
491 524 1
492 612 1
492 538 1
492 514 1
492 493 1
493 539 1
494 507 1
494 603 1
494 495 1
495 508 1
497 542 1
497 512 1
498 594 2
498 499 1
500 530 1
501 575 1
501 572 1
503 505 1
503 504 1
504 579 1
507 615 1
507 508 1
508 604 1
509 542 1
509 535 1
510 666 2
510 673 2
510 566 1
510 511 1
511 569 1
514 515 1
516 675 2
516 697 2
516 517 1
517 546 1
518 559 1
518 556 1
519 673 2
519 666 2
519 585 1
519 520 1
522 614 1
522 557 1
523 540 1
523 524 1
524 612 1
525 605 1
526 601 1
526 527 1
527 561 1
528 541 1
528 529 1
529 588 2
532 581 1
532 533 1
533 666 2
534 633 2
534 608 1
536 551 1
536 618 1
537 545 1
538 555 1
538 539 1
539 619 1
541 637 2
5
73 71 2 2 3
400 63 1 3
247 38 1 1
726 86 2 2 3
105 85 2 1 2
251
1 3 1283 260 0.9985008952963814 0.02547870907022268 0
14 21 0 22 367407 46 496566 71 715572 95 640609 120 1005661 144 820938 169 821873 193 1153775 218 2459206 242 2263245 267 1431982 291 1728367 292 0
0
2 2 1003 362 0.9955125976921921 0.13728987459217923 0
11 54 0 55 1438899 79 1682430 103 1280232 128 1675911 152 1113306 176 1186362 201 1468411 225 1702466 249 1522535 250 0
1 1
3 1 1431 495 0.998997312875923 0.10932372550036627 0
13 28 0 29 728714 54 746512 79 805659 104 962460 129 1237613 155 1933989 180 1610041 205 1579107 230 1568329 255 1300422 280 1505717 281 0
0
4 3 579 459 0.9974173839176786 0.07677794972588262 0
11 46 0 47 995354 72 1714590 97 1913342 122 1522498 147 1977363 172 2030319 197 1581441 222 1473097 247 750793 248 0
0
5 2 620 488 0.9845042470403058 0.04385006351061119 0
9 82 0 83 677065 109 1552616 136 1242206 162 933421 188 1575316 215 1111728 241 641657 242 0
1 4
6 2 501 384 0.9830644614275699 0.11051754907094564 0
9 14 0 15 1566430 41 2216474 68 1836929 95 1378045 121 1061974 147 1224102 174 1045943 175 0
1 4
7 2 532 538 0.9847750184588051 0.048037800051294446 0
12 40 0 41 1682605 65 2431885 88 1926482 112 1600365 135 2165528 159 1338798 182 1335063 206 1782568 229 1672889 253 1556697 254 0
0
8 1 517 311 0.9800244596953417 0.07977713099107756 0
10 55 0 56 1689290 79 1378087 103 1665186 126 2221010 149 2069105 172 2023110 196 1911181 219 2022137 220 0
1 7
9 1 1058 265 0.9862075403410291 0.023437812175504412 0
13 12 0 13 383121 39 347649 65 507687 91 751955 117 1080703 143 986323 170 1328216 196 1173624 222 1307143 248 1733849 274 1170666 275 0
0
10 1 1412 208 0.9896318542445424 0.10702041454591314 0
14 15 0 16 804059 41 800143 66 826560 91 748659 116 1284552 141 1706269 167 2357937 192 1769439 217 1244408 242 744408 267 930648 292 745718 293 0
1 9
11 3 948 532 0.9928676372292554 0.031396248217193695 0
14 9 0 10 2923823 35 2705068 60 1825837 85 1095006 110 672988 135 466836 161 297835 186 616822 211 464748 236 586590 261 672387 286 563994 287 0
1 9
12 1 959 150 0.9943910954057446 0.11043103986331095 0
13 8 0 9 1620433 35 2050610 61 2394840 87 978708 113 949926 139 1563831 166 1835093 192 1916004 218 1630617 244 2477056 270 2367595 271 0
3 9 10 11
13 3 592 371 0.9968005289366503 0.016969366946539177 0
7 92 0 93 2763482 118 822338 143 1054450 169 1118106 194 949454 195 0
0
14 1 650 66 0.9850058154964423 0.0709274780124169 0
15 8 0 9 398415 33 365332 57 483644 81 694298 105 426500 129 485174 153 564003 176 866194 200 1676660 224 2461894 248 2897993 272 3511838 296 2532891 297 0
1 13
15 2 805 184 0.9996004963700064 0.06880781143118152 0
9 34 0 35 2413618 60 3188547 85 2436797 111 1511032 136 878308 161 653601 186 687154 187 0
1 13
16 1 1025 688 0.986892088674581 0.05545729900602507 0
7 161 0 162 1641731 189 1333248 217 991293 245 915940 272 1041295 273 0
2 13 14
17 1 679 85 0.9828545636521262 0.03061822853503559 0
9 144 0 145 2082322 168 930471 191 2226044 213 1509841 236 1755822 259 2016032 282 1918798 283 0
0
18 3 710 657 0.9888084159064893 0.01645590880818969 0
8 32 0 33 2330859 59 1199644 84 1131929 110 1392882 135 1072328 161 757689 162 0
0
19 2 591 714 0.997721130691622 0.11631509852169869 0
7 143 0 144 1079244 171 1309549 199 1609033 226 2393719 253 2841906 254 0
1 18
20 2 699 578 0.9850273832082362 0.07894252608319705 0
10 18 0 19 1044224 42 1706140 65 1851233 88 943349 112 795363 135 770621 158 497094 181 993641 182 0
2 18 19
21 2 1060 140 0.9897982526664038 0.015931582510335884 0
12 68 0 69 342270 94 446445 119 811029 145 580835 170 740038 195 1047861 220 1879063 246 2976709 271 3146562 296 3000901 297 0
2 18 20
22 1 603 169 0.995025683496412 0.07651996213547742 0
13 11 0 12 693418 37 879861 61 712484 86 919505 110 902128 135 1822743 160 1576808 184 1988933 209 3522746 233 2503089 258 1767138 259 0
0
23 1 938 156 0.9861260174747217 0.06236718404805383 0
15 3 0 4 560067 29 592669 53 808166 78 885803 103 993783 127 1039198 152 1147247 177 1194867 201 1987012 226 3948962 251 2697890 275 2189627 300 3389135 301 0
0
24 3 1167 549 0.9899731651250135 0.008219615554206793 0
8 7 0 8 2071500 35 1202337 62 1150474 88 994461 115 840358 142 2065253 143 0
0
25 3 748 654 0.9999023343106023 0.05445064646440121 0
11 2 0 3 2211097 27 2200448 51 2550229 74 1511805 98 1369728 122 1159162 145 550432 169 381155 193 291031 194 0
1 24
26 2 690 589 0.9847073214238831 0.03575866445936434 0
8 2 0 3 1396208 25 1550983 48 948956 70 1031770 93 1194430 115 1813193 116 0
2 24 25
27 3 1064 273 0.9995583739284786 0.029808986420564412 0
10 9 0 10 164137 33 223685 57 338049 80 339430 104 881981 127 830916 151 1266789 174 2397339 175 0
3 24 25 26
28 3 1028 612 0.9883928742334932 0.04260986125435798 0
12 0 0 1 1077927 26 1073729 51 1330596 77 1475233 102 1623934 127 1061458 152 1113762 178 2779693 203 2087797 228 1682870 229 0
0
29 1 891 11 0.9958994989075756 0.010738613901834388 0
13 35 0 36 1316604 62 899123 88 800453 114 937109 140 999874 166 1130777 192 2165202 218 2665627 244 1436976 270 1975971 296 1233775 297 0
1 28
30 2 1194 114 0.9936712214366562 0.12790281031533812 0
7 133 0 134 748941 159 837821 184 1287042 209 893633 234 1346055 235 0
1 28
31 2 998 420 0.9996039461959989 0.009413906259958527 0
12 41 0 42 1204315 66 1284061 90 1438342 115 1671633 139 1760744 163 1712691 187 1644327 212 1435515 236 1651084 260 1642508 261 0
0
32 1 590 682 0.9863173740247868 0.1487666702942059 0
9 32 0 33 475273 59 510000 86 787964 112 802794 138 1116557 165 1665255 191 3003895 192 0
0
33 1 921 735 0.9943354571722377 0.12916754277039894 0
11 22 0 23 758488 49 867600 75 1069723 101 1703837 127 1518181 153 2173038 179 1828836 205 1048862 231 604998 232 0
1 32
34 2 1477 244 0.9997608873645023 0.07448173149964436 0
12 1 0 2 741567 28 1111885 54 1199804 80 1152291 106 1706936 132 2337390 158 1947608 184 2673075 210 2397492 236 1527717 237 0
0
35 1 844 319 0.9890531948430701 0.01700368280954089 0
8 71 0 72 864976 99 1510383 126 1782852 152 1941183 179 2038006 206 1877291 207 0
1 34
36 3 1278 221 0.9837631861587295 0.02594291540993421 0
14 6 0 7 982727 33 1440209 59 1080253 85 1214858 111 1304618 137 1936746 162 1272885 188 1359624 214 2006822 240 2687679 266 2677455 292 3707097 293 0
0
37 2 972 402 0.9845904896645459 0.07043690071470417 0
10 94 0 95 2486760 118 2351243 142 1119475 165 701270 188 638462 211 655005 235 639917 258 541485 259 0
1 36
38 1 1025 169 0.994753983089535 0.08725737382908708 0
11 42 0 43 861530 69 1529597 95 1758658 121 2559204 147 2155545 173 1685036 199 1350825 225 2249846 251 1801773 252 0
0
39 3 1104 242 0.983139091107946 0.06856730054460218 0
13 34 0 35 3641791 59 2378552 83 2309303 108 1864539 132 1707959 156 1274387 180 1354867 204 1417974 229 1297535 253 1391835 277 1428328 278 0
0
40 1 944 631 0.9933705708492409 0.10089616613005103 0
13 23 0 24 2432764 49 1251157 75 1558811 100 1321272 125 1364311 151 1828990 176 1538154 201 1490249 226 2178126 252 2190510 277 3020438 278 0
0
41 2 1053 191 0.9817748712595032 0.10285533695787166 0
14 8 0 9 2334553 35 1485711 61 1014312 86 1379636 112 1026402 138 1438204 164 1330126 190 1700361 216 1596443 241 1440516 267 649839 293 650909 294 0
1 40
42 3 1305 719 0.9811075291877474 0.10330073749209362 0
13 41 0 42 671667 66 1155846 89 1060996 113 1534902 137 2333781 161 1769209 184 1483631 208 2029199 232 1749080 255 2149006 279 3026452 280 0
1 40
43 1 728 472 0.98018311722791 0.0248987466277938 0
10 99 0 100 2310764 126 1862597 153 1561417 179 1236928 205 1298989 231 1013956 258 1161231 284 1040837 285 0
1 40
44 1 539 3 0.9955158664229412 0.03738783238959641 0
12 40 0 41 1701345 66 1143244 91 1180764 116 1185950 141 1289122 165 1315865 190 1200143 215 977930 240 1346105 265 900433 266 0
0
45 3 1068 360 0.9883934255326512 0.11971322114744856 0
12 47 0 48 694773 72 841013 96 1009647 120 771663 144 1086695 169 1634391 193 1285137 217 1117778 241 789793 265 564768 266 0
2 44 47
46 3 1239 340 0.999150928215422 0.10645775966887222 0
15 1 0 2 1381511 26 2709821 50 1529937 74 2468664 98 1956252 122 1785900 147 1616726 171 2052094 195 1654709 219 1187430 243 1259616 267 1294764 291 1537836 292 0
2 44 45
47 1 564 84 0.9965178163447551 0.06553056010228066 0
12 74 0 75 1952475 100 2525453 125 2529374 149 2719670 174 1944339 199 2080473 224 1165511 248 1075132 273 954329 298 1534991 299 0
0
48 2 547 101 0.9995033655238135 0.12952289880690288 0
9 75 0 76 1317864 100 1451962 124 817231 147 922885 171 723481 195 859617 219 2097378 220 0
0
49 3 601 379 0.9873117122335974 0.04355233032621969 0
13 25 0 26 1067725 51 1740440 77 1361015 102 1279243 127 1874554 153 1550858 178 1648754 203 1309230 228 2300514 254 2963357 279 1516047 280 0
1 48
50 3 1139 363 0.9851417446187393 0.10346242534865982 0
13 12 0 13 2098117 39 1405298 64 1135087 89 847523 115 1104656 141 1406198 166 1925589 191 1340999 217 1202568 243 1287613 268 1243806 269 0
2 48 49
51 2 740 1 0.9849810973454727 0.03252786395719786 0
8 6 0 7 1031800 34 926165 61 2030490 88 1532005 115 1106493 142 1172364 143 0
0
52 1 1425 217 0.9973520446505968 0.13892288998930744 0
11 83 0 84 1778507 109 1395266 135 939429 160 606394 185 1051560 211 991427 236 1468556 262 1786030 287 2218870 288 0
1 51
53 3 1124 476 0.9860307292123041 0.029030201822330962 0
13 13 0 14 713421 39 1044162 64 424683 90 346709 115 781145 140 1251990 165 1238855 190 1727287 216 2991050 241 3174512 266 2674135 267 0
0
54 2 1264 63 0.9984724366921572 0.06027186026830256 0
10 97 0 98 593835 122 697523 146 769483 170 956234 194 1270262 218 1407194 242 1322290 266 1311967 267 0
1 53
55 3 1061 654 0.9828494708142752 0.07278709498228145 0
8 156 0 157 1927301 181 1364750 205 1179404 229 1393170 253 1840327 277 2148148 278 0
2 53 54
56 1 1362 572 0.9809127241191355 0.022051214758935227 0
14 18 0 19 524769 43 656635 67 1099260 91 1989547 115 2349293 139 2406241 163 2339154 187 1994327 211 2205429 235 1648045 259 2461822 283 1415371 284 0
1 54
57 2 1291 729 0.9999839967900003 0.12165992725292248 0
11 44 0 45 1207250 70 1229330 95 1093791 120 1345507 145 1560941 169 2141702 194 1562475 219 1216116 244 995876 245 0
0
58 1 727 104 0.9968607740369391 0.03642970832689328 0
8 68 0 69 1668698 94 1495193 119 1362003 143 1156767 168 867401 193 944038 194 0
1 57
59 2 1381 693 0.998670709938078 0.11719120161521655 0
8 168 0 169 681911 191 982489 214 1313187 236 909751 259 765845 281 1221875 282 0
0
60 3 849 673 0.9889812413798933 0.021571748813900414 0
8 67 0 68 2491172 91 2082132 114 1025877 136 794871 159 815078 182 823572 183 0
0
61 2 854 351 0.9924942199825865 0.004458774702109825 0
10 51 0 52 429281 75 758538 99 1133909 122 1272821 145 1349062 168 1929328 192 2975238 215 2683849 216 0
1 60
62 1 1075 336 0.9967319587266885 0.05030942532181396 0
12 64 0 65 1139221 89 1031614 112 1134668 136 811768 160 1365013 183 1251375 207 1283132 231 2160776 254 3313141 278 2576209 279 0
0
63 1 828 569 0.9826071037553082 0.07131933136707885 0
15 2 0 3 1411254 28 1459470 53 985707 77 1710536 102 1502667 127 1751841 151 2042600 176 1712523 201 1151171 226 1073955 251 637340 275 901502 300 805923 301 0
1 62
64 1 979 349 0.9936684876813036 0.14170909779842686 0
12 27 0 28 359433 52 829909 75 1190278 99 1579258 122 1147523 146 1180458 169 1334967 193 1473025 216 1110036 240 777318 241 0
0
65 1 1411 61 0.9890124121403101 0.06889573956685804 0
7 45 0 46 2431756 71 1601125 95 965498 120 1728950 145 1435589 146 0
1 64
66 3 1336 622 0.9963290060868291 0.1029882618708737 0
14 3 0 4 2622231 30 1917009 56 2161862 82 2347200 108 1619685 134 1799584 159 2078135 185 1064539 211 1771008 237 1637389 263 1249986 289 1826352 290 0
0
67 1 684 373 0.9842668849717656 0.0056947697877162695 0
10 81 0 82 1525446 107 1248745 132 1720483 157 1689539 183 1167703 208 2390829 233 2389870 258 2449426 259 0
1 66
68 2 885 137 0.9939145590607957 0.0911254589128604 0
12 45 0 46 1603407 70 1436514 95 1797524 119 1687750 143 1591129 168 1092777 192 1405021 216 1460422 241 1269309 265 846531 266 0
1 67
69 2 705 668 0.9802209077501252 0.008066769038246551 0
9 127 0 128 875149 151 838116 174 1089780 197 1211521 220 1039080 243 987558 266 1844612 267 0
0
70 3 1008 536 0.9823938591369282 0.07076207913310661 0
9 111 0 112 1170146 135 1145717 159 908229 182 870056 205 1002530 229 1007434 252 1225862 253 0
1 69
71 3 1349 447 0.9825650788952157 0.08745052742845551 0
12 53 0 54 542548 79 376491 105 810421 130 1046844 155 1049115 181 1842514 206 1243560 231 1544693 257 1820792 282 1608795 283 0
0
72 3 986 56 0.9858088594985294 0.12439313011528529 0
8 110 0 111 1532169 135 1573324 159 1575416 182 1447890 206 1768575 230 3294672 231 0
1 71
73 3 699 697 0.9959974632059483 0.015870887612811583 0
8 77 0 78 1451603 101 1287096 123 1884748 146 1656635 168 2070475 191 2761824 192 0
0
74 1 966 395 0.9942129265387457 0.14070679198956867 0
12 19 0 20 525143 44 442460 68 698597 91 1423171 115 2463038 139 1431750 163 2108757 186 1854107 210 2588400 234 2678915 235 0
0
75 1 1346 539 0.9938782712771895 0.036078085142164144 0
12 3 0 4 1906743 29 2027205 55 926281 80 1616152 106 1327377 131 2013093 157 1929621 182 1595124 208 2473381 233 2395505 234 0
1 74
76 1 1184 576 0.9976252528228781 0.09578608142584587 0
13 9 0 10 2857480 35 2446531 61 1543820 86 1771645 111 1430269 137 1316287 162 1223007 187 876617 212 966096 238 1738242 263 2310303 264 0
1 75
77 2 1249 83 0.99111561290249 0.11973506861890588 0
13 20 0 21 579648 45 531324 69 603492 93 484666 117 946585 141 1595233 164 1971020 188 2461837 212 3490748 236 2578542 260 1976791 261 0
0
78 1 609 68 0.9855773994343223 0.12143720333668861 0
14 10 0 11 1602416 36 2356684 61 1723761 86 1289532 111 937711 136 1031414 161 1050617 186 1216473 211 750068 236 808210 261 555772 286 723386 287 0
1 77
79 3 1314 427 0.9926536396369621 0.0028313184973921546 0
15 2 0 3 367985 27 353678 51 422617 75 510522 100 984038 124 1613888 148 2063619 172 1092718 196 1248824 221 1082685 245 595702 269 709623 293 677347 294 0
0
80 1 693 335 0.9810040557823554 0.0744278829398772 0
15 0 0 1 998483 26 1244598 51 772863 76 1286685 101 1012798 126 1165835 151 997348 175 864080 200 1430850 225 1164273 250 1283695 275 1076784 300 1761784 301 0
2 79 81
81 2 1495 735 0.9997565517892856 0.14463138580567622 0
14 7 0 8 1128342 32 1309774 56 1451387 81 881573 105 1861011 129 1410495 153 1446609 177 1883346 201 1706138 226 1455706 250 1683536 274 1089641 275 0
0
82 3 806 503 0.9859354765257672 0.06780599046372371 1
11 73 0 74 1038066 100 875412 126 530606 152 1087340 179 1223327 205 1883952 231 853353 257 1268864 283 1001613 284 0
0
83 3 558 696 0.9981307046669837 0.04570290351931412 0
10 34 0 35 2026499 59 1802015 83 743773 107 1309564 132 1636227 156 1302202 180 1662438 204 2453136 205 0
2 82 85
84 1 925 637 0.9896868169431066 0.14458921538855699 0
8 25 0 26 2114675 52 1464025 78 1739312 104 1340062 130 871794 156 493148 157 0
0
85 3 1472 589 0.997367025022853 0.08868206618877326 0
13 1 0 2 1038407 27 1496355 51 1867331 76 1326828 101 1653117 125 894848 150 746532 175 648447 200 597314 224 682202 249 529996 250 0
1 84
86 2 596 230 0.9835655112814116 0.1058280802176417 0
9 112 0 113 889195 137 942810 162 883438 187 865172 211 1054124 235 1649991 260 1489314 261 0
0
87 2 706 191 0.9959371730377271 0.0580727722301315 0
13 24 0 25 2900318 50 2475886 76 2267543 101 1920021 126 1120608 151 917884 177 905641 202 1344386 227 1193751 253 876679 278 670685 279 0
1 86
88 3 1156 567 0.995721146540714 0.10092028676445727 0
10 34 0 35 1314885 58 1997622 81 1087684 104 1170663 128 1449324 151 1000340 174 1273073 197 1644388 198 0
1 86
89 1 1249 510 0.9939336491241594 0.06997948452332947 0
7 127 0 128 1436159 155 1851436 181 2123477 207 1581242 234 1365241 235 0
1 88
90 2 1236 512 0.992140432480344 0.08124174288994308 0
10 9 0 10 528220 34 661689 57 881980 81 820545 105 1029803 129 1632455 152 1823702 176 2521490 177 0
0
91 2 583 699 0.9846659747416358 0.12414212025024474 0
10 7 0 8 804685 34 1027813 60 698274 86 1052454 111 1509570 137 1796932 163 2648431 189 1971428 190 0
0
92 3 856 691 0.9890431612181585 0.026248508299611943 0
14 5 0 6 2590441 32 1801062 58 1447034 83 1492699 109 2276937 135 1442578 161 1273310 187 991765 213 1153110 238 1189084 264 1347032 290 517750 291 0
0
93 3 868 79 0.9881299343817563 0.015456284291220933 0
11 80 0 81 231383 105 193592 129 282515 153 328021 177 428833 201 660771 225 1344767 249 1691588 273 2170374 274 0
1 92
94 3 1345 84 0.9926490791113932 0.030673529004093567 0
15 6 0 7 1410088 31 1584767 55 1272110 79 1358443 103 873619 127 637754 151 655826 176 524714 200 1096791 224 1643982 248 938632 272 961200 296 1323100 297 0
0
95 1 538 81 0.9901617227777376 0.008925058478564273 0
7 23 0 24 1810194 51 1826250 77 1078523 103 1156986 130 761277 131 0
2 94 93
96 1 1495 96 0.9840776950298069 0.12142874439840025 0
8 100 0 101 2711327 127 1472182 153 1174724 179 1369646 205 1716238 231 1775178 232 0
0
97 1 615 55 0.9822563550546681 0.04995801769311052 0
12 3 0 4 1737605 29 931126 54 1195318 80 1039666 105 1596798 130 1283557 155 1077795 181 1952627 206 1468600 231 1893150 232 0
2 96 98
98 3 994 379 0.9944821278304515 0.06143721432559045 0
12 59 0 60 1015761 85 1049711 111 1432817 136 2008732 161 1963892 187 1860102 212 1209340 237 1675854 263 2347355 288 1684941 289 0
0
99 2 1340 454 0.9804823941366607 0.040314546890247854 0
9 89 0 90 920807 117 1328166 144 1329761 171 1081762 197 1433196 224 1429936 251 1294443 252 0
0
100 2 1038 245 0.9973615069705727 0.13846656522501002 0
13 3 0 4 991958 29 1031139 54 1114708 79 1168710 104 1000201 129 1768630 154 1022546 179 1041741 204 920279 229 967739 254 1489990 255 0
0
101 1 1062 242 0.9907597622452512 0.05884087452291851 0
14 6 0 7 2893098 33 1876864 59 851676 85 677985 111 655216 137 1005167 163 858329 189 879938 215 1354107 241 1202293 267 1494689 293 1011456 294 0
1 100
102 1 1428 302 0.9804693370787233 0.04224953099155436 0
8 102 0 103 2805846 129 1438193 155 1204463 180 1640458 206 1740602 232 2056987 233 0
1 101
103 3 1490 31 0.9838789269388513 0.02146669114084516 0
8 25 0 26 1432609 50 954788 74 917690 98 977237 122 1100734 146 1084709 147 0
0
104 2 1292 232 0.9958378786852918 0.10834400538097912 0
10 35 0 36 1125761 61 1762230 86 1881506 111 1778956 137 1924809 162 1446992 187 1607568 212 1812778 213 0
1 103
105 2 1449 629 0.9944192934678732 0.11022653419816103 0
13 18 0 19 353993 45 388302 70 462676 96 717775 122 966323 147 904785 173 914558 199 1179053 225 1575324 250 1850139 276 1381428 277 0
0
106 2 805 697 0.987469424640078 0.041385205037594054 0
12 38 0 39 1767487 63 1200241 86 2500528 110 934290 134 667280 157 980090 181 1301889 205 924140 228 1340226 252 1249663 253 0
0
107 3 1294 5 0.9822585162623407 0.12513473063658237 0
14 10 0 11 1402260 36 1217233 61 1439010 85 1255931 110 1143619 135 1506768 160 1230026 185 662055 210 712291 234 956594 259 1161589 284 1301184 285 0
1 106
108 3 878 393 0.9941949528209232 0.10777722333868789 0
10 53 0 54 1841261 77 1408416 101 1006888 124 1385296 147 1304365 170 1359107 194 1898242 217 2723512 218 0
0
109 2 571 222 0.9833396966639018 0.0635565594506127 0
13 28 0 29 841138 54 899250 80 1081268 105 1402873 130 1702634 155 1829578 181 2741789 206 1762347 231 2305610 257 2622255 282 2889330 283 0
1 108
110 3 850 319 0.9822741365045492 0.01006445959220391 0
9 105 0 106 1831134 129 1062553 152 2189241 175 2954871 197 2168748 220 1590291 243 1404799 244 0
0
111 2 1041 697 0.9925685306763714 0.032472074567366914 0
10 25 0 26 943975 49 1244548 72 1451317 95 1051615 119 1831166 142 2164015 165 1749806 188 1396562 189 0
1 110
112 2 1396 333 0.9848491432648147 0.08709037332794937 0
9 127 0 128 829201 153 722824 178 1188537 203 1233800 228 1299698 253 1645171 278 909945 279 0
0
113 3 1463 582 0.9955481486551228 0.0016864551984569819 0
11 25 0 26 667248 52 1271494 78 1351437 104 1211330 130 1483183 156 1752339 182 1458440 208 1964318 234 1931829 235 0
1 112
114 1 1084 322 0.9988120342449565 0.08154591432587772 0
14 7 0 8 1537584 33 2448960 58 1923082 83 2839632 108 2700685 133 1428176 157 1548269 182 1882847 207 1066074 232 496912 257 434137 282 372620 283 0
2 113 115
115 1 998 603 0.9889037302990721 0.10713177165886303 1
8 9 0 10 441533 35 579685 60 1139015 84 1780286 109 2425232 134 2654725 135 0
0
116 3 881 616 0.9985139496130663 0.13449201962209223 0
11 12 0 13 1207317 38 1696245 63 1098626 88 1450580 113 2433218 138 1562991 163 1747206 188 2067170 213 1942787 214 0
0
117 1 1391 452 0.9800445329628954 0.0035235887485677297 0
14 10 0 11 806113 36 994873 61 628685 87 986114 112 1382153 137 1205226 162 1492204 187 1969407 212 1412660 238 1126404 263 830338 288 443064 289 0
1 116
118 1 824 556 0.9849111278365262 0.026946016965388963 0
11 56 0 57 293077 82 274681 108 434549 133 1296047 159 1633793 184 1150045 209 1448367 235 1931909 260 2508703 261 0
0
119 3 614 527 0.9981394009974791 0.05676459089729641 0
10 123 0 124 755957 149 640309 174 662444 199 931586 224 677856 249 770136 274 2010983 299 3633772 300 0
2 118 120
120 1 562 478 0.987989975306104 0.12584779980102706 0
8 155 0 156 760796 182 1043065 208 1519366 234 1463673 260 1331157 286 1041113 287 0
0
121 1 1366 656 0.982655256845284 0.04468800261521953 0
14 9 0 10 621093 36 932006 62 1778057 88 2009604 114 2494452 140 2452296 166 2110211 192 1377600 218 1314111 244 830721 270 1221804 296 1357994 297 0
0
122 2 1109 126 0.9864672778654965 0.005760855946750676 0
15 3 0 4 951140 29 687056 53 736951 78 1483555 102 1831378 127 1737984 151 1453958 176 1614537 201 1041915 225 623386 250 751448 274 828543 299 794832 300 0
0
123 2 1072 504 0.9861336623890139 0.09620670749352571 0
13 8 0 9 878775 35 1124103 61 978472 87 1152105 113 1695115 139 1396020 164 1367824 190 909334 216 833913 242 1275363 268 2051225 269 0
1 122
124 1 1458 468 0.9976219779625554 0.13246351261437764 0
14 14 0 15 3690812 39 2323218 63 1578661 88 1686452 112 1416845 136 1969540 160 1441800 184 1734847 208 933120 233 1145347 257 1307356 281 2022748 282 0
1 122
125 2 594 532 0.9804815056680216 0.09462139432448645 0
11 95 0 96 2171110 121 2073210 145 1740565 170 1522655 195 1119030 219 1499955 244 1794090 268 2086723 293 1662160 294 0
0
126 1 1495 570 0.991720269198839 0.08379862578912399 0
13 28 0 29 760742 54 468912 79 496202 103 547430 128 409963 153 472177 178 1367105 203 1870666 227 3694764 252 2975422 277 3167306 278 0
1 125
127 1 945 565 0.9805581798274031 0.10233148690353033 0
15 1 0 2 1576587 27 2206198 51 2052087 76 1671800 101 1155731 125 1111691 150 768880 175 625267 199 573104 224 611808 249 438659 273 234012 298 319439 299 0
0
128 2 1406 260 0.9801066966503762 0.13287140931855349 0
9 139 0 140 2398166 164 3321036 187 1737258 211 1397840 235 1324296 258 1249296 282 1524052 283 0
0
129 2 902 115 0.994681110153078 0.10801768979170669 0
10 18 0 19 1203595 46 1437664 72 1313506 99 2095722 125 2513910 152 2306621 178 1904964 205 1494379 206 0
1 128
130 3 904 652 0.985971257933947 0.04983331339419477 0
11 78 0 79 2238153 105 1592711 130 2271890 155 1421748 181 1220132 207 913061 232 1589489 257 2304617 283 1822453 284 0
1 129
131 3 1090 470 0.9836398017913147 0.035097091518599376 0
13 52 0 53 2851632 77 2369243 101 1176307 125 753734 149 675634 173 804786 196 998629 220 1401923 244 1008131 268 1721914 292 1070147 293 0
0
132 1 711 403 0.9834974532476247 0.09335289643309216 0
15 1 0 2 1748411 27 1391180 52 787777 77 1135211 101 943295 126 1148388 151 781427 176 810581 201 662787 225 1014562 250 859391 275 1279005 300 1209854 301 0
1 131
133 3 838 661 0.9957456414928603 0.07741738048215875 0
14 15 0 16 3028271 42 2709586 67 2454739 93 1680596 119 2478337 144 1409183 170 1664600 195 1849109 221 906929 247 813229 272 1002695 298 1598105 299 0
0
134 1 989 90 0.989925110724587 0.08875717037303964 0
11 1 0 2 1386633 27 1396087 53 2015601 78 2108028 103 1466371 129 1168459 154 991777 180 926453 205 1356631 206 0
0
135 3 580 93 0.9953029505824028 0.06204655453731102 1
9 136 0 137 1133605 161 833521 184 1083925 208 996345 232 1343626 255 1663036 279 878366 280 0
1 134
136 3 1494 82 0.9849997939530929 0.06932744504547898 0
9 74 0 75 2977923 101 2460441 127 2252703 153 2075540 180 835344 206 865791 232 342148 233 0
1 135
137 1 508 294 0.9837762670614174 0.06363450233931085 0
10 21 0 22 1399733 47 1047555 73 1550909 98 1499788 124 1344692 149 2066911 175 1060983 200 498715 201 0
0
138 1 532 228 0.9801309657053455 0.12498745960732265 0
14 5 0 6 1764116 31 1092161 57 1010982 82 1098746 107 1291248 132 893790 158 1605257 183 1738911 208 1103927 233 833747 259 405227 284 619575 285 0
1 137
139 2 625 152 0.9828073305165558 0.06660345491097709 0
10 124 0 125 373365 150 371459 174 296869 199 380396 223 634965 248 1510707 272 1902403 297 2384289 298 0
0
140 1 1363 42 0.9974366713523235 0.12660045849560275 0
12 14 0 15 955715 41 1212099 67 1799950 94 1716180 120 1318384 146 762946 172 433396 199 371539 225 326520 251 220224 252 0
1 139
141 1 623 604 0.9988349092059254 0.14771494051923956 0
11 13 0 14 2226467 38 1944568 61 1558926 85 1060259 109 899322 133 1206294 157 589654 180 481930 204 545002 205 0
1 139
142 1 1418 669 0.9936078796496653 0.09798745051923205 0
10 16 0 17 1483665 44 1944549 70 1933514 97 1040052 123 1401979 150 1152899 176 731212 203 612072 204 0
0
143 3 1274 642 0.9910433702166016 0.14541863000843358 0
7 51 0 52 1390995 79 1193148 105 1543501 132 1394757 159 2005427 160 0
1 142
144 3 601 418 0.988654923593566 0.048669119856553575 0
7 67 0 68 2038177 94 1265333 120 2091045 146 2061436 172 1902544 173 0
0
145 2 745 264 0.9900031630549271 0.050698172708634456 0
13 34 0 35 1045109 59 2053327 83 2167349 108 1492622 132 2203111 156 1619317 180 1943889 204 1380410 229 1505793 253 1796319 277 1663233 278 0
1 144
146 1 985 682 0.9809215901579298 0.1395417347293265 0
13 13 0 14 1467391 39 1675778 63 1582053 87 1848106 112 1826906 137 1757369 161 1359212 185 1285421 210 1217992 235 988371 259 1707170 260 0
2 144 145
147 3 1045 183 0.9816394335920008 0.0404695366650878 0
13 58 0 59 925618 83 918358 107 1123504 131 1049187 155 917917 179 1017275 202 1377170 226 1365440 250 1035105 274 1076415 298 1045849 299 0
0
148 2 1330 42 0.986727803805171 0.0037355190942200134 0
8 22 0 23 1468982 48 1965888 73 1836665 97 1375976 122 913944 147 1308309 148 0
2 147 149
149 2 688 479 0.9826941586696851 0.07837203511415032 0
12 16 0 17 876588 41 738169 65 886619 89 1025988 113 1744033 137 2300087 161 1276897 185 1038077 209 1221178 233 1771133 234 0
0
150 3 921 25 0.9984271476897315 0.08327311296078853 0
15 11 0 12 968599 36 657432 60 888453 84 995179 108 1733760 132 1683806 156 1248265 180 773688 204 991190 228 788568 252 1150451 276 976882 300 1219801 301 0
0
151 2 1236 351 0.9929953562552442 0.014604416061490077 0
13 9 0 10 689022 35 823797 60 887118 85 1270683 110 1888102 135 1533267 159 812694 184 856723 209 478697 234 450267 259 523800 260 0
0
152 1 644 106 0.9819981765409815 0.07115709868801819 0
9 64 0 65 519469 91 373034 116 899840 141 1229472 167 1067864 193 1154942 218 1550633 219 0
1 151
153 3 1198 686 0.9987959766561397 0.11510627248774527 0
11 21 0 22 337104 47 280112 73 927681 98 724342 123 938798 149 1359269 174 2238537 200 1447598 225 812272 226 0
0
154 2 1060 308 0.9995269775444863 0.06098398506143998 0
9 141 0 142 1859678 167 1853391 193 1077028 218 894767 243 1251159 269 1518648 294 883759 295 0
0
155 2 1294 472 0.9923635863193221 0.08720733464734604 0
10 39 0 40 2902221 65 2173730 90 2070265 115 1215177 141 789897 166 518998 191 497876 216 519688 217 0
1 154
156 3 1188 518 0.9940162423616175 0.1289971547642989 0
8 49 0 50 1890177 73 1821127 96 1315913 118 1074435 141 1078904 164 1133297 165 0
0
157 2 757 517 0.9904207690531415 0.09922425020599328 0
9 74 0 75 1746455 101 1198685 127 1551355 153 1045414 179 1594549 205 1542041 231 1591767 232 0
0
158 3 766 651 0.9908364139325851 0.10274354689902013 0
9 106 0 107 1128449 131 1748828 156 1757299 180 2700772 204 2355736 229 2141246 253 1355290 254 0
1 157
159 3 543 402 0.980085788048072 0.08348911205255209 0
11 66 0 67 299789 91 455603 115 1073547 140 928133 164 1595875 188 1692536 213 1630166 237 1417970 261 1410420 262 0
3 157 158 160
160 3 1343 731 0.9911099359127885 0.07676315191591097 0
8 4 0 5 2071747 27 1745014 50 1393396 72 1085812 95 1456270 117 864702 118 0
1 158
161 2 1277 149 0.990912123516349 0.025913879084079876 0
12 63 0 64 744292 90 561763 116 368281 142 289801 168 297823 194 1007594 220 2202038 246 1191142 272 2717407 298 2211630 299 0
0
162 2 1174 80 0.9876951458763391 0.06289513097444123 0
11 27 0 28 1887650 54 1649843 80 1140865 106 1372751 132 781948 158 755822 184 891087 210 1345452 236 2264267 237 0
1 161
163 2 804 454 0.991060769887658 0.025252246355865603 0
12 41 0 42 1989578 66 2085306 90 1716547 114 1279151 138 656188 161 578340 185 364331 209 287757 233 424886 257 458095 258 0
2 161 162
164 3 1360 12 0.9960898909680073 0.061905912780407746 0
7 185 0 186 874920 212 805683 239 2141753 265 1820350 291 2505864 292 0
0
165 2 1293 630 0.9943887775655962 0.013375114388591791 0
10 92 0 93 381523 119 375079 146 844188 172 1735373 198 1382557 224 1181743 251 1124166 277 1476560 278 0
1 164
166 2 1046 592 0.9865077947332057 2.1884327261439962e-05 0
13 35 0 36 3043165 60 3216428 84 1619613 109 1195992 133 943416 157 1063003 181 964656 205 1139735 230 1915594 254 1368481 278 1022718 279 0
1 164
167 2 1288 557 0.9955641444841906 0.06128598835926334 0
11 92 0 93 2864934 117 921980 142 1176855 167 984984 191 1258708 215 1227454 240 1159283 265 1918265 289 2645623 290 0
0
168 1 603 585 0.9803543618915056 0.10517173581031303 0
15 0 0 1 2838339 26 2058008 51 1114947 76 1053651 101 761285 126 640885 151 497021 175 596938 200 382519 225 273980 250 328164 275 619739 300 687728 301 0
2 167 170
169 2 1019 234 0.9867378645459983 0.017801440198398178 0
12 54 0 55 242550 80 189796 104 574170 129 430163 154 549611 178 704341 203 1177618 228 1238885 252 1412114 277 2018429 278 0
2 167 170
170 2 1320 424 0.9994549604597653 0.018034837683711568 0
8 16 0 17 2663541 40 1537401 64 1406080 87 1142697 111 1811483 134 1880319 135 0
0
171 1 580 216 0.9890320704632112 0.028003202916610032 0
9 157 0 158 426282 181 453126 204 764010 227 1115529 250 1641432 273 1289824 296 1697915 297 0
0
172 3 568 512 0.9845385959866634 0.10828189209769183 0
13 19 0 20 1849573 45 1971314 70 1459443 96 1103168 121 1072150 146 1085278 171 798598 196 1113207 222 767651 247 589776 272 752196 273 0
1 171
173 2 511 580 0.9979366280511563 0.022875866233398604 0
13 29 0 30 783318 55 715414 81 728000 106 820584 132 1223219 157 1269963 182 1187539 208 1347868 233 1572180 259 1930030 284 1368285 285 0
0
174 2 534 598 0.9808549594138659 0.05690993933596883 0
13 49 0 50 1967611 74 1378337 99 2643788 123 2064219 147 1822010 171 1803124 196 1361996 220 1354933 244 1555919 269 1396815 293 1188890 294 0
1 173
175 1 685 92 0.9929263174603135 0.08353366434617888 0
10 80 0 81 4120673 105 1896620 130 1718934 154 1237282 178 1024501 202 1040332 227 644218 251 813761 252 0
2 173 174
176 3 554 209 0.9935696289242093 0.02739705503087485 0
15 9 0 10 1263791 34 1557439 58 1400386 82 1264148 106 1350966 130 1901032 154 2042375 178 2057548 202 1916480 226 2602912 250 1251261 274 1156307 298 840720 299 0
0
177 3 1487 524 0.9941188909550356 0.03761134035503265 0
14 17 0 18 3501535 44 1714882 69 1518318 95 906683 121 1008843 146 1622941 172 1071219 197 807070 223 677632 249 422790 274 439481 300 477262 301 0
0
178 1 993 628 0.9888764242744322 0.048089271177522264 0
13 12 0 13 1226995 39 1025362 64 866149 90 853509 116 1017107 141 1127297 167 1614768 193 1687292 219 2408848 244 2976413 270 3682943 271 0
1 177
179 2 1495 731 0.9835228305058759 0.13615324888349872 0
13 11 0 12 2265553 37 1945962 61 663529 86 419377 110 516834 135 696416 160 1165862 184 930244 209 738927 233 828117 258 987447 259 0
0
180 2 607 627 0.992623315424766 0.026788064575165332 0
13 28 0 29 2036375 54 2321546 80 2012525 105 1391999 130 1856437 155 846556 181 661916 206 678824 231 1273233 257 1073445 282 1436708 283 0
1 179
181 2 1260 162 0.9969832880527009 0.0978487857653884 0
14 0 0 1 4413636 26 2999415 50 1492325 75 731595 100 545158 124 343346 149 289857 173 183335 198 300754 223 497599 247 753030 272 1239795 273 0
1 179
182 1 860 621 0.9961299541684752 0.018929409676154255 0
10 102 0 103 1094952 127 953765 150 797090 174 1075148 197 901921 221 1707843 244 1795085 268 2525053 269 0
0
183 1 1446 477 0.9875059517406941 0.1147417963619967 0
14 13 0 14 1344488 40 951008 66 1277379 92 1315909 118 1150610 144 1090061 170 1846416 196 2129146 222 1923030 248 1177811 274 902788 300 761031 301 0
2 182 184
184 3 907 376 0.9809699055529162 0.10124950897526225 0
7 123 0 124 1002694 151 1201793 178 1410568 205 1478274 232 1526278 233 0
0
185 2 1451 162 0.9840131603078203 0.055829657447549676 0
9 52 0 53 719743 77 1134142 101 833318 125 854998 148 1033110 172 2285128 196 2470447 197 0
0
186 2 918 593 0.9876520906346864 0.06763851385932762 0
11 23 0 24 2267877 49 1743123 73 2274483 98 2015521 123 1474022 147 1196738 172 1241749 196 1211145 221 1156415 222 0
1 185
187 1 1130 541 0.9815366226348735 0.042189685821178755 0
11 65 0 66 1802819 91 1715121 115 1611106 139 1221636 164 698271 189 1008220 213 484267 237 386755 262 212080 263 0
0
188 2 648 557 0.9813058939931891 0.06211591985998838 0
8 155 0 156 2070839 181 1149304 206 1055924 232 977947 257 700656 282 1001973 283 0
2 187 186
189 2 1322 175 0.9912803099641961 0.057417743364240444 0
9 103 0 104 2027806 129 1513351 154 1085052 179 594789 204 522053 229 579859 254 461671 255 0
0
190 3 699 91 0.9990512620589818 0.1332904340899129 0
8 162 0 163 1461215 189 1650748 216 2522855 242 1853675 269 834135 295 955014 296 0
1 189
191 3 1203 539 0.9980740952884822 0.06597727162565091 0
10 113 0 114 761808 138 1204888 161 1180936 185 1357090 208 1250905 232 898773 255 1059240 279 1151915 280 0
0
192 1 1314 383 0.9920065044162849 0.051564451506112025 0
9 101 0 102 1759597 125 1693252 148 1487495 171 1096582 193 1334134 216 1365010 239 897027 240 0
0
193 1 895 221 0.9858085261543886 0.04723445642765527 0
9 4 0 5 1439866 29 1984974 53 1790673 77 1506300 100 646262 124 553429 148 518469 149 0
1 192
194 1 946 522 0.9939272823815785 0.019850271875293705 0
11 89 0 90 1769377 116 1461179 143 2766942 169 2615329 195 1995061 221 1110807 247 968842 274 729578 300 942226 301 0
2 192 193
195 1 1324 293 0.9871428099392576 0.04693365441435562 0
9 82 0 83 2954958 107 1657421 130 1646507 153 2221205 177 1644035 201 1201318 224 1577662 225 0
1 193
196 2 829 204 0.9812941187305535 0.015412283102638945 0
14 30 0 31 2298861 55 1871892 79 2011982 103 2426259 127 1488707 151 1170954 176 1408898 200 1387537 224 1010062 248 1074949 272 741664 296 614959 297 0
0
197 1 1166 553 0.9850545318418205 0.003477151710784915 0
14 12 0 13 2152978 38 2306924 62 2324439 87 965642 112 671255 137 1827433 161 1820263 186 1598423 211 1231886 236 1063558 260 1260778 285 1299994 286 0
0
198 3 635 443 0.9845323442156728 0.11558907933899551 1
14 4 0 5 3086822 30 1836075 56 1594845 81 2039914 107 2409458 132 1756891 158 1408513 183 1171638 209 884002 234 958474 260 1112893 285 1325891 286 0
0
199 2 1079 48 0.9861147832779629 0.07066304148273996 0
9 51 0 52 3240316 76 2601759 100 816654 123 779152 147 548065 171 582936 195 398763 196 0
0
200 3 1357 359 0.9806863302630613 0.022103261755360787 0
13 35 0 36 1591340 60 1200046 84 1521734 107 1349137 131 1220719 155 1398787 179 2767309 203 1656074 226 2154578 250 2178614 274 1893206 275 0
1 199
201 1 1095 326 0.9925214572058787 0.0005008833349730291 0
12 56 0 57 1092640 83 1118743 109 1508549 135 1446469 161 1799943 188 1475567 214 1966997 240 2344422 266 2524584 292 1693269 293 0
0
202 3 558 195 0.9876822583161846 0.06913933427879422 0
7 25 0 26 1143470 52 829608 78 1214742 104 1783261 130 1416690 131 0
0
203 3 1086 691 0.9953716443870464 0.05776388965882353 0
11 40 0 41 2947228 66 1945489 92 1144495 117 1643458 143 1227854 168 537241 193 331072 219 383804 244 678263 245 0
1 202
204 2 1273 34 0.9847512671769204 0.11007106691748685 0
8 112 0 113 152864 136 188641 159 489030 181 694733 204 1363057 227 4146932 228 0
1 202
205 3 621 676 0.9952453836033641 0.06368155557462978 0
8 123 0 124 1122778 151 706579 178 1199667 205 1379939 232 2028144 259 2782340 260 0
0
206 3 1371 564 0.9990781029447773 0.003217489461800649 0
13 19 0 20 942376 46 1038267 71 1906972 97 2928474 123 2081259 149 1297901 174 1637643 200 1214012 226 1699541 251 1732001 277 1847302 278 0
0
207 2 1030 526 0.9934435588366283 0.043371733782562386 0
10 10 0 11 3372174 35 2854748 60 1354798 84 1095493 109 1271303 133 1228388 158 1822293 182 1549888 183 0
1 206
208 3 1291 696 0.9905439222934772 0.07495189227366142 0
14 4 0 5 1124704 31 753918 57 942202 83 1024996 109 1125764 135 1521537 161 1516284 187 1140115 213 1424577 239 1632824 265 2716894 291 3215110 292 0
0
209 2 600 170 0.9849946816733486 0.01534719058763771 0
10 107 0 108 2610002 134 1756069 160 2034430 186 1869365 213 2000927 239 1014438 265 918940 291 737169 292 0
1 208
210 1 511 677 0.9862401035047359 0.0703503608826909 0
8 90 0 91 626112 114 553437 137 779980 160 994877 183 1197128 206 1704237 207 0
2 208 209
211 1 819 394 0.992608806547426 0.031552936933921395 0
9 115 0 116 3649154 142 1478804 167 1447571 193 1266053 219 782997 244 969680 270 1128796 271 0
0
212 2 697 70 0.9988320937429098 0.11434021520330037 0
14 20 0 21 4560926 46 3564270 71 2143025 96 1531765 121 1300851 146 1299577 171 777835 196 372632 221 184875 246 126290 271 124734 296 104954 297 0
0
213 1 1452 191 0.9901056382261351 0.08860460688896284 0
12 11 0 12 704725 37 583862 62 465460 86 359060 111 496337 136 699504 161 855516 185 685676 210 1246820 235 2759285 236 0
1 212
214 1 1169 585 0.9920241743409878 0.12674650509951227 0
12 62 0 63 1732237 89 2306926 115 1586362 141 1343427 167 1123997 192 1479657 218 2742226 244 2400064 270 2485971 296 1861760 297 0
0
215 1 1014 112 0.9997575030988288 0.14106135530820385 0
9 63 0 64 2678298 89 1774757 115 1388463 140 1252650 165 1127358 191 748028 216 855582 217 0
1 214
216 2 1387 494 0.9830381150530384 0.1155463101794168 0
9 36 0 37 1558344 62 1565272 87 2527451 111 1495003 136 1079469 161 945988 186 578361 187 0
0
217 1 675 100 0.9865482211760638 0.1060086778397449 0
13 15 0 16 1232954 40 1214161 65 1369125 89 1872975 113 2230438 137 1843569 162 1030635 186 1205843 210 1201425 235 1366009 259 1067159 260 0
1 216
218 1 996 662 0.9940318480242903 0.10132362302759824 0
15 1 0 2 1134095 27 1154407 51 1138902 76 1508273 101 2409661 126 1937173 151 1027902 175 1195533 200 1131929 225 1207407 249 951273 274 548965 299 608923 300 0
1 216
219 2 891 654 0.9828597110230285 0.020924669735660317 0
11 27 0 28 1271521 54 1448798 79 1377653 105 824559 131 762093 157 966397 183 633717 208 749555 234 585179 235 0
0
220 1 1422 675 0.9996270561382902 0.0023740801427027058 0
13 14 0 15 1008623 40 1347418 65 1428538 90 1331719 115 1995060 139 1142056 164 1114311 189 838066 214 629560 239 518465 264 532893 265 0
3 219 221 222
221 1 923 553 0.9843715895733954 0.09871983207497682 0
14 6 0 7 1998588 33 1786506 59 1469910 85 1817296 111 1227608 137 790130 163 715185 189 499185 215 348498 241 360322 267 605227 293 705524 294 0
0
222 3 1215 452 0.9896755059009402 0.1411582318785713 0
14 33 0 34 1702846 58 974345 82 769500 106 1145959 130 835451 154 986189 177 1456698 201 1628928 225 1917194 249 2892140 273 1559542 297 2179255 298 0
1 221
223 3 1472 558 0.9925035874081328 0.07146399004240578 0
14 14 0 15 651929 41 862742 66 1340934 92 495527 118 788871 144 814361 169 836221 195 953527 221 890962 247 613669 272 1047603 298 2471023 299 0
0
224 1 1492 622 0.9932876535558218 0.08006318105775795 0
8 104 0 105 845315 132 1073857 159 1269309 185 1155556 212 1189496 239 882285 240 0
0
225 2 1106 595 0.9802356427736992 0.03527649212573137 0
8 27 0 28 1691266 55 1356418 82 874370 109 949577 136 657210 163 884219 164 0
1 224
226 1 1468 693 0.9960485797690943 0.06496775715611097 0
14 26 0 27 205367 51 367113 75 489607 99 507435 123 540582 147 465624 172 565421 196 660140 220 834052 244 1181934 268 1493731 292 2927269 293 0
1 224
227 2 1189 316 0.9844523689495137 0.021970544779964133 0
8 134 0 135 3247890 158 2469024 182 1460105 205 1090193 229 1070516 252 1530011 253 0
2 225 226
228 3 685 308 0.9952125081525126 0.06768849978185619 0
12 27 0 28 1464710 52 969856 76 1393706 99 1238219 123 2096599 147 1569992 171 2525744 194 2883893 218 1444753 242 1303075 243 0
0
229 3 741 133 0.9920312800188745 0.06112668200631729 0
12 32 0 33 823992 59 688145 85 818473 111 1019019 137 898079 163 886111 189 2017601 215 2269049 241 2602654 267 1331465 268 0
1 228
230 2 1450 557 0.9946359681846912 0.06964747651261413 0
14 18 0 19 1121397 44 1352979 69 1717884 93 1372399 118 978293 143 1320023 168 1518374 193 1477959 218 1638875 242 1059667 267 1172678 292 1121347 293 0
0
231 1 1009 347 0.9960541496743565 0.04230745630212477 0
14 5 0 6 336468 31 302561 56 286487 81 315888 106 353170 131 716338 157 1107541 182 1150712 207 1402504 232 1644573 257 3399738 282 3396017 283 0
1 230
232 3 1036 304 0.9802962064620667 0.00611180256974801 0
14 6 0 7 2405233 33 1834804 58 2770002 84 3249126 110 2730680 135 1729844 161 1564317 186 1394862 212 1056228 238 1172687 263 1040077 289 1276706 290 0
0
233 2 650 529 0.9890084860671535 0.09952311197403847 0
8 24 0 25 1933397 51 1758727 78 2831377 104 2349599 131 1625711 157 806698 158 0
2 232 234
234 3 1434 394 0.9915116559221636 0.13852837434072474 0
8 91 0 92 626992 118 1187178 144 871115 169 1127319 195 1230839 221 1033456 222 0
0
235 2 1034 731 0.9906816004037093 0.0016077395636750035 0
14 2 0 3 2081497 29 2972250 54 1507995 80 867873 106 1014553 131 1833362 157 2129751 182 1425717 208 769054 234 583749 259 336664 285 430215 286 0
0
236 3 1061 589 0.9828258399485552 0.042655371971038816 0
7 127 0 128 1282535 154 1131603 181 916390 207 936234 233 1403593 234 0
0
237 2 969 734 0.9987531067070808 0.0544254081319903 0
15 5 0 6 1448024 30 2265572 55 2804839 79 1023623 104 1247586 128 1446606 153 2370101 177 3096300 201 1167175 226 1241863 250 939452 275 746890 299 710919 300 0
0
238 2 1361 464 0.9919946378363848 0.08494135151715676 0
14 13 0 14 1159071 39 1585646 64 1930981 89 2966266 114 2827227 139 1838184 165 1785407 190 2286462 215 1699900 240 1663681 265 1780501 290 1428671 291 0
1 237
239 2 1382 291 0.9918057568145079 0.10226576464258878 0
8 44 0 45 1413424 72 1647191 98 1558029 125 977715 151 628682 178 613017 179 0
0
240 1 1305 653 0.9934082788904027 0.07163216739428287 0
13 0 0 1 209535 25 318470 49 366751 73 409390 97 530741 121 566083 145 1023142 169 1130286 193 1820248 217 1822145 241 2327213 242 0
0
241 3 924 665 0.9989636078287599 0.029792512523723457 0
12 39 0 40 691603 65 1234508 90 1669285 115 1910870 140 1965582 166 2048853 191 1515499 216 941225 241 1196526 266 721272 267 0
2 240 242
242 2 1185 133 0.9896230855381124 0.016917260884826358 0
14 17 0 18 935060 44 1300284 69 879145 95 865559 121 1329617 146 1231170 172 1035754 197 1313283 223 1134217 249 1268201 274 906954 300 519323 301 0
0
243 3 916 457 0.999245798938997 0.12272052957649685 0
13 26 0 27 1212574 52 1226421 77 1004282 102 1638679 127 1513017 153 1068318 178 1259987 203 852592 228 1044881 253 1148493 278 691154 279 0
0
244 2 1307 221 0.9924166753886638 0.06560429639592397 0
8 122 0 123 745619 149 1067373 175 2007158 200 1207367 226 721493 252 542225 253 0
0
245 1 1434 575 0.9920878522148637 0.019574079352127904 0
11 32 0 33 2866440 58 2436204 83 1634006 108 1108857 133 1118565 157 1021863 182 624124 207 703783 232 773590 233 0
0
246 1 1032 679 0.9927809991624292 0.020917054657209583 0
10 38 0 39 1305094 63 1488712 86 869830 110 966293 134 1258478 158 761608 181 490931 205 371866 206 0
1 245
247 2 549 218 0.987401356065261 0.1363940810936892 0
11 89 0 90 2771147 116 1060971 141 997883 167 982040 193 1049713 218 1477774 244 1505147 269 1489818 295 844303 296 0
0
248 3 1062 549 0.9809924650623886 0.12212934935356903 0
10 45 0 46 2866937 70 2558026 93 1498166 117 1699456 141 1332128 165 1917757 188 1799327 212 1580144 213 0
1 247
249 2 1037 605 0.9913459902178082 0.020135332476500862 0
11 66 0 67 1191964 91 1666263 115 1813945 139 1300710 163 635993 186 388753 210 316048 234 401783 258 959285 259 0
1 248
250 2 1297 632 0.99409352183484 0.10855709695963757 0
14 19 0 20 1161963 45 678518 69 777069 94 1011752 119 1390174 143 1371511 168 2292914 192 2114106 217 1692168 242 1661324 266 1505147 291 935733 292 0
0
251 3 1103 340 0.9962994245557502 0.1240581875218112 0
9 13 0 14 496547 39 949979 65 965266 91 1167108 116 1204561 141 1468946 167 968296 168 0
1 250
7 15 9559500352949650563
0.98922632047529435 0.010772893081372545 7.8644333311045697e-07 0 0 0 0 
0.0089200006047319529 0.82084573547428608 0.17014975024161058 8.4513679371500254e-05 0 0 0 
0.00032472656255418781 0.42525637760150153 0.54726696567928534 0.027118825099963675 3.3105056695357375e-05 0 0 
0 2.1071624926509264e-06 0.0088247165752158799 0.97239821780546065 0.018752904064297013 2.2054392533978276e-05 0 
0 0 4.0831341991025342e-08 0.05709228986146922 0.91687433277577179 0.025980548067743438 5.2788463673516503e-05 
0 0 0 5.7211382554397352e-06 0.11572455964624589 0.85229561869238235 0.03197410052311643 
0 0 0 0 8.6627955780469427e-05 0.14807353929616543 0.85183983274805408 
7 0 0 0 0 0 0 0
0.018195405538593248 0.9858721920509033 0.4042022644717646
