A
700
710 1226
1 63.0 31.0
2 64.0 31.0
3 63.0 30.0
4 64.0 30.0
5 62.0 30.0
6 61.0 32.0
7 62.0 32.0
8 62.0 31.0
9 61.0 31.0
10 60.0 32.0
11 60.0 31.0
12 60.0 30.0
13 61.0 30.0
14 58.0 29.0
15 58.0 30.0
16 56.0 30.0
17 57.0 30.0
18 56.0 29.0
19 57.0 29.0
20 59.0 26.0
21 60.0 26.0
22 60.0 24.0
23 60.0 25.0
24 59.0 24.0
25 59.0 25.0
26 58.0 26.0
27 58.0 27.0
28 56.0 28.0
29 57.0 28.0
30 57.0 27.0
31 56.0 27.0
32 56.0 26.0
33 57.0 26.0
34 57.0 25.0
35 58.0 25.0
36 58.0 24.0
37 57.0 24.0
38 56.0 25.0
39 56.0 24.0
40 63.0 24.0
41 64.0 24.0
42 63.0 23.0
43 64.0 23.0
44 63.0 22.0
45 64.0 22.0
46 62.0 24.0
47 62.0 20.0
48 62.0 21.0
49 61.0 20.0
50 60.0 22.0
51 61.0 22.0
52 61.0 21.0
53 60.0 20.0
54 60.0 23.0
55 59.0 22.0
56 59.0 23.0
57 60.0 21.0
58 58.0 22.0
59 58.0 23.0
60 60.0 7.0
61 60.0 8.0
62 59.0 7.0
63 60.0 6.0
64 57.0 8.0
65 58.0 8.0
66 57.0 7.0
67 58.0 7.0
68 56.0 8.0
69 56.0 7.0
70 57.0 6.0
71 56.0 6.0
72 53.0 16.0
73 54.0 16.0
74 54.0 14.0
75 54.0 15.0
76 53.0 14.0
77 52.0 16.0
78 53.0 15.0
79 52.0 14.0
80 52.0 15.0
81 51.0 14.0
82 51.0 13.0
83 52.0 13.0
84 52.0 12.0
85 51.0 12.0
86 50.0 14.0
87 50.0 13.0
88 43.0 32.0
89 44.0 32.0
90 44.0 31.0
91 43.0 31.0
92 44.0 30.0
93 42.0 32.0
94 42.0 31.0
95 44.0 28.0
96 44.0 29.0
97 43.0 29.0
98 43.0 30.0
99 43.0 28.0
100 42.0 28.0
101 41.0 30.0
102 42.0 30.0
103 41.0 29.0
104 42.0 29.0
105 40.0 29.0
106 48.0 23.0
107 48.0 24.0
108 47.0 23.0
109 48.0 22.0
110 46.0 24.0
111 47.0 24.0
112 46.0 23.0
113 46.0 22.0
114 47.0 22.0
115 48.0 20.0
116 48.0 21.0
117 47.0 20.0
118 47.0 21.0
119 45.0 18.0
120 46.0 18.0
121 46.0 17.0
122 45.0 17.0
123 46.0 16.0
124 42.0 22.0
125 43.0 22.0
126 43.0 21.0
127 42.0 21.0
128 42.0 23.0
129 42.0 24.0
130 40.0 24.0
131 41.0 24.0
132 41.0 23.0
133 41.0 21.0
134 41.0 22.0
135 40.0 21.0
136 41.0 20.0
137 40.0 20.0
138 39.0 32.0
139 40.0 32.0
140 40.0 31.0
141 39.0 31.0
142 40.0 30.0
143 38.0 32.0
144 39.0 30.0
145 38.0 30.0
146 38.0 31.0
147 39.0 29.0
148 39.0 28.0
149 37.0 30.0
150 37.0 29.0
151 38.0 29.0
152 37.0 28.0
153 36.0 28.0
154 36.0 29.0
155 36.0 30.0
156 35.0 29.0
157 35.0 30.0
158 34.0 29.0
159 34.0 30.0
160 33.0 31.0
161 34.0 31.0
162 33.0 30.0
163 32.0 32.0
164 33.0 32.0
165 32.0 31.0
166 32.0 30.0
167 35.0 27.0
168 36.0 27.0
169 34.0 27.0
170 34.0 28.0
171 41.0 28.0
172 35.0 26.0
173 34.0 26.0
174 36.0 26.0
175 35.0 24.0
176 36.0 24.0
177 35.0 25.0
178 34.0 25.0
179 33.0 24.0
180 34.0 24.0
181 32.0 26.0
182 33.0 26.0
183 33.0 25.0
184 39.0 24.0
185 40.0 23.0
186 39.0 23.0
187 39.0 22.0
188 40.0 22.0
189 38.0 24.0
190 34.0 32.0
191 38.0 22.0
192 37.0 24.0
193 38.0 23.0
194 37.0 23.0
195 36.0 23.0
196 62.0 22.0
197 62.0 23.0
198 37.0 22.0
199 38.0 21.0
200 38.0 20.0
201 36.0 21.0
202 36.0 22.0
203 37.0 20.0
204 37.0 21.0
205 39.0 18.0
206 40.0 18.0
207 39.0 17.0
208 40.0 17.0
209 40.0 16.0
210 38.0 18.0
211 58.0 6.0
212 38.0 17.0
213 39.0 16.0
214 38.0 16.0
215 37.0 18.0
216 36.0 19.0
217 36.0 20.0
218 37.0 19.0
219 48.0 15.0
220 48.0 16.0
221 47.0 15.0
222 46.0 20.0
223 48.0 14.0
224 47.0 14.0
225 47.0 13.0
226 48.0 13.0
227 46.0 14.0
228 46.0 13.0
229 47.0 12.0
230 45.0 16.0
231 45.0 15.0
232 46.0 15.0
233 44.0 15.0
234 45.0 14.0
235 44.0 14.0
236 45.0 13.0
237 44.0 12.0
238 44.0 13.0
239 48.0 12.0
240 48.0 11.0
241 46.0 12.0
242 47.0 11.0
243 47.0 10.0
244 46.0 9.0
245 47.0 9.0
246 47.0 8.0
247 45.0 12.0
248 45.0 11.0
249 46.0 11.0
250 46.0 10.0
251 44.0 10.0
252 44.0 11.0
253 45.0 9.0
254 45.0 10.0
255 44.0 9.0
256 45.0 8.0
257 44.0 8.0
258 41.0 10.0
259 42.0 10.0
260 42.0 9.0
261 41.0 9.0
262 40.0 10.0
263 41.0 8.0
264 47.0 6.0
265 48.0 6.0
266 47.0 5.0
267 48.0 5.0
268 46.0 6.0
269 47.0 4.0
270 46.0 4.0
271 46.0 5.0
272 44.0 6.0
273 45.0 6.0
274 45.0 5.0
275 45.0 4.0
276 46.0 21.0
277 47.0 3.0
278 48.0 3.0
279 48.0 2.0
280 46.0 3.0
281 48.0 1.0
282 36.0 18.0
283 47.0 1.0
284 46.0 2.0
285 47.0 2.0
286 47.0 0.0
287 46.0 0.0
288 45.0 3.0
289 44.0 4.0
290 46.0 1.0
291 44.0 1.0
292 45.0 1.0
293 45.0 0.0
294 44.0 0.0
295 43.0 8.0
296 43.0 7.0
297 44.0 7.0
298 42.0 8.0
299 42.0 7.0
300 46.0 8.0
301 43.0 6.0
302 44.0 5.0
303 42.0 6.0
304 42.0 5.0
305 43.0 5.0
306 43.0 4.0
307 42.0 4.0
308 41.0 7.0
309 41.0 6.0
310 40.0 7.0
311 40.0 8.0
312 40.0 6.0
313 44.0 3.0
314 43.0 3.0
315 43.0 2.0
316 48.0 4.0
317 43.0 1.0
318 42.0 1.0
319 43.0 0.0
320 42.0 0.0
321 42.0 3.0
322 41.0 3.0
323 40.0 4.0
324 41.0 4.0
325 42.0 2.0
326 40.0 3.0
327 41.0 2.0
328 40.0 2.0
329 48.0 8.0
330 40.0 1.0
331 41.0 1.0
332 40.0 0.0
333 41.0 0.0
334 39.0 15.0
335 40.0 15.0
336 40.0 14.0
337 39.0 14.0
338 38.0 15.0
339 38.0 14.0
340 36.0 15.0
341 36.0 16.0
342 37.0 14.0
343 38.0 13.0
344 36.0 14.0
345 37.0 13.0
346 37.0 12.0
347 36.0 12.0
348 36.0 13.0
349 40.0 11.0
350 40.0 12.0
351 39.0 11.0
352 38.0 12.0
353 39.0 12.0
354 38.0 11.0
355 59.0 6.0
356 39.0 10.0
357 40.0 9.0
358 39.0 9.0
359 39.0 8.0
360 38.0 9.0
361 38.0 8.0
362 37.0 11.0
363 37.0 10.0
364 38.0 10.0
365 37.0 8.0
366 36.0 10.0
367 37.0 9.0
368 63.0 32.0
369 36.0 9.0
370 36.0 8.0
371 35.0 12.0
372 36.0 11.0
373 35.0 11.0
374 34.0 12.0
375 34.0 11.0
376 35.0 10.0
377 35.0 9.0
378 34.0 9.0
379 35.0 8.0
380 34.0 8.0
381 34.0 10.0
382 32.0 12.0
383 33.0 12.0
384 32.0 11.0
385 33.0 11.0
386 32.0 10.0
387 33.0 10.0
388 33.0 9.0
389 33.0 8.0
390 32.0 9.0
391 32.0 8.0
392 31.0 45.0
393 31.0 46.0
394 42.0 20.0
395 30.0 45.0
396 28.0 43.0
397 28.0 44.0
398 35.0 28.0
399 21.0 32.0
400 22.0 32.0
401 24.0 34.0
402 24.0 35.0
403 22.0 35.0
404 22.0 36.0
405 16.0 37.0
406 17.0 37.0
407 17.0 36.0
408 18.0 36.0
409 27.0 33.0
410 27.0 34.0
411 29.0 38.0
412 29.0 39.0
413 26.0 38.0
414 26.0 39.0
415 25.0 32.0
416 26.0 32.0
417 64.0 32.0
418 31.0 44.0
419 25.0 43.0
420 26.0 43.0
421 31.0 36.0
422 31.0 37.0
423 44.0 16.0
424 24.0 38.0
425 24.0 39.0
426 20.0 39.0
427 20.0 40.0
428 20.0 30.0
429 21.0 30.0
430 18.0 35.0
431 25.0 6.0
432 26.0 6.0
433 48.0 9.0
434 48.0 10.0
435 24.0 42.0
436 25.0 42.0
437 43.0 20.0
438 44.0 20.0
439 44.0 2.0
440 45.0 2.0
441 37.0 15.0
442 40.0 28.0
443 29.0 44.0
444 30.0 44.0
445 25.0 37.0
446 25.0 38.0
447 22.0 30.0
448 29.0 43.0
449 30.0 43.0
450 18.0 37.0
451 19.0 37.0
452 23.0 32.0
453 23.0 33.0
454 28.0 42.0
455 30.0 42.0
456 21.0 28.0
457 21.0 29.0
458 19.0 39.0
459 22.0 33.0
460 23.0 34.0
461 30.0 38.0
462 31.0 38.0
463 31.0 42.0
464 25.0 33.0
465 27.0 42.0
466 22.0 29.0
467 30.0 39.0
468 32.0 24.0
469 32.0 25.0
470 22.0 28.0
471 24.0 32.0
472 16.0 36.0
473 17.0 32.0
474 17.0 33.0
475 37.0 16.0
476 29.0 42.0
477 30.0 40.0
478 31.0 40.0
479 20.0 29.0
480 48.0 0.0
481 18.0 33.0
482 26.0 33.0
483 26.0 40.0
484 27.0 40.0
485 26.0 37.0
486 24.0 40.0
487 44.0 17.0
488 19.0 40.0
489 17.0 34.0
490 19.0 35.0
491 20.0 35.0
492 18.0 34.0
493 20.0 28.0
494 22.0 38.0
495 23.0 38.0
496 32.0 45.0
497 32.0 46.0
498 20.0 34.0
499 36.0 25.0
500 31.0 39.0
501 32.0 39.0
502 32.0 44.0
503 29.0 32.0
504 30.0 32.0
505 20.0 32.0
506 20.0 33.0
507 19.0 33.0
508 23.0 36.0
509 44.0 21.0
510 44.0 22.0
511 28.0 39.0
512 28.0 40.0
513 32.0 40.0
514 28.0 34.0
515 23.0 39.0
516 23.0 40.0
517 38.0 19.0
518 16.0 35.0
519 17.0 35.0
520 19.0 36.0
521 24.0 33.0
522 44.0 18.0
523 32.0 42.0
524 32.0 43.0
525 23.0 35.0
526 28.0 36.0
527 28.0 37.0
528 20.0 36.0
529 21.0 36.0
530 38.0 28.0
531 27.0 44.0
532 28.0 38.0
533 26.0 41.0
534 26.0 42.0
535 19.0 32.0
536 27.0 32.0
537 21.0 34.0
538 22.0 39.0
539 22.0 40.0
540 20.0 37.0
541 24.0 41.0
542 27.0 36.0
543 27.0 37.0
544 26.0 5.0
545 29.0 40.0
546 26.0 36.0
547 50.0 12.0
548 25.0 41.0
549 29.0 33.0
550 24.0 37.0
551 21.0 37.0
552 58.0 28.0
553 16.0 33.0
554 22.0 34.0
555 16.0 34.0
556 59.0 8.0
557 21.0 33.0
558 25.0 34.0
559 32.0 35.0
560 32.0 36.0
561 25.0 35.0
562 26.0 35.0
563 30.0 34.0
564 31.0 34.0
565 24.0 36.0
566 28.0 35.0
567 47.0 16.0
568 18.0 38.0
569 18.0 39.0
570 20.0 38.0
571 23.0 37.0
572 30.0 37.0
573 32.0 37.0
574 16.0 32.0
575 21.0 38.0
576 18.0 32.0
577 28.0 32.0
578 28.0 33.0
579 19.0 34.0
580 21.0 35.0
581 32.0 34.0
582 19.0 38.0
583 25.0 36.0
584 30.0 41.0
585 28.0 41.0
586 29.0 41.0
587 22.0 37.0
588 32.0 38.0
589 17.0 38.0
590 25.0 39.0
591 20.0 41.0
592 27.0 38.0
593 29.0 45.0
594 26.0 34.0
595 25.0 40.0
596 27.0 35.0
597 29.0 34.0
598 30.0 33.0
599 29.0 35.0
600 29.0 36.0
601 30.0 35.0
602 30.0 36.0
603 31.0 35.0
604 25.0 44.0
605 31.0 43.0
606 24.0 43.0
607 26.0 44.0
608 27.0 41.0
609 27.0 45.0
610 28.0 45.0
611 64.0 28.0
612 62.0 28.0
613 58.0 32.0
614 60.0 28.0
615 56.0 32.0
616 64.0 20.0
617 56.0 22.0
618 62.0 16.0
619 64.0 16.0
620 62.0 14.0
621 64.0 14.0
622 64.0 12.0
623 62.0 12.0
624 60.0 16.0
625 60.0 14.0
626 60.0 12.0
627 60.0 10.0
628 56.0 12.0
629 58.0 12.0
630 58.0 4.0
631 60.0 4.0
632 56.0 4.0
633 56.0 16.0
634 56.0 14.0
635 54.0 12.0
636 50.0 16.0
637 58.0 10.0
638 50.0 2.0
639 52.0 2.0
640 52.0 0.0
641 50.0 0.0
642 50.0 4.0
643 52.0 4.0
644 44.0 26.0
645 44.0 24.0
646 42.0 26.0
647 40.0 26.0
648 48.0 18.0
649 58.0 20.0
650 56.0 10.0
651 36.0 32.0
652 32.0 28.0
653 56.0 20.0
654 22.0 20.0
655 22.0 22.0
656 24.0 30.0
657 24.0 28.0
658 26.0 8.0
659 24.0 20.0
660 24.0 22.0
661 42.0 12.0
662 24.0 24.0
663 26.0 4.0
664 28.0 4.0
665 20.0 22.0
666 24.0 8.0
667 24.0 10.0
668 28.0 8.0
669 20.0 20.0
670 20.0 24.0
671 22.0 24.0
672 28.0 6.0
673 22.0 10.0
674 24.0 12.0
675 22.0 12.0
676 52.0 24.0
677 52.0 20.0
678 64.0 8.0
679 64.0 4.0
680 60.0 0.0
681 64.0 0.0
682 52.0 8.0
683 32.0 16.0
684 32.0 20.0
685 16.0 28.0
686 24.0 16.0
687 32.0 0.0
688 32.0 4.0
689 16.0 24.0
690 28.0 0.0
691 56.0 0.0
692 48.0 32.0
693 16.0 20.0
694 24.0 0.0
695 24.0 4.0
696 36.0 0.0
697 20.0 16.0
698 36.0 4.0
699 48.0 28.0
700 40.0 48.0
701 48.0 48.0
702 32.0 48.0
703 48.0 56.0
704 40.0 64.0
705 48.0 64.0
706 8.0 32.0
707 40.0 56.0
708 16.0 0.0
709 64.0 64.0
710 64.0 48.0
709 710 16
705 709 16
704 705 8
703 707 8
703 705 8
701 710 16
701 703 8
700 707 8
700 702 8
700 701 8
696 698 4
694 708 8
694 695 4
692 701 16
692 699 4
690 694 4
688 698 4
687 690 4
687 696 4
687 688 4
686 697 4
685 689 4
683 686 8
683 684 4
680 691 4
680 681 4
679 681 4
678 679 4
676 677 4
674 686 4
674 675 2
670 689 4
670 671 2
669 697 4
669 693 4
668 672 2
667 674 2
667 673 2
666 667 2
665 670 2
665 669 2
664 688 4
664 690 4
664 672 2
663 664 2
662 671 2
660 662 2
659 686 4
659 660 2
658 666 2
658 668 2
657 662 4
656 657 2
655 671 2
655 665 2
655 660 2
654 669 2
654 659 2
654 655 2
653 677 4
649 653 2
646 647 2
644 646 2
644 645 2
643 682 4
642 643 2
640 691 4
640 641 2
639 643 2
639 640 2
638 641 2
638 642 2
638 639 2
637 650 2
633 653 4
633 634 2
632 643 4
632 691 4
631 680 4
631 679 4
630 632 2
630 631 2
629 637 2
628 650 2
628 634 2
628 635 2
628 629 2
627 637 2
626 629 2
626 627 2
625 626 2
624 633 4
624 625 2
623 626 2
622 678 4
622 623 2
621 622 2
620 625 2
620 623 2
620 621 2
619 621 2
618 620 2
618 624 2
618 619 2
617 653 2
616 619 4
615 692 8
613 615 2
612 614 2
611 612 2
601 603 1
601 602 1
600 602 1
599 601 1
599 600 1
597 599 1
590 595 1
585 608 1
585 586 1
584 586 1
577 578 1
574 706 8
574 685 4
573 588 1
572 602 1
571 587 1
570 575 1
570 582 1
568 589 1
568 582 1
568 569 1
566 599 1
566 596 1
565 583 1
564 581 1
564 603 1
563 601 1
563 597 1
563 598 1
563 564 1
562 596 1
562 594 1
561 583 1
561 562 1
560 573 1
559 603 1
559 581 1
559 560 1
558 561 1
558 594 1
553 574 1
553 555 1
552 614 2
551 587 1
551 575 1
550 565 1
550 571 1
549 598 1
549 597 1
549 578 1
548 595 1
546 562 1
546 583 1
545 586 1
543 592 1
542 596 1
542 546 1
542 543 1
257 297 1
257 295 1
256 257 1
256 300 1
255 257 1
253 256 1
253 255 1
253 254 1
251 259 2
251 255 1
251 254 1
251 252 1
250 254 1
249 250 1
248 252 1
248 254 1
248 249 1
247 248 1
246 329 1
246 300 1
245 433 1
245 246 1
244 300 1
244 253 1
244 250 1
244 245 1
243 434 1
243 245 1
243 250 1
242 249 1
242 243 1
241 249 1
241 247 1
240 434 1
240 242 1
239 547 2
239 240 1
237 252 1
237 247 1
237 661 2
237 238 1
236 247 1
236 238 1
235 238 1
234 235 1
234 236 1
233 423 1
233 235 1
231 234 1
231 233 1
231 232 1
230 231 1
230 423 1
229 242 1
229 241 1
229 239 1
228 241 1
228 236 1
227 228 1
227 234 1
227 232 1
226 239 1
225 229 1
225 228 1
225 226 1
224 225 1
224 227 1
223 226 1
223 224 1
222 438 2
222 276 1
221 232 1
221 567 1
221 224 1
220 636 2
220 648 2
220 567 1
219 223 1
219 221 1
219 220 1
218 517 1
217 684 4
216 218 1
216 282 1
216 217 1
215 282 1
215 218 1
214 475 1
214 338 1
213 214 1
213 334 1
212 214 1
211 630 2
211 355 1
210 517 1
210 215 1
210 212 1
209 423 4
209 335 1
209 213 1
208 209 1
207 212 1
207 213 1
207 208 1
206 208 1
205 207 1
205 210 1
205 206 1
203 218 1
203 217 1
203 204 1
201 217 1
201 204 1
201 202 1
200 517 1
200 203 1
199 204 1
199 200 1
198 204 1
198 202 1
196 197 1
195 202 1
194 198 1
194 195 1
193 194 1
192 194 1
191 193 1
191 199 1
191 198 1
190 651 2
189 193 1
189 192 1
187 191 1
187 188 1
186 187 1
186 193 1
185 188 1
185 186 1
184 186 1
184 189 1
183 469 1
182 183 1
181 652 2
181 469 1
181 182 1
179 468 1
179 183 1
179 180 1
178 183 1
178 180 1
177 499 1
177 178 1
176 499 1
176 195 1
176 192 1
175 180 1
175 177 1
175 176 1
174 499 1
173 178 1
173 182 1
172 177 1
172 173 1
172 174 1
171 442 1
170 652 2
170 398 1
169 173 1
169 170 1
168 174 1
167 169 1
167 398 1
167 172 1
167 168 1
166 652 2
165 166 1
164 190 1
163 504 2
163 581 2
163 165 1
163 164 1
162 166 1
161 190 1
160 165 1
160 162 1
160 164 1
160 161 1
159 161 1
159 162 1
158 170 1
158 159 1
157 159 1
156 398 1
156 158 1
156 157 1
155 651 2
155 157 1
154 156 1
154 155 1
153 154 1
153 398 1
153 168 1
152 530 1
152 153 1
151 530 1
150 154 1
150 152 1
150 151 1
149 155 1
149 150 1
148 530 1
148 442 1
147 151 1
147 148 1
145 151 1
145 149 1
145 146 1
144 147 1
144 145 1
143 651 2
143 146 1
142 144 1
141 146 1
141 144 1
140 142 1
140 141 1
139 140 1
138 141 1
138 143 1
138 139 1
137 200 2
137 206 2
136 137 1
136 394 1
135 188 1
135 137 1
134 188 1
133 136 1
133 135 1
133 134 1
132 134 1
132 185 1
131 132 1
130 647 2
130 185 1
130 184 1
130 131 1
129 646 2
129 645 2
129 131 1
128 132 1
128 129 1
58 617 2
58 649 2
58 59 1
56 59 1
55 58 1
55 56 1
54 56 1
53 624 4
53 649 2
53 57 1
52 57 1
51 52 1
51 196 1
50 54 1
50 57 1
50 55 1
50 51 1
49 53 1
49 52 1
48 196 1
48 52 1
47 616 2
47 49 1
47 48 1
46 197 1
45 616 2
44 196 1
44 45 1
43 45 1
42 197 1
42 44 1
42 43 1
41 611 4
41 43 1
40 42 1
40 46 1
40 41 1
39 676 4
39 617 2
38 39 1
37 39 1
36 59 1
36 37 1
35 36 1
34 38 1
34 37 1
34 35 1
33 34 1
32 33 1
32 38 1
31 32 1
30 33 1
30 31 1
12 614 2
12 15 2
12 13 1
11 12 1
10 613 2
10 11 1
9 13 1
9 11 1
8 9 1
7 368 1
7 8 1
6 9 1
6 10 1
6 7 1
5 612 2
5 13 1
5 8 1
541 548 1
4 611 2
540 570 1
540 551 1
3 5 1
3 4 1
2 417 1
2 4 1
538 539 1
1 3 1
1 8 1
1 368 1
1 2 1
537 580 1
537 557 1
537 554 1
14 552 1
14 19 1
14 15 1
15 613 2
15 17 1
16 615 2
16 18 1
16 17 1
17 19 1
18 28 1
18 19 1
19 29 1
20 26 1
20 25 1
20 21 1
21 614 2
21 23 1
22 46 2
22 54 1
22 24 1
22 23 1
23 25 1
24 36 1
24 56 1
24 25 1
25 35 1
26 35 1
26 33 1
26 27 1
27 30 1
27 552 1
28 31 1
28 29 1
29 552 1
29 30 1
60 63 1
60 62 1
60 61 1
61 678 4
61 627 2
61 556 1
62 67 1
62 556 1
62 355 1
63 631 2
63 355 1
64 66 1
64 68 1
64 65 1
65 637 2
65 67 1
65 556 1
66 69 1
66 70 1
66 67 1
67 211 1
68 682 4
68 650 2
68 69 1
69 71 1
70 211 1
70 71 1
71 632 2
72 78 1
72 77 1
72 73 1
73 633 2
73 75 1
74 635 2
74 634 2
74 76 1
74 75 1
75 78 1
76 79 1
76 78 1
77 677 4
77 636 2
77 80 1
78 80 1
79 83 1
79 81 1
79 80 1
81 82 1
81 86 1
82 85 1
82 87 1
82 83 1
83 84 1
84 682 4
84 635 2
84 85 1
85 547 1
86 636 2
86 223 2
86 87 1
87 547 1
88 91 1
88 93 1
88 89 1
89 692 4
89 90 1
90 92 1
90 91 1
91 98 1
91 94 1
92 98 1
92 96 1
93 139 2
93 94 1
94 102 1
95 644 2
95 699 4
95 99 1
95 96 1
96 97 1
97 104 1
97 99 1
97 98 1
98 102 1
99 100 1
100 104 1
100 646 2
100 171 1
101 142 1
101 103 1
101 102 1
102 104 1
103 171 1
103 105 1
103 104 1
105 147 1
105 442 1
105 142 1
106 109 1
106 108 1
106 107 1
107 699 4
107 676 4
107 111 1
108 111 1
108 112 1
108 114 1
109 116 1
109 114 1
110 645 2
110 112 1
110 111 1
112 113 1
113 510 2
113 114 1
113 276 1
114 118 1
115 677 4
115 648 2
115 117 1
115 116 1
116 118 1
117 222 1
117 118 1
118 276 1
119 522 1
119 122 1
119 120 1
120 222 2
120 648 2
120 121 1
121 123 1
121 122 1
122 487 1
122 230 1
123 567 1
123 232 1
123 230 1
124 134 1
124 127 1
124 128 1
124 125 1
125 510 1
125 126 1
126 509 1
126 437 1
126 127 1
127 394 1
127 133 1
258 261 1
258 262 1
258 259 1
259 661 2
259 260 1
260 298 1
260 261 1
261 357 1
261 263 1
262 349 1
262 356 1
262 357 1
263 308 1
263 311 1
263 298 1
264 266 1
264 268 1
264 265 1
265 329 2
265 267 1
266 271 1
266 269 1
266 267 1
267 316 1
268 300 2
268 271 1
268 273 1
269 270 1
269 316 1
269 277 1
270 280 1
270 275 1
270 271 1
271 274 1
272 302 1
272 301 1
272 297 1
272 273 1
273 274 1
274 302 1
274 275 1
275 288 1
275 289 1
277 285 1
277 280 1
277 278 1
278 316 1
278 279 1
279 638 2
279 285 1
279 281 1
280 284 1
280 288 1
281 480 1
281 283 1
282 341 2
283 290 1
283 286 1
283 285 1
284 440 1
284 290 1
284 285 1
286 480 1
286 287 1
287 293 1
287 290 1
288 440 1
288 313 1
289 313 1
289 306 1
289 302 1
290 292 1
291 317 1
291 439 1
291 294 1
291 292 1
292 440 1
292 293 1
293 294 1
294 319 1
295 296 1
295 298 1
296 301 1
296 299 1
296 297 1
298 299 1
299 303 1
299 308 1
301 305 1
301 303 1
302 305 1
303 304 1
303 309 1
304 307 1
304 305 1
305 306 1
306 307 1
306 314 1
307 324 1
307 321 1
308 310 1
308 309 1
309 312 1
310 312 1
310 311 1
311 359 1
311 357 1
312 323 2
313 439 1
313 314 1
314 321 1
314 315 1
315 439 1
315 325 1
315 317 1
316 642 2
317 319 1
317 318 1
318 331 1
318 320 1
318 325 1
319 320 1
320 333 1
321 325 1
321 322 1
322 326 1
322 327 1
322 324 1
323 698 4
323 326 1
323 324 1
325 327 1
326 328 1
327 331 1
327 328 1
328 330 1
329 682 4
329 433 1
330 332 1
330 331 1
331 333 1
332 696 4
332 333 1
334 337 1
334 338 1
334 335 1
335 336 1
336 350 2
336 337 1
337 339 1
338 441 1
338 339 1
339 343 1
339 342 1
340 344 1
340 441 1
340 341 1
341 683 4
341 475 1
342 441 1
342 345 1
342 344 1
343 345 1
343 352 1
344 348 1
345 348 1
345 346 1
346 347 1
346 362 1
346 352 1
347 372 1
347 371 1
347 348 1
349 351 1
349 350 1
350 661 2
350 353 1
351 353 1
351 356 1
351 354 1
352 354 1
352 353 1
354 364 1
354 362 1
356 364 1
356 358 1
357 358 1
358 359 1
358 360 1
359 361 1
360 367 1
360 361 1
360 364 1
361 365 1
362 372 1
362 363 1
363 367 1
363 366 1
363 364 1
365 367 1
365 370 1
366 372 1
366 369 1
366 376 1
367 369 1
368 417 1
369 370 1
369 377 1
370 698 4
370 379 1
371 373 1
371 374 1
372 373 1
373 376 1
373 375 1
374 383 1
374 375 1
375 385 1
375 381 1
376 381 1
376 377 1
377 379 1
377 378 1
378 380 1
378 388 1
378 381 1
379 380 1
380 389 1
381 387 1
382 683 4
382 384 1
382 383 1
383 385 1
384 386 1
384 385 1
385 387 1
386 387 1
386 390 1
387 388 1
388 389 1
388 390 1
389 391 1
390 391 1
391 688 4
391 668 4
392 496 1
392 418 1
392 395 1
392 393 1
394 437 1
395 444 1
396 448 1
396 454 1
396 397 1
397 443 1
397 610 1
397 531 1
399 557 1
399 505 1
399 400 1
400 447 2
400 452 1
400 459 1
401 558 1
401 521 1
401 460 1
401 402 1
402 561 1
402 525 1
402 565 1
403 580 1
403 554 1
403 525 1
403 404 1
404 587 1
404 529 1
404 508 1
405 406 1
406 589 1
406 450 1
406 407 1
407 519 1
407 472 1
407 408 1
408 450 1
408 520 1
408 430 1
409 578 1
409 536 1
409 482 1
409 410 1
410 596 1
410 594 1
410 514 1
411 532 1
411 461 1
411 412 1
412 511 1
412 467 1
412 545 1
413 592 1
413 446 1
413 485 1
413 414 1
414 590 1
414 483 1
415 471 1
415 464 1
415 416 1
416 482 1
416 536 1
417 710 16
418 444 1
418 605 1
418 502 1
419 606 1
419 604 1
419 436 1
419 420 1
420 607 1
420 534 1
421 560 1
421 602 1
421 603 1
421 422 1
422 573 1
422 572 1
422 462 1
423 487 1
424 446 1
424 495 1
424 550 1
424 425 1
425 590 1
425 515 1
425 486 1
426 570 1
426 458 1
426 427 1
427 591 1
427 539 2
427 488 1
428 505 2
428 479 1
428 429 1
429 457 1
429 447 1
430 490 1
430 519 1
430 492 1
431 432 1
432 672 2
432 658 2
432 544 1
433 434 1
435 606 1
435 541 1
435 436 1
436 534 1
436 548 1
437 438 1
438 522 2
438 509 1
439 440 1
441 475 1
442 647 2
443 593 1
443 448 1
443 444 1
444 449 1
445 550 1
445 583 1
445 485 1
445 446 1
446 590 1
447 656 2
447 466 1
448 476 1
448 449 1
449 605 1
449 455 1
450 568 1
450 451 1
451 582 1
451 540 1
451 520 1
452 471 1
452 453 1
453 460 1
453 521 1
453 459 1
454 585 1
454 476 1
454 465 1
455 584 1
455 476 1
455 463 1
456 493 1
456 470 1
456 457 1
457 479 1
457 466 1
458 569 1
458 582 1
458 488 1
459 557 1
459 554 1
460 554 1
460 525 1
461 572 1
461 467 1
461 462 1
462 500 1
462 588 1
463 605 1
463 523 1
464 521 1
464 558 1
464 482 1
465 534 1
465 608 1
466 470 1
467 477 1
467 500 1
468 662 8
468 684 4
468 469 1
470 657 2
471 656 2
471 521 1
472 518 1
473 576 1
473 574 1
473 474 1
474 553 1
474 489 1
474 481 1
476 586 1
477 545 1
477 584 1
477 478 1
478 513 1
478 500 1
479 493 1
480 641 2
481 507 1
481 492 1
481 576 1
482 594 1
483 533 1
483 595 1
483 484 1
484 608 1
484 512 1
485 543 1
485 546 1
486 541 1
486 516 1
486 595 1
487 522 1
489 519 1
489 555 1
489 492 1
490 520 1
490 579 1
490 491 1
491 580 1
491 528 1
491 498 1
492 579 1
493 670 4
493 685 4
494 538 1
494 575 1
494 587 1
494 495 1
495 515 1
495 571 1
496 502 1
496 497 1
498 579 1
498 537 1
498 506 1
500 501 1
501 588 1
501 513 1
502 524 1
503 577 1
503 549 1
503 504 1
504 598 1
505 535 1
505 506 1
506 557 1
506 507 1
507 579 1
507 535 1
508 571 1
508 565 1
508 525 1
509 510 1
510 645 2
511 532 1
511 512 1
512 585 1
512 545 1
513 523 2
514 597 1
514 566 1
514 578 1
515 538 1
515 516 1
516 539 1
518 555 1
518 519 1
520 528 1
523 524 1
524 605 1
526 600 1
526 566 1
526 542 1
526 527 1
527 543 1
527 532 1
528 540 1
528 529 1
529 551 1
529 580 1
531 609 1
531 607 1
532 592 1
533 608 1
533 548 1
533 534 1
535 576 1
536 577 1
10
104 84 2 2 3
298 48 1 1
563 66 1 1
46 64 3 1 2 3
52 60 2 1 2
229 99 1 2
61 61 2 1 2
406 61 3 1 2 3
498 87 2 1 2
39 43 1 1
253
1 2 1358 292 0.9912566617064233 0.13551053268457436 0
23 82 0 83 197251 108 213430 132 209545 157 281986 182 381447 207 195397 231 215680 256 506467 281 495894 305 290716 330 282149 355 201534 379 250269 404 467946 429 707594 453 1051656 478 1783485 503 2446284 528 2146030 552 3248664 577 3148324 578 0
0
2 1 964 477 0.9842484507203876 0.08817140845176724 0
30 12 0 13 1916816 38 1451891 63 926259 88 728805 113 806463 138 451151 163 735076 188 1043457 213 1482822 238 1347360 263 1256660 288 1515564 313 1115764 338 1009479 362 973501 387 1184957 412 1278281 437 1750773 462 1765896 487 1257855 512 863439 537 658631 562 868799 587 935043 612 796478 637 620387 662 1079429 687 702188 688 0
0
3 2 1042 224 0.9807711374132493 0.103391903790069 0
28 28 0 29 2763760 54 2282860 79 2068635 103 2343825 128 1596934 153 1682167 178 1236735 203 1457418 227 1510999 252 1407912 277 1299414 302 1188166 327 917452 351 1095826 376 1807347 401 2668050 426 1613929 451 2318295 475 1829621 500 1451413 525 1618932 550 1427530 575 1976360 599 2336727 624 1926580 649 2306918 650 0
1 2
4 1 927 344 0.9847255858385343 0.09098817328844593 0
12 370 0 371 791718 397 919723 423 1280963 449 1038505 475 828770 502 956816 528 1516312 554 1188268 580 1040293 606 498559 607 0
0
5 2 745 641 0.9943655078331363 0.13427290508229722 0
18 35 0 36 419132 60 377514 84 324641 109 275116 133 449789 157 532687 181 676233 205 1045783 230 1731670 254 1841615 278 2116485 302 1361112 326 1363221 351 1774173 375 1795970 399 2079712 400 0
1 4
6 3 1067 12 0.9872411434628005 0.13562515417965645 0
19 35 0 36 1638996 61 3282323 86 1922432 111 1683622 136 2005563 161 2135582 186 1925443 211 2078808 237 1584752 262 1277399 287 1109590 312 1296828 337 722826 362 803855 387 737095 412 1788370 437 1355533 438 0
1 4
7 3 1354 578 0.9956661468764276 0.030862418862534602 1
12 297 0 298 2980092 322 2129506 346 2554748 369 1587246 393 1544933 417 1355796 441 1252000 464 1144556 488 1737138 512 1138523 513 0
1 4
8 1 675 617 0.9891821239417742 0.08846854837842621 0
23 177 0 178 3299419 202 3140997 227 4629558 251 2062640 275 2859681 300 1550724 324 1553997 348 1936826 373 1183430 397 678338 421 390649 446 214911 470 374124 495 287759 519 566690 543 421601 568 421513 592 365064 616 185393 641 144664 665 309384 666 0
0
9 2 1211 334 0.9909455217364992 0.08736440512407233 0
8 530 0 531 288240 555 639683 579 678149 602 1004203 626 1595355 650 2353591 651 0
2 8 11
10 2 687 44 0.9873304948665815 0.12963289123191568 0
25 135 0 136 115578 160 79686 185 104209 209 176534 234 278060 258 210813 282 451613 307 572570 331 952715 356 1076080 380 2618174 405 1804196 429 2138672 453 2528534 478 2313900 502 1282680 527 1003698 551 667753 575 731227 600 759678 624 420349 649 618460 673 575079 674 0
2 8 9
11 1 1456 151 0.9985354923788256 0.0010639658065543344 0
29 28 0 29 967763 54 812467 78 970086 103 1254965 127 1318566 152 1431288 177 1776233 201 1758836 226 1419532 251 1310694 275 1442601 300 1893379 324 1781055 349 1101788 374 2158234 398 1950412 423 1514753 447 1733574 472 1607678 497 1667044 521 1752367 546 1524538 571 1664603 595 2257346 620 1490774 644 1029947 669 1054147 670 0
0
12 1 966 50 0.9922488066340502 0.08435508669297913 0
8 231 0 232 460493 255 1071869 277 1184784 300 1366372 322 2006864 345 2141845 346 0
0
13 2 1243 549 0.9909588553116216 0.053291742119839315 0
21 62 0 63 2281862 88 4694181 113 3996816 138 951132 163 1584004 188 2652648 213 1734941 238 853595 263 998934 289 799097 314 779303 339 590157 364 531839 389 591894 414 862535 439 729844 464 1055871 489 925510 514 1023093 515 0
1 12
14 2 1138 105 0.9974640348718672 0.14997405909208622 0
19 124 0 125 2435345 149 2215768 174 1108405 198 1140064 223 621220 247 367864 271 543798 296 1040572 320 1342105 344 1550603 369 956290 393 1063296 417 1874707 442 1802820 466 2041518 491 3137906 515 3814109 516 0
0
15 1 1182 531 0.9844767647653702 0.1114296484957181 0
14 355 0 356 264917 380 208127 405 196259 429 239721 454 414090 478 1048831 503 995226 527 1091276 552 1174150 576 1756377 601 1664583 625 2961403 626 0
1 14
16 3 1439 510 0.9959834204689649 0.1476725049245939 0
29 39 0 40 2296975 65 1435693 91 2764586 116 2347913 141 1948281 166 3062650 192 3252203 217 3481105 242 1569926 267 2314825 293 1847106 318 2462487 343 936143 369 644045 394 932119 419 766708 444 861199 470 929680 495 597932 520 763227 545 824836 571 1539318 596 1695360 621 1517246 646 1615674 672 1760180 697 1893194 698 0
0
17 1 1045 294 0.9813013430355504 0.0010991182617453188 0
27 55 0 56 148630 81 201196 106 221403 131 238117 156 275548 181 466810 206 489444 231 426046 256 398704 281 644532 306 667864 331 634818 356 894270 381 1050759 406 1162567 431 1039092 456 1437190 481 1348528 506 2256237 531 1661469 556 1217347 581 1320576 606 913620 631 1727846 656 1292710 657 0
1 16
18 3 1199 514 0.9989132909053788 0.027713896219801887 0
27 2 0 3 119482 28 152976 53 126756 78 108149 103 116066 128 163910 153 202351 179 188991 204 408572 229 525999 254 455203 279 555401 304 381005 329 562647 354 828198 379 1214179 404 1040440 429 1108702 455 1887079 480 2361357 505 2382173 530 2409864 555 2196702 580 2529895 605 2553439 606 0
1 17
19 3 1113 79 0.9897185965775012 0.04101749234641754 0
28 11 0 12 1553608 37 1106532 61 1321375 86 871703 111 701218 136 779965 160 811830 185 625060 210 725929 234 1110075 259 2058018 284 1841699 309 976273 333 656149 358 581034 383 446148 408 583213 432 612289 457 432954 482 626228 506 694606 531 1498746 556 1559707 581 1899145 605 2518547 630 3659637 631 0
1 17
20 1 1029 374 0.9872946830594505 0.04277288604577057 0
13 398 0 399 989900 424 932852 449 920751 473 1527646 498 1283846 523 2078994 548 1891727 573 1854859 597 2200113 622 2388035 647 1958080 648 0
0
21 2 874 322 0.9952548886898087 0.07745305684618413 1
12 169 0 170 1045785 195 1667633 220 1555263 245 898779 270 903645 296 1391797 321 1086630 346 987810 371 511480 396 1186488 397 0
0
22 2 1045 668 0.9964253857187322 0.06575971364783102 0
10 458 0 459 2165752 484 1738608 510 3330085 535 3077150 561 968465 586 815333 612 510697 637 515061 638 0
0
23 3 1358 661 0.9818667382464935 0.04565773756225873 0
16 225 0 226 1344801 250 1366322 275 1087625 299 758745 324 648139 348 541255 372 826891 397 1005654 421 1678566 445 2760567 470 1952503 494 2278205 519 1490846 543 1791371 544 0
1 22
24 3 1132 568 0.9820731077615209 0.03563812781694948 0
8 76 0 77 1289885 101 1819174 125 946794 149 567505 173 715893 197 531907 198 0
0
25 2 828 74 0.9981342103144221 0.1494228172121039 0
26 54 0 55 131376 80 238058 105 484366 130 630453 155 630639 180 833218 204 1159756 229 1475948 254 1433275 279 1280629 304 1820339 329 1655055 354 1104095 379 1424881 404 859708 429 901754 454 981767 479 1462377 503 794638 528 1059886 553 1575098 578 1513154 603 1134321 628 1338676 629 0
1 24
26 1 1318 356 0.9850797570201089 0.12185628891716847 0
19 134 0 135 727239 161 1508044 186 1324856 212 980569 237 1559598 263 1460641 289 837119 314 746145 340 623999 366 1199508 391 1624280 417 1719467 443 2589904 468 1719581 494 1619792 519 2287490 545 2776990 546 0
0
27 3 882 564 0.9874542806671568 0.1010136458958166 0
26 79 0 80 1485731 105 870957 130 689443 154 697378 179 868823 204 1046000 229 1267496 253 1066126 278 692176 303 1059444 328 1236527 353 1068708 377 1690813 402 1855373 427 2492156 452 2459485 477 3239832 501 1865479 526 829543 551 912259 576 1531933 600 1786648 625 1725351 650 2217262 651 0
0
28 1 1286 486 0.9998139284162705 0.023536974033258776 0
18 29 0 30 413146 55 576683 79 828776 104 1133894 128 1561800 153 2324287 178 2256554 202 2116383 227 1792411 251 2391460 276 1591610 301 940720 325 1102200 350 1520330 374 1372137 399 999592 400 0
1 27
29 2 1322 654 0.9954340298111815 0.005282947246976954 0
8 88 0 89 1065957 113 965924 136 1273229 160 1357521 183 1159263 207 1082590 208 0
1 28
30 1 903 239 0.9852409848751543 0.08932301958898774 0
14 89 0 90 2170912 115 2191685 141 1649114 166 1493317 191 2051144 216 2179181 242 1604474 267 987731 292 875564 317 1035744 343 996474 368 1650995 369 0
0
31 2 1170 307 0.9838641567485524 0.034700136847846896 0
26 116 0 117 1524463 142 1453296 167 1178619 193 1020818 218 1277711 243 1067186 268 1608812 293 1468537 318 1467517 344 1672843 369 1613259 394 1963461 419 1230319 444 1844032 469 2181016 495 2003960 520 2379159 545 1911503 570 1841187 595 2320055 620 2005239 646 2622345 671 1355025 696 1261495 697 0
1 30
32 3 1302 194 0.9836905038847832 0.0260558754425478 0
29 34 0 35 393428 60 1193927 86 876330 111 830201 137 711340 162 1483738 188 1722740 213 1132659 238 1546384 264 1285007 289 977784 315 1115433 340 831234 365 649498 391 889965 416 1052745 442 2195773 467 3135300 493 3556603 518 3501514 543 2437333 569 1638582 594 1590265 620 2401469 645 1529458 671 2455018 696 1934477 697 0
1 30
33 1 1384 3 0.9807273176022261 0.0004949244263566188 0
18 127 0 128 1097765 153 907065 177 1462199 202 1500957 227 1833135 252 1658733 276 1943235 301 1716454 326 1186575 351 2066502 375 2380580 400 2005211 425 1845320 450 1363578 474 935059 499 1035072 500 0
0
34 3 1315 364 0.9864791374382966 0.08538176374936603 0
14 382 0 383 337510 407 322487 432 411849 456 566088 481 1127971 505 1749584 530 2422081 554 2485534 579 2536568 603 1895256 628 1441250 652 1091057 653 0
1 33
35 1 845 686 0.9981596153078846 0.14364672033798864 0
26 82 0 83 1321304 108 1056597 133 1401797 157 884590 182 1133885 207 865126 232 1265732 257 2260349 282 2185413 306 1756321 331 2082051 356 1974435 381 1575781 406 2742247 431 2377322 455 2751101 480 2747512 505 1560364 530 1938776 555 2084414 580 1185293 604 991836 629 1117077 654 1251188 655 0
0
36 1 1341 358 0.9909527086464779 0.06403104949740396 0
22 123 0 124 3243665 149 1549132 174 818703 198 1709710 223 1428800 248 1867395 273 2076294 298 1755301 322 1751015 347 1550901 372 1319122 397 738385 421 748035 446 552764 471 484966 496 333794 521 246402 545 234723 570 252602 595 226950 596 0
0
37 3 744 654 0.9863652740139349 0.06751351731727347 0
13 29 0 30 401335 54 304777 78 336725 102 473536 126 848775 151 974462 175 876976 199 1156758 223 2980202 247 2966819 271 2486074 272 0
1 36
38 2 912 322 0.9864057632563564 0.12637008448852152 0
26 81 0 82 1886898 107 1445608 132 965376 157 1305565 182 1335855 207 1783667 232 1577153 257 1084651 282 902052 307 1004331 332 1280855 357 1080613 383 1006643 408 1102662 433 1029515 458 585812 483 1173595 508 1499359 533 1430608 558 1261406 583 1085552 608 608913 633 704144 658 553868 659 0
0
39 2 1373 47 0.9868324419408216 0.07905478381930199 0
8 456 0 457 3305187 484 2180151 511 1842153 538 1277565 565 702972 592 538304 593 0
0
40 1 1181 491 0.9890787293151478 0.024709937717464048 0
17 234 0 235 1349374 261 1295404 286 1565598 312 1706550 337 1312335 363 1514217 388 1620944 414 2210421 440 2955717 465 1548507 491 1000854 516 1468978 542 1657811 567 2319176 593 1438087 594 0
0
41 2 936 704 0.9864644984615321 0.129487442796671 0
31 1 0 2 2270304 27 2293732 51 2339241 76 1778784 100 954390 125 1057596 149 1373659 174 1385408 198 1154528 223 599900 247 667132 272 412316 296 219275 321 392523 345 622559 370 1031802 395 971534 419 841053 444 707802 468 655176 493 946332 517 1340262 542 1257352 566 1698532 591 2216822 615 1151686 640 1683301 664 2483942 689 3082897 690 0
0
42 2 1259 5 0.9895121344484397 0.13923746489475147 0
8 510 0 511 1753023 537 1353415 562 1661544 588 2111866 613 2290524 639 2382492 640 0
1 41
43 3 884 379 0.9932920215938215 0.06102779832666186 0
26 68 0 69 630866 93 595794 118 598712 142 859781 167 1305272 191 1406993 216 1631918 240 1827755 265 1237141 289 1130671 314 2127275 338 3303755 363 2906501 387 1372966 412 1070223 436 913579 461 1088947 485 839115 510 859782 534 733609 559 770176 583 648956 608 439772 632 504793 633 0
2 41 42
44 1 1000 192 0.9838279010977364 0.027968096680006885 0
16 136 0 137 1875062 161 1560518 185 1527554 209 1019229 233 890728 257 801940 281 1697921 306 1983312 330 2465540 354 1342554 378 1317757 402 1491759 426 813128 450 808924 451 0
2 41 42
45 1 695 598 0.9952673663945398 0.10816367876383302 0
27 61 0 62 516449 87 1000367 113 2208753 138 2680298 164 2269036 189 2426336 215 2251866 240 3106804 266 2570804 291 813782 317 797082 342 856996 367 1694020 393 1059093 418 1645889 444 1351443 469 1121028 495 1339363 520 928981 546 544298 571 432708 597 530558 622 266213 648 348720 673 388590 674 0
0
46 1 1204 368 0.9891621834126217 0.0772167880647513 0
27 77 0 78 875778 103 775319 128 382822 153 272894 178 333947 203 425968 229 392070 254 876418 279 949249 304 1842454 329 1569062 354 1652721 379 1644215 404 1985494 429 1632757 454 1006451 479 726654 504 1070594 529 1011785 555 1277098 580 813264 605 1015142 630 783762 655 990906 680 896030 681 0
1 45
47 3 718 484 0.9826137080667272 0.034670800255495064 0
13 161 0 162 1717357 186 1679811 210 1405921 235 933942 259 816841 283 1159576 307 1420671 331 2138261 356 1910219 380 1979851 404 1224276 405 0
1 46
48 3 860 225 0.9871571796785146 0.12570537528321685 0
23 5 0 6 509402 31 1118281 55 1013925 80 647249 105 1165842 129 829839 154 896987 179 1216050 203 1151500 228 1146369 253 1858212 277 1701939 302 1681924 326 2359377 351 1045583 376 975199 400 667237 425 723457 450 1033475 474 645858 499 787668 500 0
1 47
49 1 941 396 0.9922065269961139 0.09590758453752866 0
28 41 0 42 2746319 67 3291218 92 2750217 117 2209644 142 1090846 167 784271 192 599396 217 674086 242 690710 267 698888 292 520226 317 774146 342 575909 367 615539 392 532632 417 249922 442 248648 467 359592 492 321497 517 515486 542 817381 567 694790 592 655450 617 763702 642 580224 667 779165 668 0
0
50 3 1030 245 0.9917945957015376 0.14610885187816675 0
12 34 0 35 602302 61 393128 87 483390 113 761803 139 1094976 164 1720553 190 1336576 216 1650597 242 3142749 268 3966074 269 0
1 49
51 2 534 130 0.9808587852080696 0.04908796537363605 0
26 15 0 16 221353 41 289692 65 322754 90 329803 115 579944 139 1110518 164 1504538 189 1868647 213 1185867 238 1801353 263 1933169 287 1940989 312 1437681 336 2251050 361 1594870 386 1230481 410 958220 435 887686 460 1118905 484 937376 509 1644010 534 1785377 558 1729185 583 2733426 584 0
0
52 2 1396 265 0.9985636570502531 0.13737079530406457 0
9 358 0 359 1962579 386 1030450 412 1896375 439 1371942 466 852524 492 639043 519 440690 520 0
1 51
53 2 1449 476 0.9961605433814948 0.14161012208749774 0
24 91 0 92 3091889 117 2761325 141 2582144 166 1569433 190 1540811 215 1009780 239 930229 264 1105981 288 925914 313 549941 337 658854 362 315791 386 295992 411 129814 435 97493 460 143683 484 160567 509 88447 533 119880 558 118514 582 197234 607 331948 608 0
0
54 3 633 630 0.9890743826038518 0.11321041362856053 0
17 14 0 15 1594803 40 1859250 65 1430410 90 1219517 115 1443239 140 1237965 165 949033 190 382083 215 296761 240 363977 265 401952 290 390523 315 300948 340 357118 365 266587 366 0
1 53
55 2 1294 530 0.9938677096669073 0.11241989165762299 0
19 233 0 234 814635 259 1479594 284 1109751 309 1601130 334 1739595 359 1457210 384 1773239 409 1577253 434 1227413 459 2030919 484 1889908 509 2227483 534 1740358 559 2296071 584 2771463 609 2301460 634 2291196 635 0
0
56 1 855 401 0.9907683117416712 0.0910817775114253 0
22 149 0 150 382955 175 307504 200 199081 225 223665 251 331004 276 506884 301 553907 326 1000418 351 924871 376 914792 402 773469 427 1289293 452 1006137 477 949200 502 1017804 527 1784396 553 2704422 578 3894139 603 3795695 628 1885913 629 0
2 55 57
57 1 1461 156 0.9839939876260121 0.059103601468377905 0
22 121 0 122 863092 147 798297 173 1462708 198 1591055 224 1952349 249 1063035 275 1178570 300 1330410 325 1682362 351 2282758 376 1393274 402 886436 427 946541 452 676354 478 400956 503 358617 529 251625 554 677530 580 721117 605 554627 606 0
0
58 3 1382 585 0.9818291776984978 0.057832812461346056 0
29 20 0 21 126076 46 153748 70 144565 95 157881 120 210339 145 241419 169 204217 194 263754 219 320356 244 241969 268 395061 293 373618 318 446481 343 571815 367 575874 392 472090 417 747665 441 792276 466 512745 491 696034 516 623403 540 839524 565 1169979 590 1500590 615 1935309 639 2079118 664 3458238 665 0
0
59 1 587 687 0.9992796541845911 0.03971724321741604 0
25 95 0 96 137879 121 197944 147 392416 172 277569 198 411479 223 369904 248 342111 274 432338 299 1091824 325 1080195 350 1511928 375 2804086 401 3437514 426 2370744 452 1394687 477 1294394 503 2025747 528 2392551 553 2697351 579 2455025 604 1617778 630 1114670 655 724549 656 0
1 58
60 3 636 633 0.9841679065709013 0.13915549202921504 0
20 210 0 211 169116 237 127615 262 143049 288 277643 313 510783 339 459609 364 426530 390 847085 415 1030954 441 1744963 466 1028461 492 1631194 517 2112794 543 1856030 568 1687309 594 2188962 619 2946006 645 2471889 646 0
1 59
61 3 910 621 0.9815371302818842 0.005218435371975466 0
18 153 0 154 1010811 179 1447129 204 1912587 229 2570916 253 2052805 278 1621558 303 2078297 328 1487218 353 1571171 378 2247489 403 3715588 428 2195654 452 1599636 477 1831768 502 1330809 527 1100860 528 0
0
62 1 933 189 0.9897246094620574 0.03313040409239729 0
20 229 0 230 587428 254 462814 279 555452 303 338098 327 619499 352 640601 376 358949 400 544320 425 574656 449 464971 474 623325 498 1150085 522 1303801 547 1603794 571 1961910 595 1771749 620 2633430 644 2861453 645 0
0
63 1 1490 522 0.9922363822655665 0.1293699960263032 0
29 7 0 8 777484 33 657592 59 482317 84 800686 109 858393 135 1248478 160 1624157 185 1022166 211 1309569 236 934114 261 1838742 287 3025465 312 3391762 337 2762227 363 3212310 388 3387486 414 2566602 439 2203713 464 2409424 490 1712087 515 1447327 540 1984520 566 2187047 591 1990570 616 1770816 642 1316614 667 1331278 668 0
0
64 1 1152 413 0.9904455931025452 0.13718903154469742 0
18 80 0 81 583434 106 848530 130 609976 155 755854 179 704072 204 1279591 228 1397447 253 2044340 277 1968034 302 2771147 326 2092412 351 2254865 375 1931053 400 2351085 424 1448447 449 950136 450 0
3 63 65 66
65 2 581 574 0.9842747385136547 0.04668802194575777 0
19 84 0 85 2090902 110 1760792 135 1538638 160 1551598 185 1980059 209 3099724 234 2504757 259 2447167 284 1808309 309 1209631 334 1827672 359 1622570 383 1563291 408 1361999 433 1282411 458 981959 483 931667 484 0
0
66 2 1069 200 0.9921883212989895 0.01117201353750485 0
20 212 0 213 2008342 238 1308687 264 1026176 289 928163 315 882344 340 946961 365 1207249 391 1711235 416 1755612 442 2729259 467 2635077 493 3353637 518 2442969 543 1508642 569 1712722 594 2427140 620 1471138 645 2341358 646 0
0
67 2 868 91 0.9995782530561926 0.08741933923739381 0
27 94 0 95 292818 120 341663 145 451035 171 412503 196 690931 221 660581 246 1102396 271 1034349 297 1504771 322 1519249 347 1431991 372 1861213 397 1985304 423 1271684 448 1323966 473 1429866 498 2211129 524 1869433 549 1483921 574 1612665 599 1231128 624 763112 650 1713701 675 2377097 700 1511412 701 0
0
68 1 1216 96 0.981307753736635 0.09681771418514452 0
18 49 0 50 1189758 75 1153480 100 2129449 126 1487827 151 1338805 176 707890 201 771471 226 550128 252 661616 277 628563 302 847064 327 1196785 352 736596 378 338597 403 701110 428 463270 429 0
1 67
69 3 960 314 0.9988575984421201 0.026334563707081537 0
26 38 0 39 882244 64 1296447 89 1843913 114 2061839 140 1681234 165 2262364 190 1266735 215 1202167 240 756591 265 735580 290 507475 315 555834 341 494094 366 671985 391 721411 416 828421 441 884201 466 1288632 491 1087000 516 1113200 542 1534812 567 1553395 592 1644231 617 2343733 618 0
0
70 1 1065 102 0.9997896329808718 0.08265569665169079 0
18 268 0 269 800571 294 1219572 319 933153 343 774393 368 1104370 393 674298 418 773310 443 825510 467 1453670 492 1638727 517 1976704 542 1643101 567 3018461 591 2314343 616 1227168 641 928673 642 0
0
71 1 1387 330 0.9803622730729591 0.02932398734553853 0
30 24 0 25 3043965 50 2645578 74 2348253 99 1243720 124 600380 149 557520 173 527087 198 1076458 223 986453 248 797425 272 684263 297 758413 322 699252 347 540922 371 650076 396 727059 421 460300 446 401140 470 413118 495 420257 520 493379 545 566897 569 859647 594 1001983 619 1221398 644 936393 668 790563 693 620803 694 0
0
72 3 977 275 0.9970282095908096 0.06189736679524182 0
23 7 0 8 691349 33 1081696 58 1638126 83 1973797 108 2021223 133 3214071 158 3221608 183 3298487 208 2714741 233 2061057 259 1434498 284 1377819 309 576752 334 742194 359 280851 384 243729 409 205485 434 179737 459 124144 484 194075 509 220217 510 0
1 71
73 3 670 679 0.9939447344654033 0.09377918027808689 0
24 154 0 155 1200074 180 1419731 206 1357037 231 1202743 256 1715302 282 1412919 307 1739791 332 1283053 358 1451090 383 899479 408 827587 434 1113023 459 1245135 484 1722583 510 1499439 535 1851606 560 2486161 586 1574535 611 1223319 636 1001987 662 1017963 687 1498197 688 0
0
74 1 822 419 0.9878753584340517 0.06105174227635617 0
29 19 0 20 1535167 45 1567674 69 1783944 94 2534931 118 1653813 143 1429112 167 864997 192 934358 216 1000533 241 872953 265 743392 290 960228 314 1620739 339 2546964 364 1370130 388 1735644 413 1794822 437 1584848 462 1067330 486 1424471 511 1468182 535 1599996 560 2291749 584 2218518 609 1575233 633 1186848 658 744474 659 0
1 73
75 2 1467 562 0.9828825263271753 0.13312473897954855 0
9 371 0 372 951046 399 953583 425 1188982 452 1305345 479 1457900 505 1675203 532 1038061 533 0
0
76 3 1078 13 0.9856004282379253 0.09652246194685772 0
25 122 0 123 1002819 148 999169 173 709990 198 737217 224 933750 249 861867 274 1026658 299 1007442 324 1154043 349 1295346 374 758816 399 770904 425 1301479 450 1093990 475 849363 500 974276 525 1163885 550 963890 575 632403 601 942994 626 1836920 651 2074848 676 3688762 677 0
2 75 77
77 1 595 125 0.9874413798002145 0.10551269207750515 0
30 0 0 1 812697 26 1122971 52 1356066 77 1162872 102 920396 128 1662579 153 1326812 179 2257466 204 987515 229 697648 255 944245 280 905813 305 1024092 331 1116793 356 1519075 382 1609837 407 1309293 432 1385408 458 1780397 483 1463512 508 1862270 534 1662761 559 2081228 585 1296946 610 1578599 635 1884324 661 2854091 686 2845965 687 0
0
78 1 581 575 0.9903639264257474 0.016738910532279317 0
16 257 0 258 1380950 283 975044 309 696184 334 748255 360 661791 385 681151 411 747098 436 1508741 462 1155142 487 1840205 513 1402228 538 2330490 564 2299920 589 2000210 590 0
0
79 3 748 9 0.9939774941832276 0.10904282546654206 1
26 7 0 8 1908790 32 1291071 57 872373 81 922894 106 1233130 130 1137407 155 1925106 179 2399558 204 1116559 228 876062 253 1061169 277 745887 302 734903 326 1097828 351 798823 375 706423 400 408573 424 438638 449 339280 473 196394 498 188427 522 157589 547 140198 571 112402 572 0
1 78
80 3 1126 126 0.9849316528050283 0.0800884888998646 0
7 260 0 261 1605550 287 2099717 313 1586160 338 1621419 364 1799879 365 0
0
81 2 1179 370 0.9837372625402814 0.018702265948478607 0
20 38 0 39 2072592 65 3218999 90 1976588 116 1156932 142 701467 167 735318 193 522933 219 376536 244 437562 270 364944 295 207909 321 378722 347 347815 372 248715 398 144777 424 320366 449 197395 475 173556 476 0
0
82 2 1350 259 0.9919685964204636 0.01021717704459244 0
9 170 0 171 1920409 197 1109318 224 827316 251 375532 277 444793 303 893007 330 952046 331 0
1 81
83 1 1024 406 0.9897345561200934 0.09234310110998016 0
28 59 0 60 1629717 85 1872484 109 1930240 134 1528064 158 1554407 183 1527361 207 1426297 232 2145084 256 1645341 281 2073932 305 1389442 330 1248789 354 1327532 379 993523 403 2051743 428 2275571 452 1498806 477 1724494 501 1378941 526 1900250 550 1832538 575 2354065 599 2167165 624 1332243 648 1828575 673 2175597 674 0
0
84 3 1492 613 0.9904710682729382 0.04723445393610714 0
18 162 0 163 1866759 189 1599449 214 2250870 240 2558984 265 2209400 291 1690130 317 1772986 342 1156590 368 531338 393 563869 419 367164 445 324844 470 283978 496 243911 521 239775 547 302122 548 0
0
85 2 500 163 0.9960112320523015 0.08584619621818951 0
10 290 0 291 1872661 317 1385161 344 1138448 370 695316 397 614073 423 969278 450 641407 476 532644 477 0
1 84
86 2 1433 389 0.9873796263411375 0.00038230588330317447 0
19 116 0 117 4168051 142 1835667 167 1718934 193 2085379 218 2818820 243 2576270 268 2613596 293 1512860 319 1130344 344 912393 369 506960 394 384639 419 211720 444 226947 470 217962 495 149744 520 99026 521 0
1 84
87 1 1180 604 0.9914698409779489 0.14980424127175776 0
17 183 0 184 2020743 209 2430545 234 2845358 259 2537168 285 1804556 310 2645643 335 1746836 360 690582 385 528731 410 729795 435 611087 461 879642 486 948260 511 1038614 536 702440 537 0
0
88 3 760 676 0.9889164657269989 0.11103239588973117 0
28 16 0 17 505923 42 672777 67 1029191 91 676014 116 606795 141 514777 166 385781 190 593817 215 362231 240 291407 265 178753 289 219508 314 210166 339 400204 364 356934 388 417186 413 664715 438 1017356 463 1228351 487 1723785 512 3257717 537 2131434 562 2236951 586 3927048 611 3194733 636 4683938 637 0
0
89 2 1034 404 0.9933455151410838 0.14212765936664912 0
10 47 0 48 1785557 74 1711114 101 1435871 127 2557742 153 1752093 179 1166116 206 841557 232 882158 233 0
1 88
90 1 771 432 0.9926972044465069 0.010571481040554064 0
15 32 0 33 2133015 59 687420 84 1536668 110 1569226 136 2072104 161 1501395 187 1216781 213 601785 238 1511225 264 723015 290 679095 315 1858457 341 1062910 342 0
3 88 89 91
91 3 667 664 0.9943192860469705 0.06226593198810844 0
12 268 0 269 1190618 293 1565545 316 950715 340 1607409 363 1219636 387 1268887 410 1600110 434 1244518 457 700056 481 624967 482 0
1 89
92 1 1304 457 0.9899617311420765 0.030658293787764537 0
19 35 0 36 2032017 62 2364009 87 3094519 113 1550477 139 1556620 164 613690 190 325951 216 248736 241 152794 267 137939 293 135068 319 152353 344 103507 370 117932 396 114851 421 100550 447 124335 448 0
0
93 2 1242 571 0.9970047922307075 0.09651331416984885 0
24 34 0 35 436187 61 441121 86 624561 112 882219 137 1059603 163 805756 188 963286 214 734380 239 688163 265 355200 290 382809 316 549006 341 976088 367 819076 392 904359 418 1060998 443 1472793 469 1814669 494 2353055 520 2876007 545 2390236 571 3468855 572 0
1 92
94 2 886 393 0.9976320673507245 0.07249687666638367 0
18 68 0 69 4162125 94 1670004 120 1195305 145 1054549 170 1102461 195 715498 221 752685 246 1318769 271 1579241 296 1387316 322 1456434 347 938947 372 1076315 397 1521702 423 1563935 448 1325511 449 0
1 92
95 3 1084 413 0.9882739297128986 0.05595653789759365 0
18 161 0 162 2558866 186 3221791 210 2641333 234 1709737 259 1262813 283 1217478 307 1190121 331 1081279 355 1318636 379 959285 403 1072479 427 1001414 452 1132949 476 1226543 500 1695354 524 1187058 525 0
0
96 1 1130 16 0.9982301106579153 0.055567803277241694 0
18 186 0 187 3514059 212 2752144 237 2211319 263 1850629 288 1113876 313 1078394 338 1441726 363 928620 389 834286 414 1029298 439 650847 464 464457 489 567907 515 611887 540 343487 565 271933 566 0
1 95
97 2 1096 39 0.9958275695411681 0.11182535954948362 0
11 64 0 65 331349 88 477592 112 864513 135 979590 159 1191867 182 1712396 205 1702105 229 997914 252 841866 253 0
1 95
98 3 1424 486 0.9926694446848774 0.08505426452920917 0
14 402 0 403 618974 427 740642 452 980962 476 1171065 501 1321770 525 1160732 550 1300133 574 642971 599 516583 623 1331337 648 1322053 672 1374939 673 0
0
99 2 570 522 0.9817997998764042 0.11761083744528401 0
29 4 0 5 1019007 30 1104243 54 1123431 79 1353810 103 1426249 128 1458454 152 1652770 177 2789805 202 2134661 226 2732570 251 2146261 275 1887514 300 1578851 325 1499467 349 1792886 374 922168 398 568273 423 550334 447 479630 472 715591 497 928940 521 1109603 546 1470182 570 1052979 595 946643 619 1136894 644 960714 645 0
0
100 3 1379 603 0.9882599390565239 0.09213935478118715 0
20 85 0 86 2048468 111 1802473 135 2001788 160 1811005 184 1810051 209 1171409 234 2208026 258 3175985 283 2680016 307 1382187 332 1759973 356 1294918 381 791639 406 428919 430 453390 455 524458 479 777044 504 686317 505 0
1 99
101 1 1190 364 0.9832554154838334 0.14198820639982176 0
9 225 0 226 1124197 251 1086056 277 1040219 303 982479 328 801289 353 1304638 379 1012559 380 0
1 99
102 1 1282 566 0.9873474993249333 0.06898689452339056 0
23 28 0 29 1828209 54 1984458 79 2388016 104 1433412 129 986867 154 1269877 179 1701846 204 1699789 229 1371330 254 1249218 279 1533974 303 1489612 328 1481124 353 1352211 378 1559329 403 1005504 428 1040051 453 1689112 478 926970 503 835180 528 1276504 529 0
0
103 2 744 366 0.9924764051776322 0.04022906372680263 0
14 268 0 269 288541 293 233624 318 274555 342 369647 366 289356 390 531344 415 515470 439 1092355 463 2367903 487 2649309 512 2094047 536 2250054 537 0
1 102
104 1 1404 286 0.985886409971331 0.10628185177874873 0
22 158 0 159 1184166 184 1172623 209 1189413 234 1848497 259 1798464 284 1733849 309 1552852 334 1752265 359 1132195 384 1195978 409 1745570 434 2776379 459 2028952 484 1139640 509 673817 534 1017004 559 1531551 584 663793 609 708437 634 626011 635 0
1 103
105 2 1129 18 0.9940668301732054 0.0023745722613861264 0
13 453 0 454 299476 478 344557 503 225984 527 276972 552 257704 576 212015 600 213356 625 497273 649 1413054 674 3035917 698 2063240 699 0
0
106 2 1475 591 0.9982211391688699 0.12922560692037663 0
28 34 0 35 2005129 60 2135155 86 1934855 111 1789669 137 2861473 162 2272669 188 2424450 213 1873378 239 1562729 264 1654193 289 1048402 315 1437384 340 1083685 366 1532603 391 1105921 417 1632310 442 2051747 467 915727 493 1526237 518 1896073 544 1900583 569 2076271 595 2850426 620 2717588 646 2706026 671 1806891 672 0
1 105
107 1 603 67 0.9966034492557914 0.0315709313440483 0
29 31 0 32 1773938 57 2512497 81 1246935 106 1881392 130 1624677 155 1251342 179 588647 204 857031 229 1376917 253 1235546 278 1480264 302 1595570 327 2693485 351 2164310 376 1437531 401 1492641 425 3776468 450 1795383 474 1106705 499 737478 524 896525 548 1063560 573 1236766 597 870362 622 1150732 646 1007720 671 949487 672 0
0
108 3 1141 606 0.9842248451755512 0.03828034132178953 0
24 13 0 14 1054301 38 556417 63 903617 87 888076 112 1637930 136 1719687 160 2050601 185 2445793 209 1732251 233 1983862 258 1438960 282 1919989 307 2293574 331 2713446 355 2138908 380 2206967 404 1725032 428 1836279 453 1795994 477 1866622 502 3104697 526 2873955 527 0
1 107
109 3 1246 643 0.9851267973400782 0.0028475861531821745 0
8 506 0 507 1317221 532 1508179 558 1321721 583 2178704 609 1966244 634 2476170 635 0
0
110 1 1077 699 0.9941902742082447 0.10351539416019034 0
13 4 0 5 1487731 30 1186146 56 1180056 81 1945444 106 2212445 131 2567034 157 1409630 182 1548759 207 1624359 233 1329860 258 1761456 259 0
1 109
111 2 864 587 0.9954995599383949 0.05037551362266313 0
21 120 0 121 325976 146 341186 171 728825 197 774054 222 817364 247 1224607 272 1172755 298 1002406 323 2390594 348 2823394 373 3021630 398 4205878 424 2963436 449 1394170 474 1243706 499 897397 525 864023 550 1070403 575 723264 576 0
0
112 3 1144 654 0.9931150588241355 0.0634118403448535 0
25 63 0 64 3237591 89 4949158 113 3213896 138 3134423 163 2402660 187 2073775 212 2591001 236 1344638 261 1610516 286 1446279 310 1482730 335 977100 360 715756 384 607066 409 512868 434 268947 458 111434 483 129747 507 208437 532 230331 557 228858 581 243339 606 447901 607 0
1 111
113 1 872 166 0.9957997809973279 0.050706287621895066 0
10 107 0 108 365578 132 343032 156 403346 180 465195 203 944659 227 1415252 251 1638647 275 2134186 276 0
1 111
114 3 814 536 0.9902545814373616 0.08237791689280732 0
22 210 0 211 1713235 236 1033423 261 2109398 287 2884670 312 1468687 337 1879181 362 1916103 387 1583500 413 1507286 438 1169190 463 598487 488 548681 514 499058 539 477539 564 266009 589 193566 614 320560 640 489701 665 282102 690 789523 691 0
3 111 112 113
115 3 669 86 0.9939479579960979 0.01941437774803772 0
21 142 0 143 3153859 167 2609769 192 2774553 217 2158493 241 1859759 265 1663002 290 1179992 315 1159118 339 660857 363 962264 388 1383136 413 1850259 437 1781826 461 1566632 486 1297086 511 1614300 535 1059844 559 1761962 584 1165609 585 0
0
116 3 705 499 0.9806258609341089 0.09052999961430037 0
22 202 0 203 1589516 228 2170308 252 1648769 277 998016 302 1033636 326 1035167 351 988652 376 1151997 400 897905 425 749573 450 937567 475 952237 499 1764111 524 1738421 549 1813385 573 1291614 598 1884398 623 2542882 647 2015303 672 1489526 673 0
2 115 117
117 2 1245 369 0.9827359609643976 0.1339711016682334 1
24 57 0 58 1959075 83 1921223 108 1323624 132 1370925 157 1992955 182 2385627 207 1015719 231 1914613 256 1788520 281 1253922 306 783346 330 518771 355 464880 380 464670 405 263626 429 221063 454 191012 479 244498 504 287872 528 365733 553 345864 578 244008 579 0
0
118 3 1125 619 0.9800667612886408 0.0006638630809340018 0
11 135 0 136 1944899 160 1491331 183 1025212 207 502270 231 842083 254 705000 278 482744 301 469873 325 479522 326 0
0
119 3 1071 477 0.9832795731305319 0.06335972340657893 0
30 12 0 13 641425 38 476249 64 663858 89 1038639 114 1385672 140 1126932 165 2086711 190 599803 216 976000 241 986414 266 1012293 292 1434082 317 542548 342 289991 368 470241 393 881472 418 727549 444 1038055 469 1107146 494 1626257 520 1368985 545 1089278 570 1189357 596 1831903 621 922638 646 778257 672 1000975 697 969519 698 0
1 118
120 3 1391 249 0.9969932770672455 0.0005981415959148473 0
20 257 0 258 161313 283 186910 308 168816 333 158136 358 156207 383 169169 408 181728 433 388522 458 498753 484 444000 509 835574 534 661703 559 1323165 584 1806112 609 1589404 634 1703812 659 3866951 684 3330850 685 0
1 118
121 2 611 472 0.9965524948891187 0.09954327690959398 0
15 211 0 212 797618 237 1291048 261 997087 286 790538 311 1257453 335 735547 360 1180270 385 1071749 409 1709316 434 2660599 459 2151318 483 2553302 508 2719490 509 0
0
122 2 1112 257 0.9894502654179455 0.05126422362363132 0
28 48 0 49 4570160 74 2265847 98 2891234 123 3762856 148 2773143 173 2956219 197 2874548 222 2937585 247 2713421 271 822370 296 550634 321 344230 346 265418 370 303950 395 321634 420 365315 445 251424 469 552115 494 662255 519 640200 543 575208 568 368331 593 855746 618 828229 642 740773 667 795927 668 0
0
123 2 572 590 0.983966583007864 0.09987855793495742 0
11 194 0 195 1827000 221 1804623 246 1996456 271 1936925 297 2184407 323 1336862 348 839910 373 1172693 399 1122420 400 0
1 122
124 3 816 687 0.9802528234000885 0.0906928790153172 0
19 202 0 203 1648391 228 2047029 253 2161555 279 2178685 304 1449615 329 1074052 355 970140 380 854669 405 1144746 430 939171 455 1436068 481 1609096 506 2384379 531 2603652 557 2729622 582 2836719 607 3333712 608 0
0
125 1 1227 332 0.990513971158487 0.048164384892139776 0
18 37 0 38 607285 63 912318 88 1395472 113 1595473 138 1229228 163 2255814 188 1042989 213 1243718 237 902083 262 1072403 287 1054474 312 849407 337 1204445 362 1159034 387 1313584 412 870348 413 0
1 124
126 2 944 636 0.9901648391101231 0.12350051678836445 0
18 154 0 155 1315031 181 971159 206 1101152 232 1888314 258 1683923 284 1157698 309 631098 335 731484 361 731600 387 885224 412 940684 438 1050518 464 782706 490 549561 515 652495 541 1026452 542 0
1 124
127 2 1251 701 0.9859322263325856 0.039611143989910017 0
30 8 0 9 2368422 34 2335089 60 1275419 85 1245727 111 1462741 136 1711997 161 1713566 187 1551886 212 1736487 238 3185335 263 3654231 288 2356231 314 1620832 339 1208845 365 1391462 390 693439 416 1100482 441 1332058 466 982430 492 895673 517 1023209 543 751918 568 623009 593 607218 619 266993 644 480071 670 563906 695 459636 696 0
2 125 126
128 1 650 284 0.998871873718239 0.1336244599268833 0
12 74 0 75 2235239 100 1771898 124 2054331 149 1520812 174 1263344 198 905596 223 934074 248 1216754 272 845934 297 790924 298 0
0
129 1 500 692 0.9918029043347831 0.09846775611863372 0
8 546 0 547 1514565 574 1397242 601 1971271 629 1308230 656 751684 683 470161 684 0
2 128 130
130 3 808 682 0.988686233524286 0.021331258175397914 0
12 249 0 250 1290281 275 1267405 300 1004822 325 1236259 350 1402341 374 1362766 399 1501417 424 2992434 449 2382616 474 3519669 475 0
0
131 1 741 111 0.9817149643367611 0.13609238417333783 0
10 135 0 136 1331017 161 1866820 187 1086617 212 1258230 237 990480 262 913994 288 1204637 313 1619184 314 0
0
132 3 1054 36 0.9903313816249595 0.09894844192378112 0
23 61 0 62 465484 87 320384 113 312146 138 302803 164 714577 189 557237 215 421728 240 321449 266 748503 291 1294338 317 986902 342 2079085 367 3346481 393 2495492 418 2515364 444 1848774 469 1977572 495 1398209 520 2028496 546 2241252 571 3902025 572 0
0
133 3 1092 677 0.9911844197717788 0.055849778849646564 0
25 27 0 28 1513048 53 1826645 78 2368369 103 1585949 127 1822523 152 1553243 177 648910 202 843148 227 894142 252 784590 277 758651 301 970092 326 842707 351 1312309 376 2187102 401 1789598 426 1842357 451 1368092 476 1533921 500 1252838 525 1071603 550 975984 575 1035469 576 0
1 132
134 2 704 164 0.9849137331087859 0.0592238103803711 0
17 239 0 240 1183226 264 1275104 289 1554901 313 1148491 337 1600129 362 1877280 386 2925399 411 2279624 435 2737141 459 1843265 484 2216423 508 1626110 532 1628669 557 2225734 581 1951707 582 0
0
135 2 591 655 0.9992016404297823 0.029405153671082915 0
27 11 0 12 1784065 37 1594926 61 1663833 86 2159395 111 2173228 135 1925780 160 2648239 184 3234114 209 2791389 234 1889605 258 1294986 283 919961 307 847834 332 1094568 357 688205 381 1037574 406 1328417 431 1474248 455 1640055 480 1479750 505 1254759 529 999684 554 783910 578 1031648 603 1047799 604 0
1 134
136 2 933 606 0.9884946970726508 0.09583093880506034 0
17 166 0 167 310961 192 780012 218 686771 243 818530 268 558605 294 451280 319 488865 345 985934 370 1002709 395 730164 421 1090243 446 1984965 471 2316371 497 4218153 522 3726670 523 0
0
137 2 1107 573 0.9803567718102655 0.05420870195528106 0
25 103 0 104 2408521 128 2807985 153 3293448 177 1716740 202 2407393 226 3009366 251 2590298 275 1560875 300 1895518 324 2199501 349 1162410 373 992662 397 1332328 422 781058 446 668732 471 827847 495 846038 520 718967 544 506649 569 655826 593 382887 618 425792 642 376121 643 0
0
138 1 521 400 0.9853463745967702 0.1478052545482829 0
20 101 0 102 1166196 128 925070 153 565317 179 770435 204 607066 230 427424 256 545871 281 631697 307 747408 332 1105069 358 615039 383 800129 409 793592 435 1269734 460 2492252 486 2970436 511 2964524 537 5310329 538 0
1 137
139 2 882 465 0.9886509249362668 0.1177994272482232 0
11 451 0 452 425788 478 868604 505 884942 531 1229930 557 1254133 583 1661008 609 1647004 636 802957 662 517411 663 0
0
140 3 638 443 0.983284587688251 0.13390466421363306 0
27 0 0 1 186967 26 162081 51 134976 76 58999 101 51712 126 114885 151 146137 175 137784 200 226863 225 328425 250 515766 275 434089 300 855620 325 581836 350 1463396 375 1767942 400 1973236 425 1703872 449 1934938 474 2367767 499 2785555 524 2078096 549 2565025 574 1137400 599 827424 600 0
1 139
141 3 714 262 0.9989563364705237 0.015768462138412303 0
18 269 0 270 783232 296 637643 321 1071845 347 1489159 373 1436840 398 2505811 424 1516782 450 1062956 475 1366457 501 1447182 527 1134224 552 785327 578 486129 604 477007 629 358915 655 308758 656 0
0
142 1 1416 573 0.9860162015402034 0.0238827132916621 0
13 309 0 310 1824669 334 1819697 358 1569768 382 2138608 406 1287073 430 1002025 454 1023750 478 896314 502 768934 526 678418 550 425639 551 0
0
143 3 1444 158 0.9990049870325691 0.13793628363297938 0
29 36 0 37 3638822 62 4055672 86 5096580 111 3087961 136 2084032 160 1574729 185 1308095 210 998894 235 1141863 259 1016454 284 1237828 309 1372706 333 2368126 358 2043416 383 1260465 407 1177147 432 714649 457 579951 481 445411 506 559362 531 806211 556 511453 580 614773 605 497035 630 257957 654 377292 679 499825 680 0
1 142
144 2 1145 16 0.9998760051232771 0.11486661791225437 0
29 30 0 31 747070 56 710208 81 644358 105 589510 130 503377 155 528753 180 549280 204 941347 229 781117 254 762258 279 980785 303 960227 328 917038 353 1361204 378 1776977 403 1718632 427 1732420 452 1848720 477 1395155 502 2197843 526 2457224 551 1507139 576 1428239 601 1063440 625 921118 650 806369 675 1154197 676 0
1 143
145 3 971 366 0.997588058853383 0.07495080552199905 0
27 60 0 61 837202 86 972701 111 1242501 135 1678898 160 1002592 185 894625 209 1036982 234 1105339 259 976611 284 1057256 309 598978 333 686206 358 952269 383 754994 407 1053283 432 1281406 457 1687957 482 1530416 507 1241770 531 714709 556 597893 581 877221 605 1195475 630 1057566 655 1185747 656 0
0
146 3 544 548 0.9970697463376073 0.06539471384295406 0
29 32 0 33 1158557 58 1167196 83 1819448 109 789923 134 785446 159 1692925 184 1927369 209 1851763 235 1574362 260 3396536 285 2190597 310 1793487 335 2085023 361 4217865 386 4673287 411 2179015 436 735378 461 641938 486 541370 512 610717 537 655996 562 566900 587 627002 612 1026027 638 529936 663 460977 688 404792 689 0
1 145
147 1 851 553 0.9832270847585511 0.055371405422471515 0
25 55 0 56 1790600 81 2703933 106 3333275 131 1976946 156 1888349 181 2303197 206 1388762 231 1816449 256 1808235 281 2264823 306 1447018 331 1337320 357 1585442 382 727663 407 1459996 432 927361 457 633543 482 947052 507 694500 532 981198 557 892734 582 783578 607 1351842 608 0
1 146
148 3 1046 551 0.9979589301294273 0.10938055718026368 0
28 28 0 29 1445287 54 973387 79 938748 104 790754 129 733553 155 607592 180 765633 205 822211 230 1046743 255 1546478 280 1672341 305 1215292 330 1386162 356 873607 381 980919 406 893992 431 771296 456 971387 481 649973 506 476456 531 385946 557 537869 582 626970 607 1112353 632 1257243 657 1340359 658 0
0
149 2 1362 400 0.9916518421054397 0.05418261476849688 0
26 83 0 84 1778738 109 1414960 135 2636265 160 1906735 186 1351616 211 1558297 237 1684223 262 988473 287 1743606 313 1847158 338 1500706 364 919093 389 1056979 415 836207 440 792686 466 778013 491 462500 516 604933 542 288800 567 566604 593 449309 618 363581 644 1143692 669 1101815 670 0
1 148
150 3 885 182 0.9960309108429102 0.05297477594925317 0
19 98 0 99 1250906 125 1629060 150 1529556 175 917225 201 822813 227 1043013 252 1045984 277 489311 303 615881 329 940588 354 1064830 379 1759170 405 2092600 431 2049944 456 2762337 481 2640852 507 2360044 508 0
2 148 149
151 2 800 703 0.9989355128146067 0.11246121214439204 0
27 25 0 26 761673 51 798055 76 1305778 101 1614330 125 1975797 150 2076736 175 1689971 200 1338356 225 1027613 249 1522970 274 2217104 299 1027167 324 1509729 349 1396341 374 2200985 399 2608661 423 1388908 448 920912 473 579798 498 619322 523 672890 547 557792 572 397820 597 419974 622 256061 623 0
0
152 3 840 73 0.993377482306167 0.030175706672929913 0
8 393 0 394 962533 420 755261 446 663972 471 944121 497 1904793 523 2442498 524 0
1 151
153 2 744 631 0.995128138068837 0.025858266583082094 0
12 196 0 197 1582377 221 1887494 244 1447253 268 901947 292 1623103 315 1863486 339 1865384 363 2813537 386 2532421 410 2092199 411 0
1 151
154 2 552 92 0.9852533188667336 0.040187383142821616 0
14 321 0 322 470376 346 575620 370 724840 394 662774 418 767033 442 682347 466 808469 490 693028 514 1222355 538 1544068 562 1540767 586 2381477 587 0
0
155 3 527 451 0.9871010341047606 0.06159411829106566 0
16 191 0 192 851238 217 768995 243 1359618 268 1505310 294 2006687 319 1792668 344 1260217 370 1229080 395 1679649 420 1713443 446 1841968 471 2147679 497 2216884 522 2396468 523 0
1 154
156 2 1223 686 0.9807198888278087 0.031085497927707872 0
12 421 0 422 1513685 446 1981319 470 1979063 495 2074853 519 1988972 543 2474068 567 1401021 592 1521567 616 1556171 640 2180519 641 0
0
157 3 1093 284 0.9985407008218674 0.06629879292057451 0
18 55 0 56 1482914 81 2265218 105 1805634 130 1163603 154 1229289 179 1772915 204 967558 228 1522702 253 1177172 277 955042 302 1087961 327 952444 351 1093769 376 954544 400 1023899 425 713745 426 0
1 156
158 2 1459 563 0.9960245391370259 0.11671172068692899 0
9 543 0 544 2731622 567 2478290 590 1825639 613 1110390 637 1617881 660 1503570 683 2041393 684 0
1 156
159 3 851 563 0.9818638129752217 0.07159358890521617 0
20 195 0 196 202990 221 288433 246 191932 271 303906 296 478760 322 839682 347 658211 372 778785 397 851034 422 953588 447 803374 472 650440 497 949491 523 2446798 548 2153692 573 2138254 598 4272667 623 3819450 624 0
2 157 158
160 2 1027 579 0.9864795342311866 0.014730368986905672 0
12 138 0 139 3622944 163 1480460 187 1015804 211 649529 235 601346 259 419613 283 432509 307 434029 331 248877 355 255953 356 0
0
161 2 819 160 0.9868117629278639 0.09759746632091622 0
25 137 0 138 247590 163 246184 188 280303 213 334803 238 493088 263 371624 288 488892 313 554462 338 851512 363 600745 388 500452 413 454839 438 583016 463 472387 488 571206 513 444479 538 587591 563 689442 588 1296904 613 921932 638 1442588 663 2823467 688 2736003 689 0
1 160
162 2 1291 160 0.9993654559915831 0.12427579149186332 0
29 19 0 20 2325685 45 2287905 71 1939654 96 2771812 122 1884899 147 1543470 172 2516356 198 1888013 223 1431226 248 2617894 274 1438207 299 1470546 325 2114104 350 1184410 375 1103997 401 1140499 426 2126934 452 2818079 477 1907398 502 1051763 528 1214383 553 1278278 578 998496 604 1646222 629 2110186 655 1791541 680 2570900 681 0
1 161
163 1 711 28 0.993871323210948 0.020665960637300227 0
17 322 0 323 534997 347 1154141 371 1022909 395 936705 419 923419 443 1378017 467 1693008 491 1524938 516 908764 540 1593715 564 1934461 588 2409131 612 2970002 636 1556102 660 4755111 661 0
0
164 3 724 588 0.9905243287968515 0.06324113127238525 0
18 157 0 158 1606060 183 1790707 208 2128045 233 1784173 257 1238241 282 1144485 307 493365 332 511296 357 704971 382 522025 407 778371 432 534476 456 557119 481 719783 506 505694 531 942266 532 0
1 163
165 2 1334 409 0.996298314311024 0.06877724903638739 0
15 56 0 57 414005 81 667571 105 1210779 129 882414 153 1269710 177 1012797 201 1071244 226 1216296 250 1327676 274 1293664 298 1200775 322 1249512 346 1261894 347 0
1 164
166 2 1191 276 0.9924262897615714 0.07696729456554811 0
18 229 0 230 1290366 255 1211172 281 967465 306 1417357 332 1143105 357 1167358 383 780877 408 985111 434 1009395 459 1749894 485 1311747 510 1058138 536 782326 561 523943 587 675575 612 526661 613 0
0
167 3 843 257 0.9960666215732251 0.12284532670659612 0
11 475 0 476 1465796 501 2245016 525 1507027 550 1453729 575 2336745 599 2449880 624 2365877 648 1549057 673 1932149 674 0
1 166
168 3 1443 345 0.994478678951559 0.08086066794215077 0
15 138 0 139 2602088 165 2091033 191 2525468 217 1275126 243 1333672 269 1514967 295 1807122 320 2116216 346 2339810 372 1941210 398 1642953 424 2546517 450 1112421 451 0
1 166
169 1 655 497 0.9853697523011066 0.11650729882790586 0
31 0 0 1 3381310 26 3383841 51 2425978 76 1157938 101 1046553 126 888319 151 711893 175 568416 200 353197 225 379975 250 429594 275 639359 300 433917 325 539469 350 595824 375 386890 400 383326 425 226732 450 206673 475 107107 500 107355 525 110577 549 110608 574 110980 599 131152 624 104909 649 106740 674 107641 699 133079 700 0
1 167
170 1 951 435 0.9921117907672792 0.10438990341854529 0
15 274 0 275 1294520 300 1494858 325 1476096 351 1194147 376 1598768 401 1954302 427 1269456 452 1370556 477 1867463 502 1248939 527 912697 553 583608 578 504408 579 0
0
171 3 752 281 0.9912717822973407 0.013685774529894362 0
11 350 0 351 2687719 375 1966615 398 1244101 421 837341 445 1546519 469 914695 492 1194167 515 2042474 539 3200469 540 0
1 170
172 1 1149 186 0.9898850444793871 0.025534549121607714 0
18 174 0 175 2446311 200 2312130 225 2125321 250 1576463 274 999205 299 795793 324 631457 349 585721 374 604262 399 695974 424 615163 449 460915 473 349243 498 286050 523 238638 548 300119 549 0
1 171
173 3 1323 702 0.9817323678784206 0.034697828847365546 0
30 3 0 4 1768554 29 1849376 54 1599011 79 2262755 103 3115687 128 1584845 153 1119721 178 345608 203 624289 228 422208 253 354234 277 392475 302 359426 327 312237 352 156639 377 220006 402 163116 426 176805 451 127090 476 73953 501 89161 526 87772 551 117161 576 142539 600 163398 625 132156 650 189577 675 259329 676 0
1 172
174 2 1175 139 0.9823980822219005 0.010435341306112705 0
27 84 0 85 3248822 110 2131035 135 1075495 161 1147663 186 988956 211 1040348 236 1408450 261 1538841 286 1258628 311 1166257 337 508220 362 303535 387 546050 412 741473 437 1285178 463 1287267 488 1242968 513 1102181 538 2013930 563 2160080 588 2072473 613 1901238 639 656119 664 433416 689 672613 690 0
0
175 2 1240 370 0.9833975152401861 0.07564840400103694 0
12 224 0 225 1066583 250 1226447 275 2094490 301 2790251 326 2170806 351 1778732 376 2254538 402 1964100 427 1440477 452 1383689 453 0
1 174
176 3 1248 114 0.9951820079727428 0.13805040867329235 0
20 145 0 146 1207541 171 1202784 195 831614 220 1314621 244 1222921 269 1743797 293 2235950 318 2082781 342 1807910 367 1532946 391 1522365 416 1111699 440 1265453 465 1792427 489 1621555 514 2272206 538 1281439 563 1767263 564 0
2 174 175
177 1 796 500 0.9893636556785613 0.08567857161925732 0
21 5 0 6 1500454 31 2489352 56 3142544 81 1858680 105 1292960 130 1130503 155 710036 180 638827 205 398026 229 618224 254 640472 279 1072767 304 1160280 329 936164 354 893839 379 843473 403 904370 428 863701 453 1008196 454 0
0
178 3 1230 647 0.9880917732699811 0.0003283850474553873 0
22 60 0 61 2074742 85 1839335 110 1395720 134 1622012 159 1639664 183 1732765 208 1220957 232 1219923 256 765528 281 325137 305 466920 330 333580 354 320309 378 417934 403 271295 427 277371 452 219959 476 358820 501 321372 525 206861 526 0
2 177 179
179 3 948 523 0.9895323934078294 0.06371285602448377 0
18 230 0 231 803193 257 559157 282 957932 308 1926345 333 1475939 359 1364830 385 1475691 410 2554764 436 2051325 461 1217496 487 1771184 513 1801534 538 1591999 564 1064723 589 1669266 615 1863428 616 0
0
180 1 1248 23 0.9905175097014637 0.033445629564852815 0
13 58 0 59 1107581 84 1300110 109 1510704 133 1649865 158 1158048 183 1259876 208 971496 233 1080863 257 745149 282 576461 307 239101 308 0
0
181 2 975 301 0.9975557860246661 0.03914571387317031 0
24 68 0 69 2046548 94 1762360 119 1164919 144 1109839 169 1352294 194 1172659 218 1097525 243 1269520 268 1354468 293 1256692 318 1277747 343 1107509 368 1249297 393 1759484 418 2369104 443 2250593 467 1387212 492 1198700 517 607354 542 814248 567 916627 592 650297 593 0
0
182 3 542 30 0.9951294346394067 0.029536171876585166 0
21 44 0 45 1458114 70 1655368 95 1713379 120 1064540 145 559045 170 548873 195 618563 220 647843 245 1129202 269 1456443 294 661401 319 450983 344 520633 369 637857 394 1355459 419 1788689 444 1176046 469 701701 494 985254 495 0
0
183 3 550 362 0.9873977195316533 0.08716102241828437 0
9 476 0 477 706002 503 775253 529 930950 555 1741522 580 1455962 606 1177229 632 1086253 633 0
1 182
184 1 781 568 0.9903445594471263 0.03212367632646399 0
23 2 0 3 1648237 28 3158728 53 3004635 78 2848525 103 2174292 129 1524576 154 1334306 179 1382375 204 2035986 229 1667450 254 2146611 279 1373935 304 1871924 329 1596070 354 982406 379 825700 405 1162412 430 1408991 455 1940881 480 1990936 505 2762418 506 0
0
185 1 813 615 0.9866587045555449 0.12411441403948041 0
14 193 0 194 1063142 220 1252736 246 2298920 272 2082306 298 2747753 324 2205937 349 1332122 375 703768 401 912269 427 1577655 453 1837542 479 1694248 480 0
0
186 3 565 107 0.9981011927622061 0.09261999753906434 0
22 117 0 118 2392532 143 2483803 167 2460438 192 2909822 217 1849487 241 1509962 266 1669362 291 1816716 315 2031261 340 1648354 365 1212448 390 801693 414 730693 439 616645 464 1562338 488 1103113 513 1213337 538 1528598 562 1516753 587 1562737 588 0
1 185
187 1 1126 209 0.9856267360501094 0.12160849514096292 0
21 97 0 98 36480 123 46229 149 76486 174 117997 200 84341 225 90836 251 142739 276 231019 302 296638 327 305809 352 212074 378 246134 403 347221 429 373596 454 663051 480 1148347 505 2790251 531 2802602 556 2389546 557 0
0
188 1 669 584 0.995449905953415 0.016667966162669263 0
13 447 0 448 1722528 473 860145 498 937880 524 1131599 549 1081857 574 1181264 599 1559143 624 1636014 650 1283147 675 1644508 700 3024239 701 0
1 187
189 3 543 430 0.9965342859063037 0.11360686033383902 0
9 368 0 369 1899782 392 1749212 415 2251497 438 1212983 461 1657090 484 2145299 507 2112152 508 0
0
190 3 701 448 0.9984609069817691 0.13718566738847582 0
21 11 0 12 1309436 37 1208751 62 854937 87 1171710 112 1282986 138 1572619 163 2091134 188 1975447 213 2031725 238 1761826 263 1739294 288 1476151 313 1743103 338 2282204 364 1853850 389 945084 414 1483880 439 1711425 464 2358497 465 0
2 189 191
191 2 1372 124 0.9891162879134852 0.008711773426122093 0
29 3 0 4 2662360 29 2675374 53 2926817 78 1585624 102 1653013 127 1507550 151 2027988 176 2228294 200 1435187 225 1480718 249 1164485 274 975241 298 896593 323 955246 348 944317 372 1630195 397 1367059 421 1035422 446 521854 470 387263 495 352760 519 499239 544 681837 568 491320 593 528908 617 696472 642 931993 643 0
0
192 2 950 116 0.9845404452501243 0.02833381025320714 0
31 2 0 3 175081 28 238392 53 213393 78 267880 103 318944 127 282423 152 253512 177 350980 202 277744 227 421605 252 333043 277 278876 302 416202 327 948390 351 1287446 376 2297358 401 2024593 426 2598759 451 1521512 476 2292954 501 3247657 526 2594592 551 2713059 576 1732173 600 1080861 625 1356058 650 2160491 675 1272496 700 1041916 701 0
0
193 3 569 416 0.9974494000352015 0.0980084526232088 0
19 292 0 293 924420 318 1458695 343 1057220 368 1054416 393 1335951 418 1355715 443 844653 468 959438 493 1007163 518 998962 543 1018495 568 1762795 593 1348827 618 1044394 643 1274013 668 1330246 693 1302397 694 0
1 192
194 2 881 272 0.990527104401986 0.10315701339971504 0
27 78 0 79 1361569 104 2148913 128 3073876 153 1336571 178 943934 203 510974 227 669927 252 529535 277 551150 301 602366 326 960723 351 1155836 375 1495533 400 1961281 425 1514461 450 917768 474 984111 499 776396 524 339369 548 280189 573 270491 598 155236 623 129083 647 167711 672 107246 673 0
0
195 1 988 592 0.9857942297354882 0.04632261442062457 0
19 48 0 49 2554394 73 2434510 98 2622749 122 2953686 147 2262996 171 1301848 195 1319741 220 1377136 244 1614976 268 1393475 293 1625277 317 1249974 341 961418 366 1149560 390 1492482 415 918457 439 1171589 440 0
1 194
196 1 552 185 0.9929908002768453 0.03788355430689128 0
25 14 0 15 2308487 39 2292309 64 4261177 88 2499878 113 1873218 137 1828571 162 1978717 186 1689420 211 1370298 235 2057453 260 2147326 284 2461507 308 1840134 333 1244658 357 1293035 382 1054625 406 1602277 431 1863351 455 1747790 480 1403411 504 1120252 529 1601689 553 1885223 554 0
0
197 3 1225 468 0.996072251584277 0.09638250503455431 0
19 196 0 197 2805998 223 2286176 248 1906593 274 1423237 299 1446636 325 1499880 351 1106656 376 1644955 402 1663124 428 1931565 453 1246366 479 1221580 505 916631 530 1399677 556 948223 581 1188431 607 1709370 608 0
1 196
198 1 932 528 0.9869722014160508 0.04090239870559606 0
21 121 0 122 2417347 147 2997483 173 2418605 198 2139221 223 1679686 248 860074 274 434321 299 588857 324 563408 349 483177 375 600613 400 545871 425 861157 451 979616 476 994344 501 1056927 526 1927212 552 1925783 577 1239948 578 0
0
199 1 676 221 0.9918847323015824 0.039478611936973614 0
28 5 0 6 1306602 31 880524 56 2208780 81 1346756 106 1204915 131 1191473 156 762493 181 870989 206 1163643 231 946098 256 932844 281 803569 306 851596 330 732624 355 998914 380 864359 405 1169239 430 1066529 455 820509 480 1205953 505 1623966 530 1251081 555 1387995 580 2000020 605 1671560 630 1266798 631 0
1 198
200 1 999 425 0.9885626768854159 0.016905928859622405 0
28 35 0 36 1287539 61 1799099 87 1022178 112 1693731 137 2060447 163 1931871 188 1543835 213 1839473 239 1638403 264 2181748 289 2187900 315 2973936 340 3391646 365 2310710 390 2070752 416 1441348 441 1155185 466 604013 492 508192 517 404441 542 264682 568 271031 593 238293 618 207323 644 157822 669 198477 670 0
0
201 1 819 532 0.9986796194822039 0.09535303007129993 0
10 34 0 35 481270 58 1154206 82 1243405 105 1670032 129 2156309 152 2968581 176 2145412 199 2024179 200 0
1 200
202 2 1295 663 0.9928890949795788 0.08951982324602605 0
28 47 0 48 197002 72 160421 97 181409 121 322960 146 256326 170 296986 195 325153 219 545624 244 680118 268 733115 293 506777 317 635757 342 1956683 366 2211625 391 1919999 415 2109962 440 2438563 464 2924520 489 1438254 513 2400650 538 1778540 562 1058728 587 825577 611 450386 636 277979 660 251505 661 0
0
203 2 1067 570 0.9942328897240342 0.09551473403804919 0
23 125 0 126 237396 151 193591 175 293289 199 277581 224 386691 249 422103 273 742010 297 867629 322 1840052 347 1705066 371 1845214 395 1938518 420 2522314 445 1774517 469 1639356 493 1398844 518 1640958 543 2147173 567 1950455 591 3406625 616 3000017 617 0
1 202
204 3 767 578 0.989198735302686 0.09516241310454553 0
19 296 0 297 2532323 322 2139624 347 1987055 373 966775 398 812003 423 754184 448 954506 473 763697 499 1088775 524 1270617 549 1229307 574 1376450 599 1783218 624 1508830 650 1848596 675 1181016 700 853043 701 0
0
205 2 758 203 0.9955252370122727 0.10531215737146402 0
8 65 0 66 2509222 90 2601070 115 2402231 139 1423766 164 1387075 188 918399 189 0
1 204
206 2 711 477 0.9958156572455423 0.1355311423239482 0
8 493 0 494 1707168 517 2517859 541 1980970 564 1950654 588 1359794 611 1393470 612 0
0
207 1 557 341 0.9865152414470861 0.06710296406161334 0
11 230 0 231 380061 256 991068 282 1201920 307 762351 333 1207954 358 1481178 383 1655715 409 1757673 434 1583882 435 0
1 206
208 2 1200 138 0.98162531857582 0.14088447359395428 0
27 61 0 62 1580652 87 1561064 113 943711 138 655324 164 827148 189 480368 215 698960 240 742418 266 1133841 291 2053152 317 1681032 342 1483431 367 1779541 393 2088610 418 1239056 444 1195813 469 952560 495 1165502 520 1788462 546 1284991 571 1578511 597 1371594 622 1908167 648 2260347 673 1060041 674 0
2 206 207
209 1 1033 643 0.9922091471362685 0.0006233961717241443 0
10 248 0 249 1377522 273 1171723 298 1098692 322 1314715 346 1002440 370 1633750 395 1192766 419 1334377 420 0
0
210 3 855 544 0.9851354805479152 0.016411046228191204 0
14 280 0 281 2753876 307 1640291 332 1109110 358 758666 384 539719 410 408611 435 375800 461 203987 487 268714 513 269974 538 435394 564 500601 565 0
1 209
211 2 1204 27 0.9876526832097708 0.09872188354611867 0
13 247 0 248 1231740 273 1341543 298 1293664 323 908207 348 947263 373 931866 397 1191625 422 1168366 447 1125910 472 1302002 497 1337964 498 0
1 210
212 1 1321 337 0.9995573454404875 0.1008981756474705 0
17 229 0 230 2302328 255 1881413 279 1469874 304 1704354 328 1808934 353 1871487 377 1459479 402 1219870 427 1136030 451 855577 476 661047 500 396255 525 415283 549 388615 574 269211 575 0
0
213 2 898 590 0.9995160505195738 0.08095854622906026 0
23 12 0 13 803415 38 940100 64 830871 89 753584 115 551164 140 762265 165 782358 191 1541554 216 1385694 242 1033430 267 1345377 292 1675977 318 1118135 343 924606 369 937048 394 1126914 419 1302117 445 1401508 470 1972141 496 1829163 521 1416510 522 0
0
214 3 1138 459 0.9808933041562251 0.02699371637025964 0
22 24 0 25 974822 50 883892 75 885020 100 721788 126 878302 151 651440 176 758263 201 934330 226 878773 251 1106427 277 1724845 302 1040888 327 1336135 352 2223737 377 2538650 402 1705204 428 2482584 453 2899927 478 3181069 503 4738236 504 0
1 213
215 1 1026 34 0.9944583838345981 0.038668034924744 0
31 1 0 2 1520522 27 1855498 51 1794169 76 1920408 101 1695110 125 915173 150 652733 175 1002729 199 910369 224 694259 248 657293 273 871951 298 1112904 322 917683 347 853678 372 1704163 396 1908531 421 1938979 446 2097088 470 1186838 495 2423929 519 2112455 544 1878915 569 968919 593 968064 618 572800 643 757496 667 717998 692 796791 693 0
2 213 214
216 2 1070 320 0.9918143190741625 0.1441785485618851 0
21 228 0 229 361777 253 404915 278 451497 302 860344 327 760264 351 1218672 375 836810 400 1218304 424 613897 449 372831 473 641165 497 863136 522 1198667 546 2032000 570 1598681 595 2422881 619 2877333 644 3452288 668 4377776 669 0
2 213 215
217 2 922 41 0.9883916223454803 0.11038463241245627 0
19 120 0 121 1301817 146 1425541 171 1140679 196 1384973 221 834009 246 1013160 271 935419 296 728824 321 1509279 347 1758407 372 1554540 397 1583218 422 1106966 447 684841 472 500939 497 276860 522 184119 523 0
0
218 2 928 481 0.9982577204033336 0.10112250456065172 0
18 296 0 297 1701658 321 1455447 345 1541111 370 1794736 394 2113169 418 3024151 442 2097758 466 945611 491 932086 515 667695 539 778119 563 962645 587 1238125 612 1374513 636 1652192 660 1237736 661 0
2 217 219
219 3 1094 271 0.9955150185494117 0.010358494518422173 0
23 165 0 166 1297800 191 1239811 216 2102660 241 2271504 266 1447814 291 1307227 317 2068281 342 2246396 367 2308079 392 1310347 417 987712 442 1085706 467 850893 492 519896 517 447405 543 646187 568 551156 593 318625 618 502623 643 355214 668 369291 669 0
0
220 2 1138 236 0.9985873489964046 0.034592768517534477 0
27 65 0 66 1615553 91 1700700 115 1213781 140 857342 165 753957 190 705725 214 684234 239 717615 264 988458 288 804288 313 765086 338 955065 363 706868 387 731771 412 400525 437 611950 461 1139601 486 964033 511 1331746 535 1083479 560 1153131 585 1582164 610 2388123 634 3166357 659 1887922 660 0
1 219
221 1 615 413 0.9807126478333938 0.019722962038002185 0
18 159 0 160 929913 184 726714 208 827564 233 802189 257 809737 281 824502 305 976607 329 991584 354 1111616 378 908814 402 490392 426 535550 450 869201 475 2052704 499 2425635 523 5137765 524 0
0
222 2 1240 330 0.9838493791256135 0.036027100896907756 0
10 438 0 439 2569892 465 1549142 492 1013033 518 687700 544 858271 570 1930784 597 1208878 623 1455808 624 0
1 221
223 1 1169 37 0.980168840818353 0.0668209064645994 0
10 352 0 353 531332 378 755952 403 700677 428 787337 454 1196216 479 1125785 504 2083576 529 2751368 530 0
3 221 224 222
224 1 1133 8 0.9854477419568983 0.0560864188774033 0
17 10 0 11 3013051 36 2185941 60 1572769 85 1839322 110 1325834 134 981758 159 1012541 183 790652 208 641718 233 608799 257 464644 282 593906 307 644406 331 711825 356 677289 357 0
0
225 3 581 529 0.981214687291984 0.09265341001477169 0
11 317 0 318 2002160 343 1670439 368 935783 393 924424 417 1868045 442 1212789 467 946565 492 1869373 517 1731003 518 0
0
226 1 532 514 0.9888649662686438 0.08939112410764376 0
27 54 0 55 183806 80 142863 105 162810 131 300081 156 315622 181 301938 207 537963 232 388142 257 442962 282 329916 307 249015 333 306958 358 259772 383 403343 409 937922 434 850648 459 1138877 484 1207196 509 1493034 535 1438525 560 3257053 585 2532015 611 1402679 636 1609384 661 2498916 662 0
1 225
227 2 735 392 0.984243302276955 0.010329775510968364 0
28 62 0 63 184588 88 238833 113 223744 138 187728 163 267986 188 377633 213 367981 238 596759 263 1564230 288 2489024 313 1467809 338 2169290 363 1846541 387 1024427 412 770645 437 835692 462 788791 487 511234 512 319396 537 258191 562 476868 587 468036 612 687040 637 752000 662 899242 687 1276182 688 0
1 226
228 1 1221 8 0.9843057892770166 0.14079576900219895 0
17 56 0 57 734325 83 843568 108 741800 133 940200 159 1169612 185 1147119 210 1225920 235 1888804 261 2815551 287 2792898 312 2952917 337 1980879 363 1465740 389 1317518 414 1869097 415 0
0
229 2 980 147 0.9848371190380847 0.12256228196269009 0
15 26 0 27 939938 52 758791 77 667774 102 796108 127 806643 152 920966 177 1160382 202 1852684 227 1245740 252 1654936 277 1305206 302 1335064 327 2360200 328 0
1 228
230 1 1246 349 0.9865434808446151 0.11068423855315007 0
17 344 0 345 1186203 370 1196814 395 1316059 421 865838 446 800875 471 922177 496 1040545 521 1159937 547 1233646 572 1256943 597 1107551 622 1727406 648 2398259 673 1555334 698 2391021 699 0
3 228 229 231
231 1 1359 552 0.9991790065507463 0.024336109592511538 0
14 124 0 125 413810 149 414309 173 538554 197 704447 221 1082932 245 587637 269 742264 293 1337851 317 1478804 341 1373545 365 1293691 389 1257867 390 0
1 229
232 3 1157 398 0.9871730151814099 0.09157785632996047 0
11 70 0 71 1007151 94 858206 118 850474 141 530133 165 653129 188 1115551 211 1428009 235 1815761 258 1986441 259 0
0
233 1 950 393 0.9955808653275886 0.08896589086896474 0
28 18 0 19 966479 44 996710 68 873811 93 526588 118 689752 143 967235 167 773431 192 953630 217 783947 241 1086879 266 1392408 291 1584520 316 895927 340 982017 365 1143022 390 658995 415 614180 439 682294 464 668224 489 606101 513 660306 538 1064789 563 766945 588 1012503 612 1194029 637 2622619 638 0
1 232
234 3 653 307 0.9906918586807537 0.07443148857179192 0
25 44 0 45 2743152 70 1376799 95 1437734 119 1162082 144 1439332 169 1061417 194 1071952 218 1130090 243 619267 268 535192 293 620177 317 1128762 342 1231765 367 2355949 392 3554342 417 2783598 441 2571582 466 1520952 491 998406 516 1198231 540 1484902 565 1999913 590 1527673 591 0
1 232
235 3 694 662 0.9993628323206369 0.025134298137520626 0
15 178 0 179 1219172 204 1210806 229 1994053 254 1532162 279 942217 304 1042579 329 994978 355 779574 380 1173362 405 1034171 430 1315800 455 1330710 480 1576832 481 0
1 232
236 1 607 676 0.9932771026548644 0.11347134930275292 0
24 0 0 1 2650237 25 2693352 50 1355632 74 1031024 99 1122686 123 862574 147 808436 172 634451 196 684824 220 767489 245 780068 269 759615 294 835413 318 1066344 342 1313249 367 811824 391 1931512 415 1301725 440 1424240 464 1413790 489 1980460 513 1778860 514 0
0
237 3 1143 173 0.9998731547651898 0.11918926983915126 0
11 381 0 382 2621355 406 2190309 429 1409940 453 879884 477 1875307 501 1479510 525 1144752 548 917348 572 768741 573 0
1 236
238 3 1023 35 0.9843164922061345 0.11718035120959953 0
23 103 0 104 1785530 129 1724420 155 1541772 180 1381169 206 1799043 231 2036764 257 2416445 282 2228257 308 1641272 333 1678633 359 1805339 384 3138977 409 3565001 435 1932592 460 1708611 486 1104180 511 1030839 537 864321 562 928069 588 2085316 613 1945603 614 0
1 236
239 1 1115 169 0.9882541445963584 0.12607837406137012 0
23 85 0 86 1124183 111 2226489 135 1652934 160 1461580 185 1384593 210 838396 235 758816 259 586513 284 538093 309 442438 333 655840 358 439866 383 543586 408 598651 433 607991 457 1118597 482 644709 507 722314 531 830129 556 1317841 581 1527603 582 0
1 237
240 3 777 340 0.9990186986494026 0.07125039566498242 0
14 310 0 311 1987914 336 1854764 360 1670955 385 2267763 409 1184245 434 1098288 458 1426430 483 1326018 507 1306516 532 1388921 556 1043279 581 1687152 582 0
0
241 1 986 583 0.9841916230833883 0.08881768258462124 0
15 209 0 210 4397483 234 3002551 259 1681340 283 1000297 308 1196279 332 1444139 357 915178 381 1082726 405 1227422 430 1110304 454 921774 479 836781 503 984968 504 0
0
242 3 1113 426 0.9860960437782897 0.032129399396229656 0
13 429 0 430 1547707 454 1232323 478 1526117 503 1533782 527 1750648 551 2023568 575 1132707 599 1451489 624 852796 648 1195549 672 859045 673 0
0
243 2 804 218 0.999138654955197 0.12465169908387486 0
27 18 0 19 1440714 44 1376241 69 1533419 95 1052238 120 987465 145 1095068 171 1470586 196 835121 221 604373 246 720687 271 690832 297 998635 322 774633 347 801510 373 1043470 398 1111923 423 1566177 448 1445922 473 877568 499 1155085 524 903856 549 649595 575 621344 600 660751 625 565125 626 0
2 242 244
244 2 753 583 0.990183941252635 0.12142265266995739 0
14 275 0 276 918084 301 2033785 326 1472570 352 1728062 377 1236964 402 1565372 427 1463611 452 868002 477 789693 503 1093856 528 1263136 553 799021 554 0
0
245 2 1261 48 0.9983987179891199 0.09594605069046254 0
24 58 0 59 801108 84 1171983 110 1709215 135 1496399 160 1818819 186 1796639 211 1818860 236 1693458 262 1675384 287 1930541 312 2870027 338 2830498 363 1824529 388 1971513 414 1494903 439 1465998 464 1566650 490 1408402 515 839904 540 1507477 566 923269 591 1140168 592 0
0
246 1 505 221 0.9841604884397243 0.1491735268593247 0
25 118 0 119 137890 144 258929 168 369470 193 200023 218 205725 242 323999 267 726904 291 1035786 316 821292 341 799772 365 562445 390 1028801 415 716219 439 796757 464 663320 489 870175 513 1145363 538 921932 562 1310110 587 1458462 612 1939957 636 2238853 661 2039266 662 0
1 245
247 1 796 401 0.9988503009728339 0.10212335449891692 1
30 8 0 9 58632 34 67200 58 97770 83 69639 107 81991 132 78708 156 122881 181 131091 205 186637 230 329107 255 627890 279 677418 304 860792 328 736448 353 672630 377 1054982 402 1043052 426 1978207 451 2292155 476 2776311 500 3277655 525 1779155 549 2374642 574 2279011 598 3374919 623 2900997 647 2122609 672 1933849 673 0
0
248 2 1136 256 0.9892087357089545 0.08202687293836426 0
13 57 0 58 274884 82 796914 107 793476 131 525832 156 796722 180 1130423 204 1744691 229 1711713 253 1413788 278 2752209 302 3101461 303 0
1 247
249 3 1493 311 0.9809768102061855 0.12466603486481313 0
19 112 0 113 896713 139 687230 164 829468 189 762880 215 1601167 241 1893061 266 1674491 291 2220298 317 1309358 343 982459 368 887422 393 863271 419 1510530 445 1512390 470 1842948 495 2146616 521 2166483 522 0
1 248
250 1 1482 201 0.9820467823986193 0.048487585710191496 0
7 530 0 531 612975 557 628066 583 811945 609 1205499 635 1773110 636 0
0
251 1 837 490 0.9988385202908315 0.03492040678812693 0
29 6 0 7 200215 32 175311 57 317782 82 241498 107 363167 132 561189 157 459873 182 305445 207 471575 232 386373 257 374246 282 396587 307 533875 332 710126 357 1268900 382 2377446 407 2853615 432 3129644 457 5654225 482 2880468 507 1702561 532 2483617 557 1344408 582 2035173 607 1576191 632 1114406 657 2238825 658 0
3 250 252 253
252 1 1134 246 0.9880032062714261 0.09287911596637392 0
13 130 0 131 968749 156 1208997 181 1189863 207 854002 232 626059 257 302977 282 545769 307 668003 333 904605 358 1634306 383 1682293 384 0
0
253 3 1391 348 0.9953495486458075 0.06321157040854088 0
9 100 0 101 825960 127 1520837 154 902653 180 927390 206 1025566 233 1915541 259 3202466 260 0
1 252
7 5 17277297754170823350
0.98922632047529435 0.010772893081372545 7.8644333311045697e-07 0 0 0 0 
0.0089200006047319529 0.82084573547428608 0.17014975024161058 8.4513679371500254e-05 0 0 0 
0.00032472656255418781 0.42525637760150153 0.54726696567928534 0.027118825099963675 3.3105056695357375e-05 0 0 
0 2.1071624926509264e-06 0.0088247165752158799 0.97239821780546065 0.018752904064297013 2.2054392533978276e-05 0 
0 0 4.0831341991025342e-08 0.05709228986146922 0.91687433277577179 0.025980548067743438 5.2788463673516503e-05 
0 0 0 5.7211382554397352e-06 0.11572455964624589 0.85229561869238235 0.03197410052311643 
0 0 0 0 8.6627955780469427e-05 0.14807353929616543 0.85183983274805408 
7 0 0 0 0 0 0 0
0.024435931692363515 0.9963899935446413 0.28105158224619353
