A
300
1417 2407
1 83.0 71.0
2 84.0 71.0
3 84.0 70.0
4 83.0 72.0
5 82.0 71.0
6 82.0 72.0
7 67.0 17.0
8 68.0 17.0
9 66.0 69.0
10 66.0 70.0
11 66.0 16.0
12 67.0 16.0
13 67.0 78.0
14 68.0 78.0
15 68.0 31.0
16 69.0 31.0
17 33.0 36.0
18 34.0 36.0
19 13.0 39.0
20 14.0 39.0
21 54.0 53.0
22 55.0 53.0
23 117.0 44.0
24 118.0 44.0
25 58.0 35.0
26 58.0 36.0
27 119.0 41.0
28 119.0 42.0
29 74.0 74.0
30 74.0 75.0
31 117.0 34.0
32 118.0 34.0
33 115.0 41.0
34 116.0 41.0
35 55.0 43.0
36 56.0 43.0
37 11.0 39.0
38 12.0 39.0
39 76.0 82.0
40 76.0 83.0
41 84.0 72.0
42 35.0 31.0
43 36.0 31.0
44 3.0 33.0
45 3.0 34.0
46 89.0 15.0
47 90.0 15.0
48 30.0 12.0
49 31.0 12.0
50 78.0 82.0
51 78.0 83.0
52 39.0 38.0
53 40.0 38.0
54 91.0 8.0
55 92.0 8.0
56 121.0 42.0
57 122.0 42.0
58 66.0 18.0
59 67.0 18.0
60 48.0 45.0
61 49.0 45.0
62 78.0 22.0
63 78.0 23.0
64 118.0 47.0
65 118.0 48.0
66 1.0 33.0
67 2.0 33.0
68 83.0 70.0
69 63.0 42.0
70 64.0 42.0
71 66.0 77.0
72 66.0 78.0
73 92.0 11.0
74 92.0 12.0
75 114.0 32.0
76 114.0 33.0
77 93.0 12.0
78 94.0 12.0
79 71.0 79.0
80 71.0 80.0
81 70.0 22.0
82 71.0 22.0
83 115.0 33.0
84 116.0 33.0
85 14.0 40.0
86 71.0 23.0
87 72.0 23.0
88 105.0 54.0
89 105.0 55.0
90 125.0 44.0
91 125.0 45.0
92 117.0 46.0
93 117.0 47.0
94 120.0 48.0
95 120.0 49.0
96 31.0 14.0
97 32.0 14.0
98 72.0 22.0
99 50.0 24.0
100 50.0 25.0
101 114.0 35.0
102 114.0 36.0
103 122.0 46.0
104 122.0 47.0
105 35.0 35.0
106 36.0 35.0
107 37.0 36.0
108 37.0 37.0
109 64.0 83.0
110 64.0 84.0
111 106.0 51.0
112 107.0 51.0
113 113.0 45.0
114 113.0 46.0
115 71.0 73.0
116 71.0 74.0
117 78.0 77.0
118 78.0 78.0
119 116.0 46.0
120 116.0 47.0
121 48.0 54.0
122 49.0 54.0
123 73.0 72.0
124 74.0 72.0
125 3.0 36.0
126 3.0 37.0
127 50.0 27.0
128 51.0 27.0
129 72.0 21.0
130 38.0 33.0
131 38.0 34.0
132 116.0 48.0
133 117.0 48.0
134 123.0 49.0
135 124.0 49.0
136 49.0 44.0
137 112.0 45.0
138 65.0 24.0
139 66.0 24.0
140 72.0 24.0
141 108.0 54.0
142 108.0 55.0
143 64.0 82.0
144 69.0 72.0
145 70.0 72.0
146 38.0 18.0
147 38.0 19.0
148 127.0 50.0
149 127.0 51.0
150 45.0 45.0
151 46.0 45.0
152 33.0 29.0
153 34.0 29.0
154 66.0 17.0
155 112.0 36.0
156 113.0 36.0
157 1.0 34.0
158 1.0 35.0
159 126.0 45.0
160 126.0 46.0
161 123.0 51.0
162 124.0 51.0
163 70.0 32.0
164 71.0 32.0
165 77.0 82.0
166 121.0 43.0
167 126.0 44.0
168 92.0 28.0
169 93.0 28.0
170 56.0 53.0
171 56.0 54.0
172 55.0 52.0
173 56.0 52.0
174 55.0 54.0
175 55.0 42.0
176 78.0 30.0
177 78.0 31.0
178 54.0 54.0
179 72.0 30.0
180 72.0 31.0
181 13.0 37.0
182 13.0 38.0
183 120.0 47.0
184 121.0 47.0
185 54.0 52.0
186 47.0 45.0
187 47.0 46.0
188 41.0 46.0
189 42.0 46.0
190 3.0 38.0
191 50.0 53.0
192 50.0 54.0
193 49.0 53.0
194 41.0 47.0
195 41.0 48.0
196 50.0 52.0
197 40.0 31.0
198 40.0 32.0
199 40.0 35.0
200 40.0 36.0
201 68.0 18.0
202 126.0 52.0
203 126.0 53.0
204 48.0 53.0
205 40.0 17.0
206 40.0 18.0
207 52.0 51.0
208 52.0 52.0
209 79.0 30.0
210 79.0 31.0
211 51.0 52.0
212 50.0 50.0
213 51.0 50.0
214 73.0 22.0
215 73.0 23.0
216 13.0 36.0
217 50.0 51.0
218 49.0 51.0
219 73.0 20.0
220 74.0 20.0
221 75.0 78.0
222 75.0 79.0
223 49.0 50.0
224 48.0 50.0
225 48.0 51.0
226 63.0 43.0
227 64.0 43.0
228 62.0 44.0
229 63.0 44.0
230 122.0 43.0
231 122.0 44.0
232 62.0 43.0
233 60.0 41.0
234 60.0 42.0
235 104.0 56.0
236 105.0 56.0
237 62.0 42.0
238 62.0 41.0
239 119.0 40.0
240 120.0 40.0
241 61.0 40.0
242 61.0 41.0
243 106.0 54.0
244 66.0 29.0
245 67.0 29.0
246 65.0 76.0
247 66.0 76.0
248 56.0 35.0
249 56.0 36.0
250 38.0 16.0
251 39.0 16.0
252 127.0 44.0
253 127.0 45.0
254 56.0 42.0
255 30.0 1.0
256 30.0 2.0
257 116.0 34.0
258 116.0 35.0
259 72.0 32.0
260 54.0 43.0
261 54.0 44.0
262 54.0 42.0
263 124.0 52.0
264 124.0 53.0
265 68.0 77.0
266 69.0 77.0
267 55.0 40.0
268 55.0 41.0
269 115.0 34.0
270 31.0 16.0
271 32.0 16.0
272 14.0 36.0
273 15.0 36.0
274 11.0 40.0
275 12.0 40.0
276 50.0 44.0
277 51.0 44.0
278 49.0 46.0
279 50.0 46.0
280 120.0 52.0
281 121.0 52.0
282 50.0 45.0
283 91.0 12.0
284 48.0 46.0
285 49.0 52.0
286 73.0 21.0
287 73.0 75.0
288 89.0 17.0
289 90.0 17.0
290 46.0 46.0
291 38.0 36.0
292 108.0 56.0
293 122.0 50.0
294 122.0 51.0
295 46.0 44.0
296 44.0 46.0
297 45.0 46.0
298 121.0 50.0
299 35.0 26.0
300 35.0 27.0
301 118.0 35.0
302 119.0 35.0
303 45.0 44.0
304 56.0 41.0
305 52.0 44.0
306 52.0 45.0
307 45.0 42.0
308 46.0 42.0
309 38.0 17.0
310 33.0 37.0
311 33.0 38.0
312 44.0 43.0
313 45.0 43.0
314 127.0 49.0
315 128.0 49.0
316 116.0 32.0
317 70.0 79.0
318 70.0 80.0
319 32.0 15.0
320 30.0 14.0
321 30.0 15.0
322 68.0 30.0
323 44.0 44.0
324 44.0 42.0
325 43.0 48.0
326 44.0 48.0
327 44.0 47.0
328 44.0 45.0
329 43.0 44.0
330 43.0 45.0
331 43.0 46.0
332 122.0 48.0
333 54.0 41.0
334 43.0 47.0
335 77.0 24.0
336 77.0 25.0
337 80.0 31.0
338 80.0 32.0
339 118.0 46.0
340 40.0 47.0
341 40.0 48.0
342 40.0 46.0
343 32.0 12.0
344 32.0 13.0
345 41.0 44.0
346 42.0 44.0
347 41.0 45.0
348 51.0 24.0
349 52.0 24.0
350 28.0 7.0
351 28.0 8.0
352 67.0 31.0
353 112.0 35.0
354 69.0 74.0
355 70.0 74.0
356 35.0 42.0
357 36.0 42.0
358 95.0 12.0
359 64.0 68.0
360 65.0 68.0
361 36.0 41.0
362 126.0 50.0
363 36.0 40.0
364 29.0 8.0
365 30.0 8.0
366 34.0 42.0
367 35.0 41.0
368 84.0 11.0
369 85.0 11.0
370 34.0 41.0
371 79.0 78.0
372 79.0 79.0
373 32.0 29.0
374 34.0 40.0
375 40.0 37.0
376 90.0 11.0
377 90.0 12.0
378 39.0 37.0
379 38.0 38.0
380 67.0 32.0
381 74.0 77.0
382 74.0 78.0
383 38.0 37.0
384 39.0 36.0
385 68.0 16.0
386 37.0 38.0
387 33.0 25.0
388 33.0 26.0
389 37.0 34.0
390 91.0 9.0
391 91.0 10.0
392 65.0 77.0
393 65.0 78.0
394 69.0 79.0
395 69.0 80.0
396 36.0 19.0
397 37.0 19.0
398 30.0 13.0
399 91.0 13.0
400 35.0 29.0
401 122.0 40.0
402 122.0 41.0
403 39.0 18.0
404 35.0 20.0
405 36.0 20.0
406 34.0 35.0
407 2.0 34.0
408 2.0 35.0
409 31.0 15.0
410 20.0 2.0
411 20.0 3.0
412 36.0 28.0
413 37.0 28.0
414 37.0 20.0
415 57.0 35.0
416 3.0 32.0
417 57.0 21.0
418 58.0 21.0
419 74.0 79.0
420 51.0 46.0
421 82.0 70.0
422 14.0 37.0
423 14.0 38.0
424 35.0 34.0
425 35.0 36.0
426 92.0 10.0
427 76.0 81.0
428 115.0 46.0
429 115.0 47.0
430 38.0 28.0
431 38.0 29.0
432 78.0 32.0
433 79.0 32.0
434 16.0 37.0
435 16.0 38.0
436 65.0 29.0
437 15.0 38.0
438 16.0 36.0
439 62.0 20.0
440 62.0 21.0
441 126.0 47.0
442 126.0 48.0
443 119.0 32.0
444 120.0 32.0
445 15.0 37.0
446 0.0 37.0
447 0.0 38.0
448 118.0 42.0
449 118.0 43.0
450 13.0 40.0
451 112.0 34.0
452 113.0 34.0
453 78.0 80.0
454 79.0 80.0
455 14.0 35.0
456 75.0 77.0
457 1.0 38.0
458 2.0 38.0
459 30.0 16.0
460 80.0 22.0
461 80.0 23.0
462 116.0 42.0
463 13.0 34.0
464 14.0 34.0
465 119.0 33.0
466 13.0 35.0
467 35.0 21.0
468 35.0 22.0
469 120.0 51.0
470 121.0 51.0
471 42.0 47.0
472 42.0 48.0
473 12.0 35.0
474 12.0 36.0
475 36.0 30.0
476 48.0 44.0
477 37.0 32.0
478 37.0 33.0
479 46.0 43.0
480 3.0 39.0
481 3.0 40.0
482 37.0 18.0
483 125.0 49.0
484 126.0 49.0
485 34.0 21.0
486 123.0 52.0
487 36.0 29.0
488 106.0 55.0
489 107.0 55.0
490 71.0 78.0
491 72.0 78.0
492 12.0 38.0
493 77.0 31.0
494 77.0 32.0
495 35.0 40.0
496 4.0 32.0
497 78.0 79.0
498 32.0 30.0
499 34.0 37.0
500 56.0 34.0
501 57.0 34.0
502 120.0 46.0
503 34.0 22.0
504 29.0 2.0
505 10.0 38.0
506 11.0 38.0
507 52.0 25.0
508 74.0 76.0
509 106.0 49.0
510 107.0 49.0
511 76.0 74.0
512 76.0 75.0
513 119.0 34.0
514 4.0 40.0
515 36.0 38.0
516 4.0 39.0
517 33.0 27.0
518 33.0 28.0
519 4.0 38.0
520 91.0 16.0
521 91.0 17.0
522 55.0 44.0
523 2.0 39.0
524 2.0 40.0
525 47.0 44.0
526 108.0 48.0
527 108.0 49.0
528 114.0 47.0
529 52.0 46.0
530 121.0 40.0
531 73.0 76.0
532 64.0 76.0
533 63.0 20.0
534 63.0 21.0
535 121.0 49.0
536 122.0 49.0
537 51.0 51.0
538 33.0 24.0
539 34.0 24.0
540 75.0 82.0
541 62.0 40.0
542 30.0 10.0
543 30.0 11.0
544 106.0 50.0
545 2.0 37.0
546 92.0 13.0
547 92.0 14.0
548 39.0 26.0
549 40.0 26.0
550 64.0 21.0
551 36.0 36.0
552 34.0 28.0
553 39.0 17.0
554 36.0 32.0
555 36.0 33.0
556 73.0 73.0
557 74.0 73.0
558 1.0 37.0
559 76.0 18.0
560 76.0 19.0
561 80.0 78.0
562 80.0 79.0
563 60.0 40.0
564 40.0 16.0
565 118.0 36.0
566 119.0 36.0
567 0.0 32.0
568 1.0 32.0
569 59.0 16.0
570 59.0 17.0
571 17.0 16.0
572 18.0 16.0
573 12.0 37.0
574 51.0 45.0
575 36.0 34.0
576 80.0 30.0
577 76.0 25.0
578 39.0 32.0
579 2.0 36.0
580 125.0 48.0
581 64.0 44.0
582 40.0 30.0
583 64.0 20.0
584 34.0 25.0
585 34.0 26.0
586 90.0 16.0
587 67.0 77.0
588 127.0 47.0
589 127.0 48.0
590 125.0 52.0
591 125.0 53.0
592 34.0 27.0
593 128.0 44.0
594 28.0 2.0
595 68.0 29.0
596 52.0 27.0
597 31.0 11.0
598 12.0 34.0
599 51.0 28.0
600 52.0 28.0
601 24.0 8.0
602 24.0 9.0
603 75.0 81.0
604 22.0 10.0
605 23.0 10.0
606 50.0 28.0
607 20.0 4.0
608 21.0 4.0
609 118.0 40.0
610 73.0 74.0
611 76.0 73.0
612 74.0 82.0
613 35.0 30.0
614 33.0 30.0
615 34.0 30.0
616 29.0 7.0
617 79.0 21.0
618 79.0 22.0
619 113.0 35.0
620 29.0 0.0
621 29.0 1.0
622 28.0 0.0
623 18.0 15.0
624 76.0 32.0
625 16.0 14.0
626 16.0 15.0
627 24.0 10.0
628 65.0 30.0
629 34.0 20.0
630 37.0 31.0
631 17.0 15.0
632 79.0 24.0
633 80.0 24.0
634 106.0 56.0
635 115.0 32.0
636 38.0 31.0
637 39.0 31.0
638 37.0 29.0
639 76.0 24.0
640 21.0 2.0
641 22.0 2.0
642 36.0 26.0
643 36.0 27.0
644 70.0 76.0
645 71.0 76.0
646 28.0 1.0
647 125.0 51.0
648 70.0 78.0
649 22.0 8.0
650 23.0 8.0
651 56.0 40.0
652 30.0 0.0
653 36.0 21.0
654 10.0 39.0
655 114.0 45.0
656 114.0 46.0
657 36.0 18.0
658 35.0 28.0
659 77.0 74.0
660 114.0 34.0
661 92.0 20.0
662 93.0 20.0
663 22.0 3.0
664 22.0 4.0
665 23.0 9.0
666 17.0 14.0
667 66.0 30.0
668 66.0 31.0
669 16.0 16.0
670 0.0 34.0
671 0.0 35.0
672 64.0 24.0
673 121.0 41.0
674 117.0 39.0
675 117.0 40.0
676 96.0 12.0
677 32.0 28.0
678 38.0 32.0
679 21.0 3.0
680 87.0 10.0
681 87.0 11.0
682 69.0 73.0
683 70.0 73.0
684 69.0 76.0
685 78.0 24.0
686 78.0 25.0
687 70.0 23.0
688 22.0 9.0
689 40.0 45.0
690 69.0 29.0
691 74.0 21.0
692 34.0 31.0
693 34.0 32.0
694 0.0 33.0
695 90.0 9.0
696 31.0 10.0
697 39.0 34.0
698 39.0 35.0
699 32.0 24.0
700 32.0 25.0
701 71.0 24.0
702 4.0 36.0
703 57.0 22.0
704 94.0 11.0
705 95.0 11.0
706 114.0 41.0
707 38.0 20.0
708 31.0 13.0
709 32.0 10.0
710 18.0 14.0
711 32.0 11.0
712 60.0 16.0
713 60.0 17.0
714 36.0 22.0
715 89.0 16.0
716 51.0 26.0
717 52.0 26.0
718 4.0 35.0
719 1.0 36.0
720 88.0 18.0
721 89.0 18.0
722 54.0 40.0
723 61.0 42.0
724 120.0 53.0
725 39.0 25.0
726 123.0 53.0
727 123.0 54.0
728 56.0 21.0
729 62.0 22.0
730 63.0 22.0
731 90.0 18.0
732 91.0 18.0
733 75.0 18.0
734 116.0 36.0
735 117.0 36.0
736 67.0 28.0
737 90.0 8.0
738 113.0 44.0
739 114.0 44.0
740 51.0 25.0
741 75.0 72.0
742 75.0 73.0
743 76.0 76.0
744 76.0 77.0
745 114.0 42.0
746 115.0 42.0
747 38.0 35.0
748 78.0 73.0
749 78.0 74.0
750 64.0 25.0
751 65.0 25.0
752 37.0 35.0
753 93.0 8.0
754 2.0 32.0
755 70.0 77.0
756 70.0 31.0
757 88.0 10.0
758 4.0 37.0
759 57.0 36.0
760 4.0 33.0
761 77.0 26.0
762 78.0 26.0
763 4.0 34.0
764 3.0 35.0
765 29.0 6.0
766 69.0 78.0
767 73.0 79.0
768 56.0 44.0
769 28.0 6.0
770 32.0 27.0
771 79.0 23.0
772 32.0 26.0
773 78.0 76.0
774 123.0 42.0
775 124.0 42.0
776 37.0 30.0
777 58.0 20.0
778 72.0 75.0
779 75.0 19.0
780 32.0 37.0
781 32.0 38.0
782 70.0 29.0
783 70.0 30.0
784 64.0 69.0
785 64.0 70.0
786 78.0 21.0
787 48.0 52.0
788 58.0 18.0
789 59.0 18.0
790 73.0 80.0
791 74.0 80.0
792 50.0 26.0
793 120.0 43.0
794 123.0 40.0
795 125.0 50.0
796 121.0 48.0
797 35.0 32.0
798 89.0 10.0
799 90.0 10.0
800 40.0 25.0
801 38.0 24.0
802 38.0 25.0
803 0.0 36.0
804 68.0 79.0
805 38.0 30.0
806 72.0 73.0
807 72.0 74.0
808 34.0 38.0
809 72.0 79.0
810 72.0 80.0
811 38.0 26.0
812 119.0 43.0
813 119.0 44.0
814 39.0 24.0
815 40.0 24.0
816 93.0 11.0
817 92.0 22.0
818 93.0 22.0
819 56.0 22.0
820 118.0 41.0
821 75.0 80.0
822 76.0 80.0
823 66.0 28.0
824 32.0 36.0
825 123.0 50.0
826 123.0 48.0
827 39.0 30.0
828 92.0 30.0
829 93.0 30.0
830 120.0 44.0
831 40.0 34.0
832 67.0 30.0
833 42.0 45.0
834 34.0 34.0
835 72.0 19.0
836 72.0 20.0
837 93.0 21.0
838 94.0 21.0
839 75.0 83.0
840 79.0 81.0
841 79.0 82.0
842 57.0 20.0
843 117.0 38.0
844 58.0 34.0
845 52.0 50.0
846 58.0 16.0
847 123.0 41.0
848 124.0 41.0
849 40.0 44.0
850 92.0 29.0
851 65.0 82.0
852 65.0 83.0
853 36.0 37.0
854 74.0 81.0
855 64.0 22.0
856 124.0 48.0
857 30.0 7.0
858 10.0 40.0
859 75.0 84.0
860 124.0 44.0
861 117.0 41.0
862 117.0 42.0
863 67.0 79.0
864 67.0 80.0
865 120.0 34.0
866 86.0 11.0
867 128.0 50.0
868 80.0 21.0
869 30.0 6.0
870 58.0 17.0
871 124.0 40.0
872 77.0 83.0
873 77.0 84.0
874 88.0 11.0
875 88.0 12.0
876 91.0 14.0
877 69.0 32.0
878 118.0 33.0
879 56.0 20.0
880 72.0 18.0
881 73.0 18.0
882 68.0 32.0
883 58.0 22.0
884 122.0 52.0
885 117.0 43.0
886 75.0 76.0
887 70.0 75.0
888 92.0 17.0
889 92.0 18.0
890 64.0 26.0
891 65.0 26.0
892 66.0 25.0
893 66.0 26.0
894 64.0 28.0
895 64.0 29.0
896 65.0 28.0
897 68.0 80.0
898 73.0 24.0
899 64.0 30.0
900 106.0 52.0
901 107.0 52.0
902 68.0 28.0
903 79.0 77.0
904 84.0 12.0
905 120.0 35.0
906 66.0 32.0
907 73.0 19.0
908 69.0 28.0
909 120.0 41.0
910 120.0 42.0
911 70.0 24.0
912 69.0 30.0
913 70.0 28.0
914 84.0 10.0
915 85.0 10.0
916 71.0 31.0
917 112.0 44.0
918 76.0 26.0
919 73.0 77.0
920 71.0 30.0
921 106.0 48.0
922 107.0 48.0
923 74.0 18.0
924 74.0 19.0
925 69.0 75.0
926 88.0 16.0
927 88.0 17.0
928 121.0 44.0
929 75.0 20.0
930 76.0 20.0
931 128.0 45.0
932 74.0 22.0
933 74.0 23.0
934 128.0 51.0
935 78.0 20.0
936 79.0 20.0
937 115.0 40.0
938 80.0 20.0
939 108.0 51.0
940 125.0 46.0
941 67.0 76.0
942 68.0 76.0
943 107.0 50.0
944 119.0 47.0
945 72.0 76.0
946 76.0 30.0
947 76.0 31.0
948 77.0 30.0
949 75.0 74.0
950 120.0 33.0
951 86.0 10.0
952 123.0 47.0
953 85.0 12.0
954 71.0 75.0
955 74.0 24.0
956 79.0 76.0
957 86.0 12.0
958 87.0 12.0
959 89.0 11.0
960 71.0 72.0
961 72.0 72.0
962 89.0 12.0
963 66.0 80.0
964 92.0 9.0
965 88.0 14.0
966 88.0 15.0
967 89.0 14.0
968 126.0 51.0
969 90.0 14.0
970 94.0 29.0
971 94.0 30.0
972 90.0 13.0
973 93.0 9.0
974 93.0 10.0
975 94.0 8.0
976 94.0 9.0
977 94.0 10.0
978 114.0 48.0
979 115.0 48.0
980 95.0 10.0
981 96.0 10.0
982 96.0 11.0
983 92.0 16.0
984 92.0 21.0
985 65.0 84.0
986 94.0 20.0
987 94.0 22.0
988 93.0 29.0
989 94.0 28.0
990 119.0 46.0
991 77.0 72.0
992 78.0 72.0
993 117.0 35.0
994 108.0 50.0
995 108.0 52.0
996 104.0 54.0
997 104.0 55.0
998 121.0 53.0
999 122.0 53.0
1000 123.0 46.0
1001 107.0 54.0
1002 116.0 38.0
1003 71.0 77.0
1004 72.0 77.0
1005 127.0 46.0
1006 128.0 46.0
1007 80.0 80.0
1008 107.0 56.0
1009 76.0 78.0
1010 118.0 32.0
1011 120.0 36.0
1012 80.0 77.0
1013 116.0 39.0
1014 116.0 40.0
1015 118.0 38.0
1016 118.0 39.0
1017 114.0 40.0
1018 112.0 46.0
1019 116.0 43.0
1020 116.0 44.0
1021 76.0 72.0
1022 119.0 48.0
1023 66.0 68.0
1024 121.0 46.0
1025 64.0 78.0
1026 124.0 46.0
1027 124.0 47.0
1028 80.0 81.0
1029 120.0 50.0
1030 124.0 45.0
1031 124.0 50.0
1032 128.0 47.0
1033 128.0 48.0
1034 127.0 52.0
1035 127.0 53.0
1036 120.0 54.0
1037 121.0 54.0
1038 66.0 79.0
1039 60.0 18.0
1040 122.0 54.0
1041 68.0 74.0
1042 68.0 75.0
1043 73.0 78.0
1044 124.0 54.0
1045 128.0 52.0
1046 128.0 53.0
1047 76.0 79.0
1048 65.0 69.0
1049 74.0 83.0
1050 74.0 84.0
1051 65.0 70.0
1052 80.0 82.0
1053 64.0 77.0
1054 68.0 72.0
1055 68.0 73.0
1056 64.0 90.0
1057 64.0 91.0
1058 66.0 82.0
1059 77.0 73.0
1060 75.0 75.0
1061 76.0 84.0
1062 76.0 85.0
1063 80.0 76.0
1064 66.0 83.0
1065 66.0 84.0
1066 65.0 90.0
1067 79.0 83.0
1068 78.0 81.0
1069 86.0 68.0
1070 88.0 68.0
1071 86.0 70.0
1072 86.0 72.0
1073 84.0 68.0
1074 80.0 70.0
1075 80.0 72.0
1076 84.0 66.0
1077 82.0 66.0
1078 84.0 64.0
1079 82.0 64.0
1080 80.0 68.0
1081 82.0 68.0
1082 80.0 64.0
1083 72.0 84.0
1084 72.0 82.0
1085 68.0 88.0
1086 68.0 90.0
1087 80.0 66.0
1088 66.0 88.0
1089 66.0 90.0
1090 72.0 86.0
1091 72.0 88.0
1092 70.0 84.0
1093 70.0 86.0
1094 70.0 88.0
1095 68.0 86.0
1096 68.0 84.0
1097 66.0 86.0
1098 64.0 86.0
1099 68.0 82.0
1100 80.0 74.0
1101 64.0 80.0
1102 72.0 70.0
1103 70.0 70.0
1104 72.0 68.0
1105 68.0 70.0
1106 70.0 68.0
1107 72.0 66.0
1108 70.0 66.0
1109 72.0 64.0
1110 70.0 64.0
1111 68.0 68.0
1112 68.0 64.0
1113 68.0 66.0
1114 66.0 72.0
1115 64.0 72.0
1116 32.0 2.0
1117 32.0 4.0
1118 70.0 20.0
1119 18.0 8.0
1120 18.0 10.0
1121 0.0 40.0
1122 8.0 36.0
1123 8.0 38.0
1124 4.0 70.0
1125 4.0 72.0
1126 0.0 70.0
1127 0.0 72.0
1128 0.0 68.0
1129 2.0 68.0
1130 74.0 16.0
1131 76.0 16.0
1132 48.0 56.0
1133 50.0 56.0
1134 68.0 22.0
1135 68.0 24.0
1136 62.0 48.0
1137 64.0 48.0
1138 62.0 46.0
1139 64.0 46.0
1140 60.0 46.0
1141 72.0 28.0
1142 60.0 32.0
1143 60.0 34.0
1144 22.0 12.0
1145 82.0 24.0
1146 82.0 26.0
1147 52.0 48.0
1148 48.0 48.0
1149 50.0 48.0
1150 36.0 44.0
1151 28.0 12.0
1152 6.0 32.0
1153 8.0 32.0
1154 48.0 26.0
1155 60.0 36.0
1156 24.0 2.0
1157 10.0 36.0
1158 48.0 42.0
1159 24.0 0.0
1160 44.0 40.0
1161 46.0 40.0
1162 34.0 44.0
1163 48.0 40.0
1164 52.0 56.0
1165 54.0 56.0
1166 104.0 52.0
1167 38.0 40.0
1168 40.0 40.0
1169 24.0 12.0
1170 56.0 24.0
1171 52.0 40.0
1172 32.0 40.0
1173 46.0 48.0
1174 92.0 24.0
1175 94.0 24.0
1176 52.0 54.0
1177 8.0 68.0
1178 8.0 70.0
1179 32.0 32.0
1180 32.0 34.0
1181 66.0 22.0
1182 58.0 24.0
1183 60.0 24.0
1184 60.0 22.0
1185 60.0 20.0
1186 104.0 48.0
1187 104.0 50.0
1188 60.0 44.0
1189 56.0 18.0
1190 2.0 70.0
1191 56.0 16.0
1192 32.0 44.0
1193 50.0 32.0
1194 52.0 32.0
1195 52.0 30.0
1196 56.0 32.0
1197 50.0 30.0
1198 64.0 88.0
1199 42.0 4.0
1200 44.0 4.0
1201 110.0 48.0
1202 112.0 48.0
1203 76.0 28.0
1204 78.0 28.0
1205 20.0 10.0
1206 20.0 12.0
1207 32.0 42.0
1208 48.0 28.0
1209 36.0 16.0
1210 48.0 24.0
1211 48.0 30.0
1212 50.0 18.0
1213 52.0 18.0
1214 44.0 0.0
1215 44.0 2.0
1216 52.0 16.0
1217 50.0 16.0
1218 96.0 8.0
1219 48.0 16.0
1220 48.0 18.0
1221 112.0 32.0
1222 32.0 20.0
1223 32.0 22.0
1224 28.0 10.0
1225 8.0 40.0
1226 64.0 18.0
1227 52.0 14.0
1228 54.0 14.0
1229 76.0 22.0
1230 80.0 26.0
1231 32.0 8.0
1232 92.0 32.0
1233 24.0 4.0
1234 50.0 20.0
1235 68.0 20.0
1236 52.0 20.0
1237 40.0 20.0
1238 40.0 22.0
1239 6.0 34.0
1240 58.0 32.0
1241 38.0 22.0
1242 28.0 14.0
1243 16.0 34.0
1244 40.0 28.0
1245 16.0 40.0
1246 32.0 6.0
1247 36.0 24.0
1248 88.0 8.0
1249 16.0 8.0
1250 64.0 40.0
1251 8.0 34.0
1252 52.0 42.0
1253 96.0 20.0
1254 20.0 8.0
1255 56.0 12.0
1256 56.0 14.0
1257 88.0 70.0
1258 112.0 50.0
1259 112.0 52.0
1260 40.0 4.0
1261 20.0 16.0
1262 20.0 14.0
1263 18.0 12.0
1264 110.0 50.0
1265 28.0 4.0
1266 30.0 4.0
1267 20.0 0.0
1268 22.0 0.0
1269 6.0 36.0
1270 64.0 32.0
1271 88.0 20.0
1272 112.0 38.0
1273 42.0 2.0
1274 120.0 38.0
1275 54.0 12.0
1276 14.0 64.0
1277 14.0 66.0
1278 4.0 68.0
1279 66.0 20.0
1280 56.0 56.0
1281 62.0 24.0
1282 80.0 28.0
1283 82.0 28.0
1284 54.0 16.0
1285 16.0 10.0
1286 2.0 72.0
1287 12.0 32.0
1288 14.0 32.0
1289 52.0 12.0
1290 16.0 32.0
1291 96.0 30.0
1292 40.0 2.0
1293 42.0 0.0
1294 84.0 26.0
1295 32.0 0.0
1296 68.0 26.0
1297 48.0 32.0
1298 96.0 22.0
1299 96.0 24.0
1300 10.0 68.0
1301 28.0 16.0
1302 72.0 26.0
1303 70.0 26.0
1304 40.0 0.0
1305 16.0 12.0
1306 112.0 42.0
1307 12.0 64.0
1308 16.0 64.0
1309 48.0 20.0
1310 114.0 38.0
1311 84.0 8.0
1312 86.0 8.0
1313 90.0 20.0
1314 60.0 48.0
1315 112.0 40.0
1316 84.0 24.0
1317 110.0 52.0
1318 64.0 16.0
1319 72.0 16.0
1320 96.0 32.0
1321 84.0 28.0
1322 94.0 32.0
1323 96.0 28.0
1324 12.0 66.0
1325 84.0 76.0
1326 64.0 64.0
1327 8.0 64.0
1328 88.0 64.0
1329 4.0 64.0
1330 0.0 64.0
1331 24.0 16.0
1332 52.0 60.0
1333 48.0 64.0
1334 52.0 64.0
1335 104.0 60.0
1336 100.0 56.0
1337 64.0 36.0
1338 44.0 8.0
1339 48.0 8.0
1340 84.0 32.0
1341 88.0 32.0
1342 56.0 4.0
1343 56.0 8.0
1344 36.0 48.0
1345 32.0 48.0
1346 56.0 28.0
1347 56.0 48.0
1348 12.0 48.0
1349 16.0 48.0
1350 48.0 60.0
1351 48.0 4.0
1352 12.0 44.0
1353 52.0 8.0
1354 56.0 64.0
1355 48.0 12.0
1356 88.0 28.0
1357 16.0 4.0
1358 84.0 16.0
1359 16.0 0.0
1360 40.0 8.0
1361 16.0 44.0
1362 8.0 44.0
1363 8.0 48.0
1364 104.0 44.0
1365 96.0 16.0
1366 48.0 0.0
1367 96.0 52.0
1368 96.0 56.0
1369 100.0 60.0
1370 100.0 64.0
1371 56.0 60.0
1372 100.0 48.0
1373 100.0 52.0
1374 96.0 60.0
1375 64.0 12.0
1376 60.0 8.0
1377 80.0 16.0
1378 88.0 24.0
1379 68.0 12.0
1380 84.0 80.0
1381 112.0 56.0
1382 96.0 48.0
1383 80.0 12.0
1384 104.0 40.0
1385 108.0 40.0
1386 108.0 44.0
1387 96.0 64.0
1388 128.0 40.0
1389 128.0 32.0
1390 80.0 0.0
1391 88.0 0.0
1392 24.0 64.0
1393 32.0 64.0
1394 88.0 40.0
1395 96.0 40.0
1396 32.0 72.0
1397 88.0 48.0
1398 88.0 56.0
1399 64.0 56.0
1400 72.0 40.0
1401 80.0 56.0
1402 0.0 48.0
1403 112.0 16.0
1404 112.0 24.0
1405 56.0 0.0
1406 96.0 0.0
1407 72.0 48.0
1408 128.0 24.0
1409 80.0 48.0
1410 80.0 40.0
1411 120.0 24.0
1412 120.0 16.0
1413 104.0 32.0
1414 112.0 0.0
1415 0.0 16.0
1416 0.0 0.0
1417 128.0 0.0
1415 1416 16
1414 1417 16
1409 1410 8
1407 1409 8
1406 1414 16
1404 1411 8
1403 1414 16
1403 1412 8
1403 1404 8
1401 1409 8
1400 1410 8
1400 1407 8
1398 1401 8
1397 1409 8
1397 1398 8
1394 1397 8
1394 1410 8
1394 1395 8
1393 1396 8
1392 1393 8
1391 1406 8
1390 1391 8
1389 1408 8
1388 1389 8
1385 1386 4
1384 1413 8
1384 1395 8
1384 1385 4
1382 1397 8
1382 1395 8
1377 1383 4
1374 1387 4
1372 1382 4
1372 1373 4
1369 1374 4
1369 1370 4
1368 1398 8
1368 1374 4
1367 1373 4
1367 1382 4
1367 1368 4
1366 1405 8
1365 1403 16
1364 1386 4
1364 1384 4
1363 1402 8
1362 1363 4
1359 1416 16
1358 1377 4
1357 1359 4
1356 1378 4
1354 1371 4
1352 1362 4
1352 1361 4
1351 1366 4
1349 1361 4
1348 1363 4
1348 1352 4
1348 1349 4
1345 1349 16
1345 1393 16
1344 1345 4
1343 1376 4
1343 1353 4
1342 1343 4
1341 1394 8
1341 1356 4
1340 1341 4
1339 1355 4
1339 1353 4
1339 1351 4
1338 1360 4
1338 1339 4
1336 1373 4
1336 1369 4
1336 1368 4
1335 1369 4
1334 1354 4
1333 1393 16
1333 1350 4
1333 1334 4
1332 1371 4
1332 1350 4
1332 1334 4
1330 1402 16
1329 1330 4
1328 1398 8
1328 1387 8
1327 1329 4
1326 1399 8
1326 1354 8
1321 1356 4
1321 1340 4
1320 1413 8
1320 1395 8
1320 1322 2
1318 1375 4
1316 1378 4
1315 1385 4
1314 1347 4
1311 1312 2
1308 1349 16
1307 1327 4
1307 1324 2
1306 1315 2
1302 1303 2
1301 1331 4
1299 1323 4
1298 1299 2
1296 1303 2
1295 1304 8
1294 1321 2
1294 1316 2
1293 1304 2
1292 1304 2
1291 1323 2
1291 1320 2
1289 1353 4
1289 1355 4
1288 1290 2
1287 1288 2
1285 1305 2
1283 1321 2
1282 1283 2
1280 1399 8
1280 1371 4
1278 1329 4
1276 1308 2
1276 1307 2
1276 1277 2
1275 1289 2
1273 1292 2
1273 1293 2
1272 1310 2
1272 1315 2
1271 1378 4
1271 1313 2
1270 1337 4
1267 1359 4
1267 1268 2
1265 1266 2
1264 1317 2
1263 1305 2
1261 1331 4
1261 1262 2
1260 1360 4
1260 1292 2
1259 1381 4
1259 1317 2
1258 1264 2
1258 1259 2
1255 1275 2
1255 1343 4
1255 1256 2
1253 1365 4
1253 1298 2
1250 1400 8
1250 1337 4
1249 1357 4
1249 1285 2
1248 1391 8
1248 1312 2
1245 1361 4
1243 1290 2
1242 1301 2
1239 1269 2
1239 1251 2
1238 1241 2
1237 1238 2
1235 1279 2
1234 1309 2
1234 1236 2
1233 1265 4
1232 1341 4
1232 1322 2
1231 1360 8
1231 1246 2
1230 1282 2
1228 1284 2
1228 1256 2
1228 1275 2
1227 1289 2
1227 1228 2
1226 1318 2
1225 1362 4
1222 1223 2
1221 1413 8
1221 1404 8
1220 1309 2
1219 1355 4
1219 1220 2
1218 1406 8
1217 1219 2
1216 1284 2
1216 1227 2
1216 1217 2
1215 1273 2
1214 1366 4
1214 1293 2
1214 1215 2
1213 1236 2
1213 1216 2
1212 1220 2
1212 1234 2
1212 1217 2
1212 1213 2
1211 1297 2
1210 1309 4
1208 1211 2
1206 1263 2
1206 1262 2
1205 1254 2
1205 1206 2
1204 1282 2
1203 1204 2
1202 1258 2
1201 1264 2
1201 1202 2
1200 1338 4
1200 1351 4
1200 1215 2
1199 1273 2
1199 1260 2
1199 1200 2
1197 1211 2
1196 1346 4
1196 1240 2
1195 1197 2
1194 1196 4
1194 1195 2
1193 1297 2
1193 1197 2
1193 1194 2
1192 1345 4
1192 1207 2
1191 1256 2
1191 1284 2
1190 1286 2
1189 1191 2
1186 1372 4
1186 1364 4
1186 1187 2
1184 1185 2
1183 1281 2
1183 1184 2
1182 1183 2
1181 1279 2
1179 1290 16
1179 1180 2
1177 1278 4
1177 1327 4
1177 1300 2
1177 1178 2
1175 1299 2
1174 1378 4
1174 1175 2
1172 1207 2
1171 1252 2
1170 1346 4
1170 1182 2
1169 1331 4
1167 1168 2
1166 1373 4
1166 1187 2
1165 1280 2
1164 1332 4
1164 1176 2
1164 1165 2
1163 1297 8
1163 1171 4
1162 1192 2
1161 1163 2
1160 1168 4
1160 1161 2
1159 1268 2
1158 1163 2
1156 1233 2
1156 1159 2
1155 1337 4
1154 1210 2
1154 1208 2
1153 1287 4
1153 1251 2
1152 1239 2
1152 1153 2
1151 1169 4
1151 1242 2
1151 1224 2
1150 1344 4
1150 1162 2
1148 1173 2
1148 1149 2
1147 1347 4
1147 1149 2
1146 1283 2
1146 1230 2
1146 1294 2
1145 1316 2
1145 1146 2
1144 1169 2
1144 1206 2
1143 1155 2
1142 1270 4
1142 1240 2
1142 1143 2
1141 1203 4
1141 1302 2
1140 1314 2
1140 1188 2
1138 1140 2
1138 1139 2
1137 1407 8
1137 1399 8
1137 1139 2
1136 1314 2
1136 1138 2
1136 1137 2
1135 1296 2
1134 1181 2
1134 1235 2
1134 1135 2
1133 1164 2
1132 1350 4
1132 1133 2
1131 1377 4
1130 1131 2
1129 1190 2
1129 1278 2
1128 1330 4
1128 1129 2
1126 1190 2
1126 1128 2
1126 1127 2
1124 1278 2
1124 1190 2
1124 1125 2
1123 1225 2
1122 1269 2
1122 1251 2
1122 1157 2
1122 1123 2
1121 1402 8
1120 1285 2
1120 1205 2
1120 1263 2
1119 1254 2
1119 1249 2
1119 1120 2
1118 1235 2
1117 1246 2
1117 1266 2
1116 1295 2
1116 1117 2
1114 1115 2
1112 1326 4
1112 1113 2
1111 1113 2
1110 1112 2
541 1250 2
540 839 1
540 603 1
540 612 1
539 1247 2
539 584 1
538 699 1
538 539 1
535 796 1
535 536 1
534 730 1
534 550 1
533 583 1
533 534 1
532 1115 4
532 1053 1
531 945 1
531 919 1
530 673 1
529 1147 2
528 656 1
528 978 1
527 994 1
526 1386 4
526 922 1
526 1201 2
526 527 1
524 1121 2
523 524 1
522 768 1
521 888 1
521 732 1
520 983 1
520 586 1
520 521 1
519 758 1
518 677 1
518 552 1
517 770 1
517 592 1
517 518 1
516 519 1
515 808 2
515 853 1
514 1225 4
514 516 1
513 865 1
512 743 1
512 1060 1
511 659 1
511 949 1
511 611 1
511 512 1
510 922 1
510 527 1
510 943 1
509 921 1
509 544 1
509 510 1
508 886 1
508 531 1
507 717 1
507 740 1
505 1157 2
505 1123 2
505 654 1
505 506 1
504 621 1
504 594 1
503 539 2
503 1223 2
502 830 2
502 1024 1
502 990 1
501 844 1
500 1196 2
500 501 1
499 808 1
498 1179 2
498 614 1
496 1152 2
496 760 1
494 624 1
493 947 1
493 948 1
493 494 1
492 573 1
492 506 1
491 1043 1
491 1004 1
491 809 1
490 1003 1
490 648 1
490 491 1
489 1008 1
489 1001 1
488 634 1
488 489 1
487 638 1
486 726 1
486 884 1
485 503 1
485 629 1
483 795 1
483 580 1
483 484 1
482 657 1
481 524 1
481 514 1
480 516 1
480 523 1
480 481 1
478 555 1
477 630 1
477 554 1
477 678 1
477 478 1
476 1158 2
476 525 1
475 776 1
475 613 1
475 487 1
474 1157 2
474 573 1
473 598 1
473 474 1
471 472 1
469 1029 1
469 470 1
468 714 1
468 503 1
467 653 1
467 485 1
467 468 1
466 473 1
465 950 1
465 513 1
465 878 1
464 1288 2
464 1243 2
463 466 1
463 598 1
463 464 1
462 746 1
462 1019 1
462 862 1
461 771 1
461 633 1
460 618 1
460 868 1
460 461 1
459 1301 2
458 545 1
458 523 1
457 558 1
457 458 1
456 886 1
456 744 1
455 464 1
455 466 1
454 840 1
454 1007 1
453 1068 1
453 822 2
453 497 1
453 454 1
452 619 1
452 660 1
451 1221 2
451 452 1
449 812 1
449 885 1
448 862 1
448 820 1
448 449 1
447 1121 2
447 457 1
446 803 1
446 558 1
446 447 1
444 1411 8
444 1389 8
444 950 1
443 1010 1
443 465 1
443 444 1
442 484 1
442 580 1
442 589 1
441 588 1
441 442 1
440 534 1
440 729 1
439 1185 2
439 533 1
439 440 1
438 1243 2
437 445 1
436 895 1
436 896 1
436 628 1
435 1245 2
435 437 1
434 445 1
434 438 1
434 435 1
432 494 1
432 433 1
431 805 1
431 638 1
430 811 2
430 1244 2
430 431 1
429 979 1
429 528 1
428 656 1
428 429 1
427 822 1
427 603 1
426 964 1
426 974 1
425 551 1
424 575 1
424 834 1
423 437 1
422 445 1
422 423 1
421 1074 2
421 1081 2
420 529 1
420 574 1
419 791 1
419 767 1
418 883 1
418 777 1
417 842 1
417 728 1
417 703 1
417 418 1
416 754 1
416 496 1
415 759 1
415 501 1
414 707 1
413 638 1
413 430 1
412 658 1
412 487 1
412 643 1
412 413 1
411 679 1
411 607 1
410 1267 2
410 640 1
410 411 1
408 764 1
408 579 1
407 408 1
406 834 1
405 653 1
405 414 1
404 467 1
404 629 1
404 405 1
403 553 1
402 847 1
402 673 1
401 530 1
401 794 1
401 402 1
400 487 1
400 613 1
400 658 1
399 546 1
399 972 1
399 876 1
398 708 1
397 482 1
397 414 1
396 405 1
396 657 1
396 397 1
395 897 1
394 804 1
394 766 1
394 395 1
393 1025 1
392 1053 1
392 393 1
391 426 1
391 799 1
390 964 1
390 695 1
390 391 1
389 478 1
389 575 1
389 752 1
388 772 1
388 585 1
388 517 1
387 538 1
387 584 1
387 700 1
387 388 1
386 515 1
385 1379 4
385 1319 4
384 698 1
382 1043 1
382 419 1
381 919 1
381 508 1
381 456 1
381 382 1
380 882 1
380 906 1
379 1167 2
379 383 1
379 386 1
378 384 1
378 383 1
377 972 1
377 962 1
376 959 1
376 799 1
376 377 1
375 378 1
374 808 2
374 1172 2
374 495 1
373 677 1
373 498 1
372 454 1
372 497 1
372 562 1
371 561 1
371 903 1
371 372 1
370 374 1
369 953 1
369 866 1
369 915 1
368 914 1
368 904 1
368 369 1
367 370 1
367 495 1
366 1162 2
366 1207 2
366 370 1
365 542 2
365 1231 2
365 857 1
364 616 1
364 365 1
363 515 2
363 1167 2
363 495 1
362 484 1
362 968 1
362 795 1
361 367 1
361 363 1
360 1048 1
360 1023 1
359 784 1
359 1326 4
359 360 1
358 705 1
358 676 1
357 1150 2
357 361 1
356 367 1
356 366 1
356 357 1
355 683 1
355 887 1
354 1041 1
354 925 1
354 682 1
354 355 1
353 619 1
353 451 1
352 668 1
352 832 1
352 380 1
351 601 4
351 1224 2
351 364 1
350 769 1
350 616 1
350 351 1
349 1236 4
349 1170 4
349 507 1
348 740 1
348 349 1
347 833 1
347 689 1
346 833 1
345 347 1
345 849 1
345 346 1
344 708 1
343 711 1
343 344 1
342 689 1
341 1344 4
340 342 1
340 341 1
339 990 1
338 1410 8
338 1340 4
338 433 1
337 576 1
337 338 1
336 761 1
336 686 1
336 577 1
335 639 1
335 685 1
335 336 1
334 471 1
333 722 1
332 826 1
332 536 1
332 796 1
331 334 1
330 833 1
330 331 1
329 330 1
329 346 1
328 330 1
327 334 1
326 1173 2
326 327 1
325 472 1
325 334 1
325 326 1
324 1160 2
323 328 1
323 329 1
322 912 1
322 832 1
322 595 1
321 409 1
321 459 1
320 1242 2
320 398 1
320 321 1
319 409 1
318 395 1
317 394 1
317 648 1
317 318 1
316 1010 2
316 635 1
315 867 1
315 1033 1
314 589 1
314 484 1
314 315 1
313 479 1
312 324 1
312 323 1
312 313 1
311 781 1
311 808 1
310 780 1
310 499 1
310 311 1
309 553 1
308 1158 2
308 1161 2
308 479 1
307 324 1
307 313 1
307 308 1
306 574 1
306 529 1
305 1252 2
305 306 1
304 651 1
303 323 1
303 313 1
302 905 1
302 566 1
302 513 1
301 565 1
301 993 1
301 302 1
300 643 1
300 658 1
300 592 1
299 585 1
299 642 1
299 300 1
298 1029 1
298 470 1
298 535 1
296 327 1
296 331 1
296 328 1
296 297 1
295 525 1
295 479 1
295 303 1
294 884 1
294 470 1
293 536 1
293 825 1
293 298 1
293 294 1
292 1381 4
292 1008 1
291 384 1
291 747 1
291 383 1
290 1173 2
290 297 1
289 521 1
289 586 1
289 731 1
288 927 1
288 721 1
288 715 1
288 289 1
287 610 1
287 531 1
287 778 1
286 691 1
285 787 1
284 1148 2
283 377 1
283 399 1
282 574 1
281 884 1
281 470 1
281 998 1
280 469 1
280 724 1
280 281 1
279 1149 2
279 282 1
279 420 1
278 284 1
278 279 1
277 574 1
277 305 1
276 282 1
276 277 1
275 1352 4
275 450 1
274 858 1
274 275 1
273 445 1
273 438 1
272 422 1
272 455 1
272 273 1
271 1222 4
271 1209 4
271 319 1
270 409 1
270 459 1
270 271 1
269 660 1
268 333 1
268 304 1
267 651 1
267 722 1
267 268 1
266 755 1
266 766 1
266 684 1
265 587 1
265 942 1
265 266 1
264 591 1
264 1044 1
264 726 1
263 590 1
263 486 1
263 264 1
262 1252 2
262 333 1
261 305 2
261 522 1
260 262 1
260 261 1
259 1400 8
259 624 4
258 993 1
258 734 1
127 792 1
127 606 1
127 128 1
126 758 1
126 545 1
126 190 1
125 764 1
125 702 1
125 579 1
125 126 1
124 557 1
124 741 1
123 556 1
123 961 1
123 124 1
122 192 1
122 193 1
121 1132 2
121 204 1
121 122 1
120 132 1
120 429 1
119 1020 2
119 428 1
119 120 1
118 1009 2
118 497 1
118 371 1
117 903 1
117 773 1
117 118 1
116 954 1
116 807 1
116 355 1
115 806 1
115 683 1
115 960 1
115 116 1
114 656 1
114 1018 1
113 655 1
113 137 1
113 738 1
113 114 1
112 901 1
112 943 1
112 939 1
111 544 1
111 900 1
111 112 1
110 1098 2
110 985 1
109 852 1
109 143 1
109 110 1
108 853 1
108 383 1
108 386 1
107 752 1
107 551 1
107 291 1
107 108 1
106 752 1
106 575 1
106 551 1
105 425 1
105 424 1
105 406 1
105 106 1
104 952 1
104 184 1
104 332 1
103 231 2
103 1024 1
103 1000 1
103 104 1
102 734 2
102 1310 2
102 156 1
101 660 1
101 619 1
101 102 1
100 740 1
100 792 1
99 1210 2
99 348 1
99 100 1
98 214 1
98 129 1
97 319 1
97 344 1
96 320 1
96 708 1
96 409 1
96 97 1
95 1029 1
95 535 1
94 796 1
94 1022 1
94 183 1
94 95 1
93 120 1
93 133 1
92 339 1
92 119 1
92 93 1
91 159 1
91 1030 1
91 940 1
90 860 1
90 167 1
90 91 1
89 236 1
89 997 1
89 488 1
88 996 1
88 243 1
88 89 1
87 215 1
87 98 1
87 140 1
86 701 1
86 687 1
86 87 1
85 1245 2
85 450 1
84 257 1
84 316 1
83 635 1
83 269 1
83 84 1
82 86 1
82 98 1
81 1134 2
81 1118 2
81 687 1
81 82 1
80 810 1
80 318 1
79 809 1
79 490 1
79 317 1
79 80 1
78 704 1
78 358 1
77 816 1
77 78 1
76 660 1
76 83 1
75 1221 2
75 635 1
75 76 1
74 77 1
74 546 1
74 283 1
73 816 1
73 426 1
73 74 1
72 393 1
72 1038 1
71 587 1
71 392 1
71 247 1
71 72 1
70 1250 2
70 227 1
69 237 1
69 226 1
69 70 1
68 421 1
67 754 1
67 407 1
66 694 1
66 568 1
66 157 1
66 67 1
65 1022 1
65 133 1
64 944 1
64 339 1
64 93 1
64 65 1
63 685 1
63 771 1
62 618 1
62 786 1
62 1229 2
62 63 1
61 278 1
61 282 1
61 136 1
60 186 1
60 284 1
60 476 1
60 61 1
29 949 1
29 610 1
29 557 1
29 30 1
28 910 1
28 812 1
28 448 1
27 909 1
27 820 1
27 239 1
27 28 1
26 1155 2
26 759 1
25 415 1
25 844 1
25 26 1
24 339 2
24 449 1
24 813 1
23 885 1
23 1020 1
23 24 1
22 172 1
22 174 1
22 170 1
21 185 1
21 178 1
21 22 1
20 423 1
20 85 1
19 38 1
19 450 1
19 182 1
19 20 1
18 406 1
18 499 1
18 425 1
17 310 1
17 824 1
17 18 1
16 756 1
16 912 1
16 877 1
15 882 1
15 352 1
15 322 1
15 16 1
14 265 1
14 804 1
14 766 1
1 68 1
1 5 1
1 4 1
1 2 1
2 41 1
2 3 1
3 1073 2
3 1071 2
3 68 1
4 6 1
4 41 1
5 421 1
5 6 1
6 1075 2
7 59 1
7 12 1
7 154 1
7 8 1
8 201 1
8 385 1
9 1048 1
9 1023 1
9 10 1
10 1114 2
10 1105 2
10 1051 1
11 1318 2
11 154 1
11 12 1
12 385 1
13 587 1
13 863 1
13 72 1
13 14 1
30 1060 1
30 508 1
30 287 1
31 993 1
31 257 1
31 32 1
32 513 1
32 301 1
32 878 1
33 746 1
33 937 1
33 706 1
33 34 1
34 861 1
34 1014 1
34 462 1
35 522 1
35 260 1
35 175 1
35 36 1
36 768 1
36 254 1
37 274 1
37 654 1
37 506 1
37 38 1
38 275 1
38 492 1
39 540 1
39 427 1
39 165 1
39 40 1
40 1061 1
40 872 1
40 839 1
41 1325 4
41 1072 2
42 692 1
42 613 1
42 797 1
42 43 1
43 554 1
43 630 1
43 475 1
44 67 1
44 416 1
44 760 1
44 45 1
45 407 1
45 764 1
45 763 1
46 966 1
46 715 1
46 967 1
46 47 1
47 969 1
47 586 1
48 1151 2
48 398 1
48 543 1
48 49 1
49 708 1
49 597 1
49 343 1
50 1068 1
50 841 1
50 165 1
50 51 1
51 872 1
52 379 1
52 378 1
52 53 1
53 1168 2
53 375 1
54 390 1
54 737 1
54 55 1
55 964 1
55 753 1
56 910 1
56 673 1
56 166 1
56 57 1
57 774 1
57 230 1
57 402 1
58 1226 2
58 1279 2
58 154 1
58 59 1
59 201 1
128 599 1
128 716 1
128 596 1
129 836 1
129 286 1
130 678 1
130 478 1
130 131 1
131 697 1
131 747 1
131 389 1
132 979 1
132 133 1
134 536 1
134 826 1
134 825 1
134 135 1
135 856 1
135 483 1
135 1031 1
136 476 1
136 276 1
137 1018 1
137 917 1
138 751 1
138 672 1
138 139 1
139 1135 2
139 1181 2
139 892 1
140 1302 2
140 898 1
140 701 1
141 995 2
141 1001 1
141 142 1
142 489 1
142 292 1
143 1101 2
143 851 1
144 682 1
144 1054 1
144 145 1
145 1103 2
145 960 1
145 683 1
146 309 1
146 482 1
146 403 1
146 147 1
147 707 1
147 397 1
148 867 1
148 314 1
148 362 1
148 149 1
149 968 1
149 934 1
149 1034 1
150 303 1
150 328 1
150 297 1
150 151 1
151 290 1
151 186 1
151 295 1
152 614 1
152 518 1
152 373 1
152 153 1
153 552 1
153 615 1
153 400 1
155 1272 2
155 353 1
155 156 1
156 619 1
157 670 1
157 407 1
157 158 1
158 408 1
158 719 1
158 671 1
159 253 1
159 167 1
159 160 1
160 441 1
160 1005 1
160 940 1
161 486 1
161 294 1
161 825 1
161 162 1
162 647 1
162 263 1
162 1031 1
163 877 1
163 756 1
163 164 1
164 916 1
164 259 1
165 872 1
166 230 1
166 928 1
166 793 1
167 252 1
168 1174 4
168 850 1
168 1356 4
168 169 1
169 989 1
169 988 1
170 173 1
170 171 1
171 1280 2
171 174 1
172 185 1
172 173 1
173 1347 4
174 178 1
175 268 1
175 254 1
175 262 1
176 1204 2
176 948 1
176 209 1
176 177 1
177 432 1
177 493 1
177 210 1
178 1176 2
178 1165 2
179 1141 2
179 920 1
179 180 1
180 259 1
180 916 1
181 422 1
181 573 1
181 216 1
181 182 1
182 423 1
182 492 1
183 944 1
183 502 1
183 184 1
184 1024 1
184 796 1
185 208 2
186 525 1
186 187 1
187 284 1
187 290 1
188 342 1
188 347 1
188 194 1
188 189 1
189 331 1
189 833 1
189 471 1
190 458 1
190 519 1
190 480 1
191 196 1
191 193 1
191 192 1
192 1133 2
192 1176 2
193 285 1
193 204 1
194 471 1
194 340 1
194 195 1
195 341 1
195 472 1
196 285 1
196 217 1
196 211 1
197 637 1
197 582 1
197 198 1
198 831 2
198 1297 8
198 578 1
199 831 1
199 698 1
199 200 1
200 384 1
200 375 1
201 1235 2
202 1034 1
202 590 1
202 968 1
202 203 1
204 787 1
205 553 1
205 564 1
205 206 1
206 1237 2
206 403 1
207 537 1
207 845 1
207 208 1
208 1176 2
208 211 1
209 576 1
209 210 1
210 337 1
210 433 1
211 537 1
212 217 1
212 223 1
212 1149 2
212 213 1
213 845 1
213 537 1
214 932 1
214 286 1
214 215 1
215 933 1
215 898 1
216 474 1
216 272 1
216 466 1
217 537 1
217 218 1
218 225 1
218 285 1
218 223 1
219 907 1
219 836 1
219 286 1
219 220 1
220 929 1
220 924 1
220 691 1
221 1009 1
221 382 1
221 456 1
221 222 1
222 1047 1
222 821 1
222 419 1
223 224 1
224 1148 2
224 225 1
225 787 1
226 229 1
226 232 1
226 227 1
227 581 1
228 1138 2
228 1188 2
228 232 1
228 229 1
229 581 1
230 231 1
231 860 2
231 928 1
232 237 1
233 242 1
233 563 1
233 234 1
234 1188 2
234 723 1
235 1336 4
235 1335 4
235 997 1
235 236 1
236 634 1
237 723 1
237 238 1
238 242 1
238 541 1
239 609 1
239 240 1
240 1274 2
240 909 1
240 530 1
241 563 1
241 541 1
241 242 1
242 723 1
243 900 2
243 1001 1
243 488 1
244 823 1
244 667 1
244 436 1
244 245 1
245 595 1
245 832 1
245 736 1
246 392 1
246 532 1
246 247 1
247 941 1
248 500 1
248 415 1
248 249 1
249 651 4
249 759 1
250 1209 2
250 309 1
250 251 1
251 564 1
251 553 1
252 593 1
252 253 1
253 1005 1
253 931 1
254 304 1
255 621 1
255 652 1
255 256 1
256 1266 2
256 1116 2
256 504 1
257 269 1
257 258 1
542 1224 2
542 696 1
542 543 1
543 597 1
544 1187 2
544 943 1
545 558 1
545 579 1
546 547 1
547 983 2
547 876 1
548 811 1
548 725 1
548 549 1
549 1244 2
549 800 1
550 583 1
550 855 1
551 853 1
552 658 1
552 592 1
554 797 1
554 555 1
555 575 1
556 806 1
556 610 1
556 557 1
557 742 1
558 719 1
559 1131 2
559 733 1
559 560 1
560 930 1
560 779 1
561 1012 1
561 562 1
562 1007 1
563 1155 4
563 651 4
564 1360 8
564 1219 8
565 1015 2
565 735 1
565 566 1
566 1011 1
567 1415 16
567 694 1
567 568 1
568 754 1
569 846 1
569 712 1
569 570 1
570 713 1
570 789 1
570 870 1
571 631 1
571 669 1
571 572 1
572 1261 2
572 623 1
576 1282 2
577 918 1
577 639 1
578 678 1
578 637 1
579 719 1
580 856 1
581 1139 2
582 1244 2
582 827 1
583 1279 2
583 1226 2
584 585 1
585 592 1
586 715 1
587 941 1
588 1032 1
588 1005 1
588 589 1
589 1033 1
590 647 1
590 591 1
593 1388 4
593 931 1
594 1265 2
594 646 1
595 902 1
595 690 1
596 600 1
596 717 1
597 696 1
597 711 1
598 1287 2
599 606 1
599 600 1
600 1346 4
600 1195 2
601 1233 4
601 650 1
601 602 1
602 665 1
602 627 1
603 854 1
603 821 1
604 1205 2
604 1144 2
604 688 1
604 605 1
605 665 1
605 627 1
606 1208 2
606 1197 2
607 1357 4
607 1254 4
607 608 1
608 679 1
608 664 1
609 820 1
609 675 1
609 1016 1
610 807 1
611 1059 1
611 1021 1
611 742 1
612 1084 2
612 1049 1
612 854 1
613 615 1
614 615 1
615 692 1
616 857 1
616 765 1
617 868 1
617 936 1
617 786 1
617 618 1
618 771 1
620 652 1
620 622 1
620 621 1
621 646 1
622 1159 4
622 646 1
623 710 1
623 631 1
624 947 1
625 1305 2
625 666 1
625 626 1
626 669 1
626 631 1
627 1169 2
628 667 1
628 899 1
629 1222 2
630 776 1
630 636 1
631 666 1
632 771 1
632 685 1
632 633 1
633 1145 2
633 1230 2
634 1008 1
636 678 1
636 805 1
636 637 1
637 827 1
638 776 1
639 955 2
639 1229 2
640 679 1
640 641 1
641 1156 2
641 1268 2
641 663 1
642 1247 2
642 811 2
642 643 1
644 887 1
644 755 1
644 684 1
644 645 1
645 954 1
645 1003 1
645 945 1
647 968 1
647 795 1
648 766 1
648 755 1
649 1254 2
649 688 1
649 650 1
650 665 1
652 1295 2
653 714 1
654 858 1
655 739 1
655 656 1
657 1209 2
659 749 1
659 1059 1
661 1313 2
661 889 2
661 984 1
661 662 1
662 986 1
662 837 1
663 679 1
663 664 1
664 1233 2
665 688 1
666 710 1
667 832 1
667 668 1
668 906 1
669 1290 16
669 1415 16
670 694 1
670 671 1
671 803 1
672 1281 2
672 855 2
672 750 1
673 909 1
674 1016 1
674 843 1
674 1013 1
674 675 1
675 861 1
675 1014 1
676 1365 4
676 982 1
677 770 1
680 951 1
680 757 1
680 681 1
681 874 1
681 958 1
681 866 1
682 1055 1
682 683 1
684 942 1
684 925 1
685 686 1
686 762 1
687 911 1
689 849 1
690 908 1
690 912 1
690 782 1
691 932 1
692 693 1
693 834 2
693 1179 2
693 797 1
695 737 1
695 799 1
696 709 1
697 831 1
697 698 1
698 747 1
699 1223 2
699 700 1
700 772 1
701 911 1
702 1269 2
702 758 1
702 718 1
703 883 1
703 819 1
704 816 1
704 977 1
704 705 1
705 980 1
705 982 1
706 745 1
706 1017 1
707 1241 2
707 1237 2
709 1231 2
709 711 1
710 1263 2
710 1262 2
712 1318 4
712 713 1
713 1039 1
714 1241 2
714 1247 2
715 926 1
716 792 1
716 740 1
716 717 1
718 763 1
718 764 1
719 803 1
720 1271 2
720 927 1
720 721 1
721 731 1
722 1171 2
724 1036 1
724 998 1
725 802 1
725 814 1
725 800 1
726 999 1
726 727 1
728 879 1
728 819 1
729 1281 2
729 1184 2
729 730 1
730 855 1
731 1313 2
731 732 1
732 889 1
733 779 1
733 923 1
734 1002 2
734 735 1
735 993 1
736 902 1
736 823 1
737 1248 2
738 917 1
738 739 1
739 745 2
739 1020 2
741 1021 1
741 742 1
742 949 1
743 773 2
743 886 1
743 744 1
744 1009 1
745 1306 2
745 746 1
747 752 1
748 1059 1
748 992 1
748 749 1
749 1100 2
749 773 2
750 890 1
750 751 1
751 892 1
751 891 1
753 975 1
753 973 1
755 1003 1
756 783 1
756 916 1
757 1248 2
757 798 1
757 874 1
760 763 1
761 918 1
761 762 1
762 1204 2
762 1230 2
763 1239 2
765 869 1
765 769 1
767 1043 1
767 809 1
767 790 1
768 1188 4
768 1347 4
769 1265 2
770 772 1
773 956 1
774 847 1
774 775 1
775 860 2
775 848 1
776 805 1
777 788 2
777 1185 2
777 842 1
778 807 1
778 954 1
778 945 1
779 929 1
779 924 1
780 824 1
780 781 1
781 1172 2
782 913 1
782 783 1
783 920 1
783 912 1
784 1048 1
784 785 1
785 1115 2
785 1051 1
786 935 1
788 1189 2
788 870 1
788 789 1
789 1039 1
790 810 1
790 791 1
791 821 1
791 854 1
792 1154 2
793 812 1
793 910 1
793 830 1
794 871 1
794 847 1
795 1031 1
798 959 1
798 799 1
800 815 1
801 1247 2
801 1241 2
801 814 1
801 802 1
802 811 1
804 897 1
804 863 1
805 827 1
806 961 1
806 807 1
809 810 1
810 1084 2
812 813 1
813 830 1
814 815 1
815 1210 8
815 1238 2
816 974 1
817 1174 2
817 984 1
817 818 1
818 987 1
818 837 1
819 1170 2
820 861 1
821 822 1
822 1047 1
823 893 2
823 896 1
824 1180 2
825 1031 1
826 856 1
826 952 1
828 1232 2
828 850 1
828 829 1
829 971 1
829 988 1
830 928 1
834 1180 2
835 880 1
835 907 1
835 836 1
836 1118 2
837 984 1
837 838 1
838 987 1
838 986 1
839 1049 1
839 859 1
840 1068 1
840 1028 1
840 841 1
841 1052 1
841 1067 1
842 879 1
843 1015 1
843 1002 1
844 1240 2
844 1143 2
845 1147 2
846 1191 2
846 870 1
847 848 1
848 871 1
849 1150 4
849 1168 4
850 988 1
851 1058 1
851 852 1
852 1064 1
852 985 1
855 1181 2
856 1027 1
857 869 1
858 1225 2
859 1061 1
859 1050 1
860 1030 1
861 862 1
862 885 1
863 1038 1
863 864 1
864 963 1
864 897 1
865 950 1
865 905 1
866 951 1
866 957 1
867 934 1
868 938 1
869 1266 2
869 1246 2
871 1388 4
872 873 1
873 1061 1
874 959 1
874 875 1
875 965 2
875 962 1
875 958 1
876 969 1
877 882 1
878 1010 1
879 1236 4
879 1189 2
880 1319 2
880 881 1
881 923 1
881 907 1
883 1182 2
883 1184 2
884 999 1
885 1019 1
886 1060 1
887 954 1
887 925 1
888 983 1
888 889 1
890 894 2
890 891 1
891 893 1
892 893 1
893 1296 2
894 896 1
894 895 1
895 899 1
897 1099 2
898 955 1
899 1270 2
900 1166 2
900 901 1
901 995 1
902 1296 2
902 908 1
903 1012 1
903 956 1
904 1358 4
904 1383 4
904 953 1
905 1011 1
906 1270 2
907 924 1
908 913 1
909 910 1
911 1303 2
911 1135 2
913 1303 2
913 1141 2
914 1311 2
914 915 1
915 951 1
916 920 1
917 1386 4
917 1306 2
918 1203 2
919 1043 1
919 1004 1
921 1186 2
921 922 1
923 1130 2
923 924 1
925 1042 1
926 1358 4
926 966 1
926 927 1
929 930 1
930 1229 2
930 935 2
931 1006 1
932 1229 2
932 933 1
933 955 1
934 1045 1
935 936 1
936 938 1
937 1014 1
937 1017 1
938 1377 4
939 995 1
939 994 1
940 1026 1
941 942 1
942 1042 1
943 994 1
944 1022 1
944 990 1
945 1004 1
946 1203 2
946 948 1
946 947 1
949 1060 1
951 1312 2
952 1027 1
952 1000 1
953 957 1
956 1063 1
957 958 1
959 962 1
960 961 1
961 1102 2
963 1101 2
963 1058 2
963 1038 1
964 973 1
965 967 1
965 966 1
967 969 1
969 972 1
970 988 1
970 989 1
970 971 1
971 1322 2
971 1291 2
973 974 1
973 976 1
974 977 1
975 1218 2
975 976 1
976 977 1
977 980 1
978 1202 2
978 979 1
980 981 1
981 1218 2
981 982 1
983 1365 4
985 1065 1
986 1253 2
987 1298 2
987 1175 2
989 1323 2
991 1059 1
991 1021 1
991 992 1
992 1075 2
994 1264 2
995 1317 2
996 1166 2
996 997 1
998 1037 1
998 999 1
999 1040 1
1000 1026 1
1002 1310 2
1002 1013 1
1003 1004 1
1005 1006 1
1006 1032 1
1007 1380 4
1007 1028 1
1009 1047 1
1011 1274 2
1012 1063 1
1013 1014 1
1015 1274 2
1015 1016 1
1017 1315 2
1017 1310 2
1018 1202 2
1019 1020 1
1023 1111 2
1025 1101 2
1025 1053 1
1026 1027 1
1026 1030 1
1028 1052 1
1032 1033 1
1034 1045 1
1034 1035 1
1039 1185 2
1041 1055 1
1041 1042 1
1045 1046 1
1048 1051 1
1049 1050 1
1050 1083 2
1054 1105 2
1054 1114 2
1054 1055 1
1056 1066 1
1056 1198 2
1056 1057 1
1058 1099 2
1058 1064 1
1061 1062 1
1063 1325 4
1063 1100 2
1064 1065 1
1065 1097 2
1065 1096 2
1069 1071 2
1069 1073 2
1069 1070 2
1070 1328 4
1071 1257 2
1071 1072 2
1073 1081 2
1073 1076 2
1074 1080 2
1074 1075 2
1075 1100 2
1076 1078 2
1076 1077 2
1077 1081 2
1077 1087 2
1077 1079 2
1078 1328 4
1078 1079 2
1079 1082 2
1080 1087 2
1080 1081 2
1082 1109 8
1082 1401 8
1082 1087 2
1083 1092 2
1083 1090 2
1083 1084 2
1085 1095 2
1085 1094 2
1085 1088 2
1085 1086 2
1088 1097 2
1088 1198 2
1088 1089 2
1090 1093 2
1090 1091 2
1092 1093 2
1092 1096 2
1093 1095 2
1093 1094 2
1095 1096 2
1095 1097 2
1096 1099 2
1097 1098 2
1098 1198 2
1102 1104 2
1102 1103 2
1103 1106 2
1103 1105 2
1104 1107 2
1104 1106 2
1105 1111 2
1106 1108 2
1106 1111 2
1107 1109 2
1107 1108 2
1108 1113 2
1108 1110 2
1109 1110 2
2
1103 62 3 1 2 3
384 87 3 1 2 3
250
1 2 1473 87 0.9806267578654317 0.024234949821005537 0
12 30 0 31 1625618 56 1244867 81 1826380 106 1205114 131 1424020 155 1730276 180 1008653 205 958065 230 1053262 255 1098981 256 0
0
2 1 1361 1095 0.987173464001528 0.06145946963654229 0
11 86 0 87 1793697 113 1710111 139 1690011 166 1520919 192 1277057 218 998954 245 854066 271 1077363 297 1024080 298 0
0
3 1 845 309 0.9939737473552009 0.13753813525097516 0
14 9 0 10 1687379 34 2150706 59 2300671 83 1343871 107 1147761 131 1362448 156 1727896 180 1494456 204 1221755 228 1926009 253 2293187 277 2478491 278 0
1 2
4 1 565 366 0.9892922165382272 0.12746939163093263 0
13 24 0 25 709589 49 726342 72 599146 96 628122 120 540226 143 438449 167 813241 191 898673 215 1140190 238 2521677 262 2874420 263 0
0
5 2 655 426 0.9970057984684514 0.13932837592239844 0
11 84 0 85 1150392 109 1913046 133 2284444 158 1589383 182 1330886 206 932968 231 831055 255 635104 279 594659 280 0
1 4
6 1 1339 1072 0.9986789225080306 0.11356354180052512 0
9 45 0 46 1647253 69 2239097 92 1482794 115 1501907 139 963729 162 721028 185 565766 186 0
0
7 2 1192 1025 0.9894122068389424 0.08726126840681601 0
13 30 0 31 2506907 55 1790106 80 1840179 105 1842816 129 2352627 153 1558194 178 933734 203 789593 227 431481 251 251579 276 315135 277 0
1 6
8 2 610 1315 0.9929508409035056 0.09544304339334019 0
8 50 0 51 1544393 77 1630492 103 1186733 128 1264465 154 1997590 180 2903375 181 0
0
9 3 607 1025 0.9995013139102444 0.022190730007513808 0
14 1 0 2 1048365 28 1113266 53 1466663 79 1483255 105 1913193 131 1442809 156 976785 182 1497421 208 2119166 234 2701571 259 2601144 285 1838025 286 0
0
10 3 762 551 0.9805961409058307 0.018198782964509656 0
10 119 0 120 988394 143 1011453 167 3111236 190 3017222 214 2003256 237 1345402 261 1149927 284 917633 285 0
1 9
11 1 1355 262 0.9954425203148433 0.07812929356799929 0
9 103 0 104 1813879 129 2650231 154 2521825 179 1120745 204 1177261 229 1304585 254 2091599 255 0
0
12 3 786 270 0.9804208923853552 0.07500090713641185 0
12 52 0 53 1714261 77 1335951 101 1167401 124 1914894 148 1079461 172 1277036 196 1726978 219 1851494 243 2227686 267 2247049 268 0
1 11
13 2 587 1257 0.9929639421748875 0.04617774620947255 0
11 75 0 76 111854 102 176486 127 357120 153 422177 179 544673 205 647389 231 844378 256 1482272 282 2595349 283 0
1 12
14 3 942 1229 0.9918131412018658 0.0648968935473629 0
13 42 0 43 1310108 67 2229660 91 2134821 115 1138263 139 1228558 163 1240129 186 1480926 210 1920055 234 1947752 258 1843800 282 1688805 283 0
0
15 2 583 831 0.9972780046645641 0.0849717487377509 0
11 31 0 32 1331041 57 1301635 82 827269 107 1448516 133 1047033 158 1003523 183 1050562 208 1148123 233 1152487 234 0
0
16 1 1198 304 0.9912416718887008 0.1188220166488442 0
11 42 0 43 1280192 68 481305 92 270489 117 446912 141 379859 166 533366 191 1170726 215 1730754 240 3169566 241 0
1 15
17 1 822 898 0.9944033643194412 0.0682366866149268 0
12 35 0 36 1328461 60 1552111 83 1630823 107 1053327 131 478848 154 631277 178 431410 202 538296 225 713160 249 686138 250 0
0
18 3 881 1227 0.9909517511849742 0.0758966852327821 0
8 104 0 105 2753306 132 2038946 159 1298324 185 722189 212 741944 239 469430 240 0
1 17
19 3 518 1266 0.9920920138229601 0.13369273399854043 0
11 71 0 72 1391397 96 1342685 120 1208472 144 740838 167 709949 191 2149998 215 1871604 239 2692164 263 2863605 264 0
0
20 1 1083 1006 0.9906454544023517 0.02271012272990675 0
11 63 0 64 1990832 87 1758772 111 1592040 134 1405018 157 1986417 181 1858872 204 1346932 228 1343306 251 915050 252 0
1 19
21 1 905 842 0.9817830113175521 0.06884643840812484 0
10 70 0 71 1416399 96 1633966 121 1599970 146 1529170 171 1157972 196 3102860 221 2054834 246 1735866 247 0
0
22 3 1148 371 0.9805213921243389 0.11499564708019391 0
9 130 0 131 712721 154 1111105 178 1192183 201 1245284 224 1005531 248 1523847 271 1130538 272 0
1 21
23 1 1332 696 0.9890247969185058 0.016468580211510108 0
11 55 0 56 2047658 80 1098238 104 1612970 128 1799459 151 1780955 175 1152206 199 1569418 223 1395529 247 687538 248 0
0
24 1 518 1044 0.9917904604048492 0.11471320571628271 0
15 0 0 1 950540 26 1550475 51 1747811 76 1473332 101 1787525 126 2058498 151 2110011 175 1871996 200 1905597 225 1411711 250 2751027 275 1692397 300 1621512 301 0
1 23
25 3 535 540 0.9982536340403216 0.008047617961035052 0
9 129 0 130 1695753 157 1809179 183 1435703 210 1519362 237 996587 263 790193 290 913205 291 0
1 23
26 2 926 153 0.985884228155554 0.01770525149937216 0
15 2 0 3 4508591 27 2901908 52 2523794 76 1305510 100 986356 125 664902 149 890032 173 811223 198 606151 222 422754 246 238794 271 400926 295 457393 296 0
0
27 2 1199 759 0.9989024964213126 0.03228178373495009 0
13 7 0 8 1662416 34 1278645 60 839211 86 1222839 112 1456598 139 1050846 165 1324460 191 1540819 217 1286927 243 1484691 269 1433877 270 0
1 26
28 3 1148 589 0.9813779329148902 0.011396931274792216 0
14 32 0 33 794474 57 514915 82 590972 106 278596 130 493231 154 619596 179 690180 203 962738 227 1108609 251 1383066 276 2980524 300 1700689 301 0
0
29 3 1418 278 0.9864872568969821 0.08787117818029526 0
8 100 0 101 1221884 123 823399 146 1300655 168 1108724 191 1479271 213 981703 214 0
1 28
30 2 1081 907 0.9872388096368151 0.11274826028485381 0
9 46 0 47 1271922 71 1536719 95 821752 119 1086224 144 1004596 168 1104751 192 1425742 193 0
0
31 3 827 971 0.9979949665938987 0.13617986010536365 0
9 94 0 95 3030805 120 1633124 145 1564872 169 1324291 194 1431451 219 1522895 244 1834201 245 0
1 30
32 2 1135 190 0.9897514543976441 0.03560275277799148 0
8 8 0 9 2692234 36 2000237 63 1263702 89 1109821 116 1138631 143 890814 144 0
2 30 31
33 1 1320 291 0.9841449941103357 0.009816911798286214 0
8 85 0 86 880048 110 1247932 134 1564474 157 1716255 181 1837220 205 1754286 206 0
0
34 1 846 652 0.9878234417259193 0.11780883955229571 0
14 13 0 14 2914650 40 1950770 66 2439076 92 2258757 118 2077991 144 1127521 170 1081602 196 1698694 222 1018199 248 1004547 274 762005 300 688256 301 0
1 33
35 2 1154 1242 0.9857946391966409 0.12297196877291014 0
8 108 0 109 820366 134 1869700 158 1228961 183 916678 207 852203 232 644750 233 0
0
36 1 1256 869 0.9949507882769406 0.11431202939272046 0
15 6 0 7 317169 31 493488 56 996911 80 577427 105 669000 129 726390 153 582210 178 679484 202 1093008 227 1209689 251 1705876 276 1934084 300 1175200 301 0
1 35
37 2 865 807 0.9899173526100987 0.01678518838505199 0
11 94 0 95 892392 118 642600 142 985174 165 926860 189 1272189 212 1897981 235 2031237 259 2954493 282 3010540 283 0
0
38 2 836 842 0.987924040102734 0.09669146554415235 0
11 49 0 50 2458901 74 1421972 98 1099511 122 1435509 147 1275125 171 1177780 195 845478 219 748471 243 834316 244 0
1 37
39 1 776 405 0.9808717518820848 0.1322897318004251 0
8 61 0 62 1204155 88 1254043 113 1090745 139 1386584 164 1070215 190 1865302 191 0
2 37 40
40 3 1479 1189 0.9982476847249091 0.13575387675177156 0
12 27 0 28 1358319 52 1384088 77 1142872 101 1159377 126 1075911 150 1773817 175 1863542 199 1841664 224 1756295 248 1164623 249 0
0
41 2 1260 1281 0.9807299424426781 0.05010406939290704 0
8 143 0 144 1028263 167 1430478 189 1266173 212 1223800 234 2316672 257 2279917 258 0
0
42 1 766 484 0.9891223389526324 0.005714831706317297 0
11 85 0 86 761584 112 870796 139 1005302 165 988532 191 861557 218 1137097 244 1413768 271 1531493 297 1990837 298 0
1 41
43 2 745 533 0.9893401499968713 0.07301948302402132 0
12 45 0 46 312991 70 340877 94 707098 119 766381 143 967506 167 1487557 191 2562144 216 1087542 240 1166632 264 1793794 265 0
0
44 3 815 1130 0.9817148252606396 0.05118595077288236 0
8 22 0 23 1374989 48 1292952 74 1297457 99 1122145 125 1702887 150 1939142 151 0
1 43
45 1 1028 701 0.9985765636451314 0.02105904618874895 0
14 7 0 8 804531 32 627067 56 635423 80 783293 104 783144 128 847049 152 1355488 176 1720452 200 1874860 224 1432266 248 1278609 272 1125878 273 0
0
46 1 1423 387 0.9877299606495794 0.06172423863837678 0
11 34 0 35 1063442 60 1286589 85 1107011 110 1333033 135 857646 159 1320197 184 1508308 209 2491029 234 4141418 235 0
2 45 47
47 1 1435 694 0.9964732061889445 0.05111789950280753 0
10 45 0 46 1284241 72 1089738 97 2067119 123 1326336 149 1621999 175 1229832 200 1799502 226 1741489 227 0
0
48 2 1292 301 0.9891684398534936 0.028056189940729108 0
9 19 0 20 1893469 45 2126151 70 1738087 95 1555006 120 1409207 145 2194464 170 2294220 171 0
0
49 1 626 162 0.9885717375275753 0.10822606110715434 0
11 20 0 21 661416 44 1124887 68 1161674 91 716602 115 859967 138 1704946 161 2464372 185 1044029 208 837986 209 0
1 48
50 3 875 294 0.9971683335474837 0.07967253437623646 0
7 160 0 161 1364170 188 1459991 215 1074964 242 1113901 269 1169679 270 0
0
51 3 942 1230 0.9996512116464684 0.03364935086958597 0
10 9 0 10 482556 35 752585 60 838061 85 1247625 109 1385024 134 1094940 159 836671 184 1279084 185 0
0
52 3 1245 1097 0.9851459482055632 0.11174809370256426 0
12 17 0 18 1279193 43 1331571 67 1387780 92 2287026 117 2694949 141 2944567 166 1610219 191 949836 215 941913 240 1738503 241 0
0
53 3 1122 950 0.9998700213187809 0.048183478447149555 0
14 28 0 29 2394109 54 3105254 78 1870993 103 1126693 128 1226830 152 1257392 177 1507499 201 1585232 226 1214534 251 837606 275 709487 300 815984 301 0
1 52
54 2 1290 948 0.9994328389560763 0.047185958372539194 0
12 13 0 14 391888 38 443755 62 465362 86 260196 110 295252 133 646359 157 1116792 181 1475842 205 2231847 229 2480176 230 0
0
55 1 1188 1178 0.9872286193649319 0.07900119138574714 0
14 2 0 3 1187152 27 1222659 52 1459845 76 1676364 100 2263763 125 1626960 149 1675450 174 1856342 198 1987782 222 1637942 247 1472485 271 1445424 272 0
1 54
56 1 617 863 0.9882926290303355 0.001991137619639854 0
9 43 0 44 1165052 69 1786823 94 1275101 119 1907001 145 2115959 170 1992484 195 1608354 196 0
0
57 1 619 660 0.9952956689878509 0.1450399354240511 0
10 112 0 113 758410 139 1020897 165 1564902 191 1460771 216 1332783 242 1923663 268 1765360 294 908750 295 0
1 56
58 1 705 189 0.9937893727446473 0.08382206895510633 0
8 4 0 5 1869097 31 1354896 56 1658990 82 1003855 107 747092 133 1123814 134 0
0
59 1 679 180 0.9864696725043526 0.10514293161604271 0
12 50 0 51 1628980 76 1475439 101 942236 126 1178833 151 540384 175 768254 200 1306375 225 1558676 250 1230258 275 1614291 276 0
1 58
60 2 502 498 0.9995076179862135 0.042909966123505075 0
7 120 0 121 1980318 149 1986130 176 1464004 203 1003377 231 1531298 232 0
0
61 3 805 1328 0.9862092922611005 0.09153716770651095 0
13 25 0 26 1425795 50 1520101 73 1069316 97 563555 121 503863 145 892788 168 1717711 192 1856780 216 1698598 239 2100577 263 3330711 264 0
0
62 3 1128 905 0.9951877470141488 0.11788292255731653 0
7 183 0 184 1189655 211 1719562 239 1959706 267 1518623 294 1620506 295 0
0
63 3 1372 559 0.9972265519697441 0.024857007142001446 0
11 36 0 37 589730 61 543772 85 661249 109 747214 133 1100597 157 1527545 181 1932495 205 1460322 229 2137201 230 0
1 62
64 3 624 1218 0.9839869218641656 0.07744710915792834 0
9 124 0 125 1393350 149 1552755 173 2087546 197 1184066 221 1215242 245 1860118 269 1665287 270 0
0
65 2 1249 110 0.9800521031220057 0.05428737075622084 0
8 106 0 107 819969 131 1073320 154 1152357 178 1271226 201 920099 225 1532788 226 0
1 64
66 1 642 758 0.984710171631498 0.039687912727343844 0
14 30 0 31 1360029 55 2050210 80 1430026 104 2059224 128 1948620 153 1402602 177 1065036 202 1012740 226 1262254 250 1070540 275 939658 299 882360 300 0
1 65
67 1 1360 1206 0.9952955601433924 0.05003928634256375 0
9 128 0 129 1377315 153 1156074 177 984163 201 1190777 224 1199062 248 887693 272 856816 273 0
0
68 2 632 749 0.9988684425909032 0.1387427609228058 0
15 0 0 1 2870579 25 1953989 49 1178836 74 1230909 98 1838269 122 1454491 147 822583 171 631367 195 557300 219 763748 243 660892 268 413796 292 500368 293 0
1 67
69 1 851 1372 0.9879793638765954 0.14340363013529955 0
9 65 0 66 1501424 90 1625593 114 1502367 139 1347962 163 915283 187 790315 211 521056 212 0
0
70 1 585 118 0.9827140474215347 0.08205667112187828 0
8 165 0 166 1522311 190 1413124 214 930819 239 917979 263 872671 287 1216125 288 0
1 69
71 3 1453 431 0.9904468489110893 0.023175608789230088 0
10 62 0 63 869837 89 1064897 114 1313952 140 1358266 166 1665733 192 2738789 217 1760036 243 1313914 244 0
0
72 2 1055 1315 0.9918800814541613 0.04774838448260697 0
7 122 0 123 1593092 151 1103154 178 1068454 205 970604 233 687259 234 0
1 71
73 3 576 885 0.9996804619975412 0.03522446546040353 0
9 37 0 38 1704468 64 1474870 90 1390000 116 1012600 142 1038033 168 1634987 194 1947429 195 0
2 71 72
74 3 1237 99 0.9889660545586122 0.09903327913115655 0
12 32 0 33 916641 59 1106122 85 1169343 110 1995891 136 1390327 162 957934 188 1070499 213 1856040 239 2313927 265 2213519 266 0
0
75 1 822 1135 0.9994157048778695 0.033196451151542135 0
9 28 0 29 669048 55 899803 82 1784309 108 1510340 134 2121952 161 2781581 187 2096803 188 0
0
76 1 513 1363 0.9891166114464748 0.021970312654803474 0
11 1 0 2 743900 28 529013 54 1090567 80 1306750 106 1401041 132 2054060 158 2045935 184 2546984 210 3777150 211 0
0
77 1 838 1396 0.9878741222931907 0.0579776184182025 0
11 12 0 13 623001 37 691582 62 921392 86 878514 111 893086 135 1797822 159 1836184 184 2013254 208 1530134 209 0
0
78 2 1460 931 0.9909907427584173 0.0673237383137854 0
8 32 0 33 519460 60 709046 87 1016553 114 962344 141 1425053 168 2991496 169 0
1 77
79 3 1374 774 0.9919324267630544 0.13268056033599407 0
12 22 0 23 1499136 47 1791461 71 1192937 95 1090652 119 993782 142 949350 166 473966 190 501853 214 453140 238 431189 239 0
1 77
80 3 1113 603 0.9813218251012835 0.12472414413394241 0
14 23 0 24 3109047 48 2507377 72 1755497 96 1295348 120 1192340 144 1589378 167 1568942 191 1142409 215 913824 239 693818 263 570394 287 683703 288 0
0
81 2 1248 936 0.9899436583903286 0.06752132522395375 0
7 26 0 27 1403605 53 1471961 79 2146025 106 1668824 132 2528446 133 0
1 80
82 3 690 805 0.9829531803317623 0.03741506268647274 0
12 81 0 82 1106278 106 814421 130 1160681 154 1193568 178 900643 203 736264 227 1011650 251 1107312 275 1455285 299 1454596 300 0
1 80
83 1 1342 19 0.9854151215852074 0.14749287873668646 0
9 108 0 109 442187 133 409610 158 548498 182 755122 206 1114257 231 1943424 255 1728221 256 0
3 80 81 82
84 2 823 77 0.9814013159359889 0.1305201459579829 0
15 0 0 1 504151 25 375208 49 445286 73 324583 97 506426 121 593845 145 884520 168 1297049 192 1188896 216 1088198 240 1285957 264 2107713 288 3173366 289 0
0
85 1 1165 299 0.9997962519293434 0.09214244283558483 0
13 23 0 24 2174381 49 1932257 73 1769549 97 867590 122 660751 147 953593 171 600368 195 813049 220 742785 245 682811 269 1277098 270 0
1 84
86 1 695 983 0.9842356241142157 0.02534204758291008 0
13 14 0 15 227498 41 287999 67 403597 93 836523 119 1345292 145 1738450 170 1157295 196 1455059 222 1266271 248 1253369 274 1105520 275 0
2 84 87
87 2 896 115 0.9805678358865851 0.05301269509846422 0
13 31 0 32 1998813 56 2708721 79 1476760 103 749661 127 357886 151 476754 174 639148 198 658878 222 392771 245 314663 269 500307 270 0
0
88 1 1013 1211 0.9905606448474901 0.08148071836959428 0
14 31 0 32 2333693 56 2164058 80 1633716 104 876259 128 968607 152 858677 177 623307 201 985986 225 874514 249 757627 273 1006633 297 970511 298 0
0
89 2 689 335 0.9994673069436826 0.12223328069108194 0
15 1 0 2 523404 26 854688 51 1576995 75 1709926 99 2105500 123 1997478 147 1657077 172 2019023 196 2050272 220 2084828 245 1607363 269 1742841 293 992457 294 0
1 88
90 3 1468 774 0.9874850242874442 0.03093964187459554 0
9 30 0 31 1428918 55 1885342 79 1022757 103 1700025 128 1930502 152 1326126 176 945668 177 0
0
91 2 741 761 0.9922623554526162 0.013658303833757667 0
11 45 0 46 805964 72 965847 97 1130074 123 992816 149 1542710 175 2361401 201 2379644 226 3078751 252 2171694 253 0
1 90
92 2 544 883 0.9903031479212022 0.12564971756416768 0
10 51 0 52 281707 78 245196 103 613102 129 842166 155 1400759 181 1588780 206 2002682 232 2531266 233 0
0
93 1 963 841 0.9928224523293014 0.0391276686237304 0
7 143 0 144 1301540 171 1503519 198 1868314 225 1415894 252 1540038 253 0
1 92
94 3 1102 1274 0.9856750999152055 0.1317212929746283 0
7 51 0 52 2167592 77 1177503 103 2080383 128 2695001 153 1430787 154 0
0
95 2 1485 228 0.9919396769741702 0.04081744114946057 0
11 15 0 16 1498876 39 2348940 63 2428760 87 2444953 110 1448665 133 1341487 157 1415132 181 1257969 204 1243770 205 0
1 94
96 3 1451 614 0.9997654898472199 0.09945830504388072 0
10 28 0 29 1403283 53 999346 78 1035699 102 1466215 126 1580225 150 877798 175 1271103 199 1415823 200 0
0
97 2 972 594 0.9959066879515199 0.004641151321297254 0
9 126 0 127 1033328 151 1161944 175 801848 199 1453149 224 1778338 248 1307558 272 2028124 273 0
2 96 98
98 3 905 573 0.9848937639573743 0.04952540058851382 0
15 3 0 4 575777 28 426240 53 456776 77 1034800 101 1309136 125 1587468 149 1744374 174 1527345 198 2019853 222 1673034 247 1612636 271 1360174 295 1063804 296 0
0
99 2 690 569 0.9948549952613103 0.08853417160116514 0
9 86 0 87 1034264 110 1026484 133 1028498 155 877179 178 921509 201 1212054 224 1057601 225 0
0
100 3 1129 536 0.9892425784535005 0.13463673769934814 0
7 104 0 105 579577 133 504715 161 892814 188 1513756 216 1606729 217 0
1 99
101 3 1331 308 0.9868807514298775 0.007980102747211075 0
10 78 0 79 1055778 102 884954 126 840518 149 640893 173 1010763 196 992391 220 1834698 243 1621431 244 0
0
102 1 1043 1090 0.9990630271546135 0.13268729263903536 0
8 114 0 115 405692 138 538210 162 796547 185 734863 209 1233864 232 1887315 233 0
2 101 104
103 2 1236 34 0.9811482082196615 0.09021187020760756 0
13 30 0 31 927347 56 1052680 81 996677 107 1116435 132 1301293 157 2608673 182 1575284 207 2112386 233 2118382 258 1688957 283 1237868 284 0
2 101 104
104 2 1250 859 0.9847104816874809 0.021477877104548536 0
15 10 0 11 1633793 35 1471645 59 1107656 83 1620360 107 1396449 131 991531 155 1391489 178 850887 202 1046805 226 424161 250 294836 274 274382 298 434486 299 0
0
105 3 1382 33 0.9957565129367543 0.146550318237515 0
9 87 0 88 1107790 114 802102 140 1243363 166 1637455 192 2281159 218 2408855 244 1948520 245 0
0
106 1 1152 1207 0.9919234556572389 0.021971334751904912 0
14 27 0 28 1559835 52 1045579 76 1154346 100 750314 124 981953 148 1159665 173 883638 197 1179954 221 1283868 245 687484 269 711713 293 711579 294 0
1 105
107 3 1403 218 0.9915989454565743 0.061533383642318466 0
14 3 0 4 606349 30 874444 56 919763 82 849794 108 779127 134 1052851 159 1979611 185 2121485 211 1469909 237 2054250 263 2022969 289 1439652 290 0
1 106
108 3 922 1283 0.9914353167501334 0.09350623424007933 0
15 1 0 2 843329 27 1488899 52 1995320 77 2171080 101 1583621 126 1692273 151 1573197 176 1476267 201 1449511 225 974442 250 2094638 275 1714864 300 2063898 301 0
0
109 2 1015 581 0.9829733678788315 0.1491595734909318 0
12 21 0 22 2450765 47 2332026 72 1809120 97 1934619 122 1523686 147 1286124 172 1510818 197 913677 222 1205089 247 1241328 248 0
1 108
110 1 1219 930 0.9973404267530823 0.11826845501348124 0
7 181 0 182 1936141 207 1165810 233 1316988 258 2243172 283 1955850 284 0
1 108
111 2 567 239 0.9942027341900102 0.1498081359191886 0
11 42 0 43 1978994 69 1432129 94 2026712 120 1723901 145 2068460 171 1501460 197 1468672 222 1086733 248 973068 249 0
2 109 110
112 3 1384 469 0.9884027395011837 0.040470925169432535 0
15 6 0 7 1919751 31 2049769 56 2560240 80 1792050 104 829565 129 733352 153 621411 177 532673 202 870967 226 674619 250 588871 275 614370 299 598400 300 0
0
113 2 1493 1038 0.9867475349433346 0.07643890122669393 0
12 75 0 76 1664720 100 1152611 124 964623 149 925908 173 854539 197 533460 221 751641 246 934439 270 705529 294 1177697 295 0
0
114 2 1104 505 0.9811142010438056 0.14659506352106838 0
10 31 0 32 2496507 56 1734908 80 1483601 104 1146414 128 1195581 152 1357707 176 1766457 200 1059894 201 0
1 113
115 2 701 227 0.9843274397482341 0.0795307873237684 0
14 1 0 2 843024 27 880375 52 897666 76 873736 101 693498 126 639503 151 1115602 176 1096083 201 999363 225 1295585 250 1060754 275 1456929 276 0
0
116 3 953 851 0.9800883767740689 0.14557911594826684 0
9 43 0 44 2129358 70 1868668 97 2219971 123 2502297 149 1367578 176 1160140 202 1365963 203 0
1 115
117 1 725 1221 0.9935116383394004 0.08078236115177147 0
11 63 0 64 3227893 87 1495173 111 2091513 134 1592109 157 1479669 181 1782703 204 839457 228 711324 251 332640 252 0
0
118 3 1275 860 0.9813662055472725 0.10476440845200947 0
14 10 0 11 2381127 37 1942125 62 2341684 88 1307387 113 1030364 139 1330716 164 857790 190 358633 215 424785 241 607806 266 1083869 292 980785 293 0
0
119 2 744 1007 0.9886202389542704 0.044282216187234415 0
10 55 0 56 1307104 82 1518322 108 1201419 134 682952 161 491583 187 618080 213 1184536 239 1706875 240 0
1 118
120 3 811 1335 0.9970634013069324 0.13253637530249296 0
14 0 0 1 807894 26 912342 50 971967 75 1088455 100 1007605 124 1343141 149 1171754 173 654160 198 880607 223 635650 247 1036172 272 1356223 273 0
0
121 1 958 1019 0.9993670436511716 0.10891123219484337 0
15 2 0 3 662556 28 637246 52 1251956 77 1067302 101 1481150 126 1562426 151 1782778 175 2067545 200 1694320 224 1200275 249 1346035 273 1361354 298 1249095 299 0
2 120 122
122 3 1427 229 0.9898367112780477 0.10561856494735634 0
13 3 0 4 1396167 30 1214256 55 1107464 81 2127530 107 1749561 133 1988480 158 2982942 184 1721508 210 1135138 235 708471 261 1194274 262 0
0
123 2 1067 478 0.987345623859353 0.020746798803492505 0
8 119 0 120 786945 147 790107 174 1446539 200 712770 227 795487 254 1312648 255 0
0
124 2 570 1215 0.9957875344865856 0.028863011044423598 0
11 52 0 53 596731 79 569121 104 433424 130 625350 155 902909 181 1471779 207 1805936 232 1877071 258 1882917 259 0
1 123
125 3 962 762 0.9938099935393934 0.10039346656659308 0
8 84 0 85 1032371 110 791586 135 857892 159 1719606 184 1154440 209 1089976 210 0
0
126 2 1180 331 0.9965604916807639 0.14963748632224386 0
12 43 0 44 710505 69 1007774 93 1221272 118 1615819 143 1355003 167 920514 192 1894737 217 1722412 241 2049258 266 1546944 267 0
1 125
127 2 1367 551 0.9861048026277285 0.05760553774312921 0
12 2 0 3 2714133 28 2895254 52 1222034 77 1792184 101 2185212 126 1757232 150 846178 175 725861 199 564202 224 377676 225 0
1 125
128 3 662 279 0.9949613175392583 0.07671632604868102 0
9 40 0 41 1623830 65 1867935 90 1770196 115 1349693 139 771572 163 644455 188 509662 189 0
0
129 2 795 535 0.988385310483855 0.03447171481205217 0
13 47 0 48 812073 73 1067554 98 857100 123 1251756 148 1983295 173 1986203 198 1377917 223 912888 248 881009 273 1938802 298 2609156 299 0
1 128
130 1 1198 1198 0.9959561735195734 0.11445186168272553 0
9 134 0 135 2267233 158 2401654 182 1902720 205 1829661 228 1070835 252 1322198 275 861366 276 0
1 128
131 1 700 993 0.9854839034337487 0.014831072831146251 0
13 29 0 30 398492 55 369130 80 722298 104 823718 129 933385 154 1012366 179 1511581 204 2287140 228 2324479 253 1627486 278 1994095 279 0
0
132 3 560 943 0.9819855755613975 0.0012425214566803289 0
12 56 0 57 242881 81 348506 105 589881 129 721197 153 793357 177 685108 201 919035 225 1398863 249 1800537 273 2260687 274 0
0
133 1 749 790 0.997071294919118 0.02673943581820775 0
14 7 0 8 685204 32 1615256 56 1395287 79 514206 103 617723 127 1115025 151 635150 175 662648 199 789067 222 929650 246 1804583 270 2124966 271 0
1 132
134 1 1156 1133 0.9854863668582942 0.01902833852316019 0
8 141 0 142 1759422 167 1788287 192 1577007 216 1607715 241 1955044 266 2038007 267 0
0
135 3 1322 340 0.9891695271925056 0.11454869899900623 0
9 25 0 26 1044388 51 897264 77 1454401 102 1237751 127 789083 153 1076897 178 940705 179 0
1 134
136 3 1455 783 0.9967036209021616 0.12635160286205238 0
13 53 0 54 2002459 78 1599053 102 1855956 126 1686687 150 758992 174 938738 198 1121348 222 1529336 246 1092134 270 1011306 294 1316932 295 0
3 134 135 137
137 2 957 1004 0.9962705033525137 0.07566250889918072 0
11 62 0 63 2211432 88 1573628 113 801869 139 881315 164 715215 189 609656 215 694345 240 368353 265 349656 266 0
0
138 3 1440 1247 0.9812433068582831 0.08257995346743688 0
15 0 0 1 509279 25 325146 50 351238 74 373447 98 578131 123 591895 147 690744 171 920611 196 649632 220 1785598 244 1814420 269 1486504 293 1277769 294 0
0
139 3 769 405 0.9919408639130064 0.09304224732713805 0
14 5 0 6 372265 32 411647 58 702303 84 506427 110 811345 136 1434626 161 2156487 187 2418416 213 1634648 239 1214827 265 2434412 291 2267861 292 0
0
140 1 1358 1117 0.9891664311295186 0.05668446972312635 0
8 96 0 97 2063652 122 1022324 147 1611528 171 1413165 196 1437010 221 926047 222 0
1 139
141 1 695 690 0.9964017352875087 0.135386104128699 0
11 48 0 49 867187 74 1021664 99 1591548 123 1606099 148 2019580 173 1469678 197 1490482 222 2015362 247 2429923 248 0
0
142 3 778 630 0.9897611964441947 0.0815445903856846 0
12 23 0 24 1119564 48 1825176 72 2527747 97 1561989 121 1148222 145 1513700 169 753109 194 687671 218 988939 242 619565 243 0
2 141 143
143 3 1405 216 0.9942222858788974 0.10837475685314041 0
13 33 0 34 929195 58 1195105 81 1191256 105 1110332 129 1485929 153 1714226 176 1911403 200 1699022 224 2346732 247 3074607 271 3048277 272 0
0
144 1 667 349 0.9801224358985307 0.05600176789236483 0
14 28 0 29 1172958 53 1259303 77 1533711 102 1763077 126 808395 150 933347 174 766234 198 561183 222 742679 247 698105 271 690177 295 811374 296 0
0
145 3 1312 73 0.9838506751310271 0.10406759390466444 0
8 93 0 94 938819 119 1337356 144 1238771 170 2487452 195 1745457 220 2095874 221 0
1 144
146 2 1253 865 0.9912595830366178 0.04340244350270789 0
9 40 0 41 750766 64 606016 88 566536 111 866521 134 1135919 158 1554210 181 1265507 182 0
1 144
147 1 1312 398 0.9914446738949945 0.11247829110240147 0
12 67 0 68 505095 92 678087 115 1190105 139 1139522 162 1242872 186 1700621 209 1484267 233 1002342 256 1580855 280 1294754 281 0
0
148 3 619 569 0.9821645410420985 0.03228697310838425 0
7 188 0 189 2288911 217 1879063 245 1889925 272 1812915 300 1833321 301 0
3 147 149 150
149 1 733 430 0.9861494581661718 0.009328555070920485 0
13 14 0 15 2706345 41 1527437 67 1055467 92 1214018 118 1608294 144 1721232 170 889644 196 437297 221 427945 247 448450 273 672755 274 0
0
150 2 1027 932 0.9872023241256678 0.10665204490875947 0
10 53 0 54 2911254 80 1539824 106 2380994 132 1460468 158 2135700 184 1888240 210 1435376 236 1102362 237 0
1 149
151 2 804 923 0.9824785883238777 0.05948927011050355 0
10 69 0 70 2436258 94 1727357 118 2225612 142 1394709 166 2002587 190 1605207 214 2029062 238 2037096 239 0
0
152 3 1030 35 0.9824327384498479 0.1246547950834286 0
11 108 0 109 844283 133 1407411 156 1557798 179 1520203 203 2137439 227 2522489 250 1886232 273 2088628 297 2152030 298 0
1 151
153 3 614 1228 0.9842049112208423 0.10350684706547202 0
10 31 0 32 1848927 57 1648288 82 2085520 107 2096649 133 1733424 158 1640610 183 1002119 208 620581 209 0
0
154 2 666 736 0.9851142205529633 0.09797608326449496 0
12 44 0 45 871304 69 971309 93 905235 117 792374 141 1194871 164 2079716 188 2154200 212 2383880 236 1848021 260 1811942 261 0
1 153
155 1 1072 726 0.9925655536431136 0.03731357999196008 0
14 8 0 9 1969477 35 1712998 60 3131444 86 1944570 112 2096469 137 2490242 163 2323659 188 1806557 214 1300878 240 1549856 265 841630 291 675681 292 0
0
156 1 1450 165 0.9963987309067439 0.1182404853475252 0
11 93 0 94 683672 118 576831 143 736890 167 951697 191 1511178 216 1924891 240 2170957 265 2363233 289 2753618 290 0
0
157 3 1174 347 0.9955280850384285 0.002452544539507079 0
11 73 0 74 434915 99 710718 124 1081259 149 1908717 175 2010981 200 1093529 225 1415495 250 1273664 275 869282 276 0
2 156 158
158 3 613 783 0.9827211990194343 0.044091321763373555 0
13 41 0 42 1467316 67 3244905 93 2217932 118 1999173 144 1810798 169 2084247 194 1386108 220 1528130 245 1306373 271 528979 296 683042 297 0
0
159 3 1355 1370 0.9808344501571877 0.036801465658091316 0
8 114 0 115 1455086 138 1474527 161 2037784 184 892206 207 771541 230 640346 231 0
0
160 1 1177 7 0.9828894298075973 0.046350650744439344 0
11 19 0 20 1042514 44 1052749 68 1133977 92 1542433 117 1851956 141 2231826 165 2119593 189 2600958 213 2081199 214 0
1 159
161 2 1171 164 0.9912525303957604 0.07355382769088584 0
8 89 0 90 3077218 115 1961383 141 1813725 166 1501363 192 1212174 217 683299 218 0
0
162 1 865 1137 0.9916582697721682 0.13346283293769345 0
11 71 0 72 2140696 96 1403235 120 2386653 144 2182672 167 2144914 191 2203202 215 1617286 239 659166 263 731159 264 0
1 161
163 1 1203 242 0.981615034417625 0.11243229415679913 0
11 53 0 54 1544538 79 2715681 103 1643448 128 2235392 153 1876020 178 2076283 203 1107895 227 628386 252 447188 253 0
0
164 3 1322 308 0.9866548661235285 0.037127778846824756 0
12 83 0 84 1539643 108 1371757 132 1342684 156 1683152 180 1032383 203 874787 227 1321515 251 1178839 275 1446799 299 1677962 300 0
2 163 165
165 3 738 484 0.9826286342424139 0.0009689120832161668 0
15 4 0 5 1962202 29 2293458 54 2357092 78 2365689 103 2576401 127 1758269 151 2336018 176 1098228 200 668106 225 595644 249 730209 274 558911 298 317975 299 0
0
166 3 1378 148 0.9923926945418582 0.018846397576421363 0
14 8 0 9 1489372 33 1185369 58 1022076 82 813033 107 1555439 131 1341115 156 1482947 180 1739354 205 1408029 229 1516862 254 1300734 278 770646 279 0
1 165
167 2 1341 446 0.997186402267026 0.07954479287360038 0
8 135 0 136 257572 162 593045 187 552205 213 653296 238 1739913 264 2166903 265 0
0
168 2 958 896 0.9847857723063659 0.028050762785150084 0
13 11 0 12 1389740 37 1592317 62 2392429 87 1759985 112 2272214 137 1440141 163 1692584 188 1613486 213 1951822 238 2371291 263 2387819 264 0
0
169 2 763 875 0.9970736634688386 0.1407769720753329 0
9 72 0 73 543936 97 474286 121 695283 145 729875 168 947312 192 1740803 216 3578044 217 0
0
170 2 821 729 0.983101404248734 0.04772193016051646 0
14 20 0 21 1334647 45 897896 69 1140292 93 1481936 117 1692856 141 1345045 166 1182850 190 1055320 214 1095879 238 1061086 262 788318 286 1053055 287 0
0
171 3 1358 350 0.9815064888949366 0.022048901519614632 0
15 0 0 1 473441 26 911954 51 803961 75 504569 100 1068691 125 1705019 149 2071355 174 1553082 199 1346210 224 1313288 249 1212849 273 895016 298 681497 299 0
2 170 172
172 1 1151 152 0.9885114724272264 0.007952905140989496 0
10 25 0 26 2215293 51 1790573 77 1918483 102 1742646 128 1264359 153 1354923 179 1575774 204 1459069 205 0
0
173 1 533 812 0.9970230863626566 0.09746022373372565 0
10 2 0 3 1441238 27 2068877 51 2399782 75 2227149 100 2087958 124 1973694 148 1845964 172 922335 173 0
0
174 3 1296 1089 0.9977946059470963 0.057956055539436 0
8 152 0 153 1002291 177 1376882 200 1385376 224 1075894 247 1120596 271 1178159 272 0
2 173 175
175 1 534 197 0.9849107155238022 0.07247327482963764 0
9 82 0 83 1881641 109 2249683 135 2544632 161 918179 188 816266 214 485439 240 543753 241 0
0
176 2 620 190 0.9998166398194683 0.016460003416991276 0
14 11 0 12 925544 37 1512348 61 1548009 86 2101443 111 1966576 136 1693626 160 2770937 185 2264126 210 2030109 235 1578171 259 1822227 284 1521009 285 0
0
177 3 1394 1250 0.9896300384403269 0.003020024923254577 0
12 53 0 54 1503349 80 2447646 106 1900621 132 1738791 158 2140289 183 1148011 209 767396 235 515754 261 726425 287 782401 288 0
0
178 1 1283 1189 0.98640381021686 0.13599122884608422 0
9 70 0 71 2293627 97 1453676 124 1312280 151 1053205 177 1742910 203 1495553 230 1998650 231 0
0
179 3 658 1316 0.994663729552281 0.13061600915035557 0
12 41 0 42 1160467 68 1403429 93 1926926 119 1170098 145 1674899 170 2148114 196 1648134 222 2066025 247 1335721 273 2317656 274 0
0
180 3 1493 733 0.9828672614148731 0.1281118503829541 0
8 58 0 59 1250326 84 1578196 108 1492363 133 1600389 157 1098599 182 629462 183 0
0
181 2 832 1169 0.9915023348739781 0.030878847417718545 0
13 9 0 10 1465325 35 761843 59 1062690 84 1068727 109 746285 133 1225258 158 921696 183 1500680 208 2627934 232 2192959 257 1906787 258 0
1 180
182 2 1283 483 0.9959712885076095 0.0930958881828419 0
12 68 0 69 438741 95 379374 120 712638 146 989720 171 852127 197 1045639 222 1256959 248 1133456 273 1710768 299 4662588 300 0
1 181
183 1 1098 1327 0.9825532141881036 0.0687444351829761 0
11 15 0 16 2482311 42 2001916 68 1746127 94 1533880 120 1498882 146 1594434 172 2216731 198 1838105 224 1837655 225 0
0
184 2 933 1044 0.9842350178701054 0.040452007926139115 0
11 54 0 55 2377335 80 1483590 105 748512 130 1080778 155 1032501 179 1043439 204 970754 229 753940 254 530426 255 0
0
185 1 1022 1008 0.9980716677338015 0.08373195448525643 0
15 0 0 1 534352 25 843651 49 350224 73 609884 98 832700 122 821253 146 570189 170 905334 194 1758520 219 1978225 243 2115963 267 2993536 291 4278731 292 0
0
186 3 1317 775 0.9928552762478903 0.0832272209922766 0
8 129 0 130 2105698 154 1654263 178 1187004 202 1243690 226 1318742 250 1045266 251 0
1 185
187 3 510 709 0.9803092048091712 0.10610736009096453 0
12 52 0 53 2078388 78 1922734 102 1372033 127 1603713 152 1025633 176 1018391 201 1900937 226 2588727 250 2705150 275 1476515 276 0
1 186
188 3 1199 160 0.9926729131654516 0.07142410208651052 0
11 57 0 58 1688622 83 1952200 109 1480347 134 1877211 159 1863927 184 1944946 209 1971990 235 2286985 260 2425463 261 0
0
189 1 1142 349 0.9963052754731536 0.08818385216960802 0
10 49 0 50 1502906 75 2854191 100 1919188 125 1293154 151 841234 176 952760 201 792481 226 849041 227 0
1 188
190 3 1341 619 0.9898233598084755 0.042093686400625115 0
8 42 0 43 2317181 70 2237136 97 1749933 123 1192199 150 722771 177 588789 178 0
0
191 2 1336 726 0.9870568309992552 0.1269661287712669 0
14 21 0 22 569214 47 966919 72 1724236 97 1166981 122 1662856 147 1558050 173 1889983 198 1112497 223 832127 248 881357 273 655325 298 727858 299 0
1 190
192 3 1259 658 0.9913321317448449 0.03055709587853777 0
11 60 0 61 560441 86 587646 111 1327116 137 1194975 162 894590 187 1073183 213 1595916 238 1175624 263 1317883 264 0
0
193 1 1425 13 0.9857340394514887 0.09189070911101771 0
8 25 0 26 3012356 48 2253966 71 1451346 93 1433613 116 1701232 138 1293040 139 0
2 192 194
194 1 841 1327 0.9904743721048974 0.06809049375283088 0
9 112 0 113 389636 137 913992 160 873928 183 853773 207 1796854 231 1761037 254 1570587 255 0
0
195 2 792 1235 0.9836941342232922 0.03398923208380144 0
11 40 0 41 2282503 67 1698157 92 1954062 118 2382484 143 2059529 169 1841775 195 1655702 220 1410837 246 827394 247 0
1 194
196 2 1408 523 0.9849958994572329 0.13890600629102534 0
11 90 0 91 826365 117 836377 142 681464 168 1141437 193 1711097 219 2969760 245 1767764 270 1741448 296 1899611 297 0
0
197 1 1378 658 0.9878278381043687 0.03920510725931632 0
12 11 0 12 1679543 38 1899358 64 1445111 91 1106342 117 901912 143 869417 169 673923 196 840504 222 786487 248 433592 249 0
1 196
198 1 847 489 0.9931024170768137 0.005887446473735014 0
14 4 0 5 1636161 29 2006135 53 1294773 76 677554 100 694270 124 908734 148 981285 172 1112429 196 690160 219 705785 243 1070882 267 773944 268 0
0
199 3 1132 821 0.9883924120602868 0.09906487828732156 0
14 10 0 11 550784 36 525339 60 640486 85 603196 110 487869 135 657990 159 468682 184 1030791 209 818992 234 2150622 258 2902530 283 2952886 284 0
2 198 201
200 3 1387 344 0.9808293574059442 0.059491782361134005 0
14 21 0 22 1970485 47 1859300 72 1924000 97 819626 122 739538 147 1028305 173 1775700 198 1558960 223 1391562 248 1509933 273 1465707 298 1634539 299 0
3 198 201 199
201 3 1226 1352 0.9913726327244936 0.09579253349293981 0
8 137 0 138 1040330 162 935501 185 1346349 209 1406791 232 1317812 256 1077206 257 0
0
202 3 1102 654 0.9828676076120523 0.1287262000241289 0
9 153 0 154 1494536 177 1459835 200 1774094 223 1834253 247 1640646 270 1263719 293 1999429 294 0
0
203 1 1360 274 0.9846112999379527 0.037772233568177264 0
11 95 0 96 703288 121 630459 147 877491 173 1314609 198 1348230 223 1415401 249 884867 275 740793 300 724123 301 0
1 202
204 1 964 636 0.999264068493115 0.11995729185029073 0
8 135 0 136 1959266 163 1253026 190 852028 216 829439 243 726360 270 864663 271 0
0
205 2 843 119 0.998481757680365 0.0707947958102906 0
7 33 0 34 1012503 59 640930 85 1011032 111 1452949 136 2286217 137 0
0
206 1 1286 687 0.9856748721737809 0.01334416909273064 0
13 35 0 36 3012232 61 2922444 87 2126133 112 1993645 138 1298059 163 625599 188 614771 214 783350 239 1297617 265 989199 290 1523559 291 0
1 205
207 1 711 290 0.9929818797560998 0.13781477114131022 0
9 16 0 17 1517375 41 1236782 66 976660 91 1441338 115 2099119 139 1966733 164 1692132 165 0
0
208 3 1155 1039 0.9892717058346011 0.11831497002515065 0
11 69 0 70 1186851 93 1661720 117 1000890 140 1706959 163 1886750 187 1425232 210 1325548 234 1482948 257 574630 258 0
1 207
209 3 1369 770 0.9831353862672696 0.04197040199781772 0
13 44 0 45 1452027 70 1801335 96 1013978 121 1458323 146 1373337 171 1375232 197 1265442 222 548594 247 251520 273 141300 298 152551 299 0
1 207
210 1 1099 1118 0.997152075472973 0.027052474271002287 0
15 3 0 4 335599 29 522895 53 387393 77 578096 102 735241 127 1451655 151 1478594 175 1572096 200 1545093 225 1812747 249 3559858 273 2453655 298 3652794 299 0
0
211 3 1068 1144 0.999179485561659 0.14726969576862797 0
10 18 0 19 1385172 43 1712177 66 1473710 90 1388009 113 1147095 137 828927 160 1118094 184 1462254 185 0
0
212 1 946 150 0.984691830410942 0.07056664195544039 0
12 40 0 41 1870604 66 1001720 90 704334 115 869766 139 1541153 164 1410832 188 853809 213 922990 237 1073541 262 1167316 263 0
1 211
213 2 1480 365 0.9910781552103471 0.09263002759745527 0
13 33 0 34 990286 59 1323198 84 1075871 109 1061782 134 1103386 159 959522 183 954261 208 1060121 233 1270430 258 2154445 283 2297808 284 0
0
214 1 1178 739 0.9830389061665157 0.04945643760243128 0
12 10 0 11 2362707 37 1493954 63 1756014 90 1095099 116 1575882 142 1685119 168 1364970 195 1194289 221 1261365 247 1808971 248 0
0
215 3 962 854 0.9915050097781247 0.02651606447932433 0
13 40 0 41 3720607 66 2899646 91 1434908 116 921707 141 730672 167 784072 192 620775 217 720976 242 1006262 267 591012 292 390010 293 0
2 214 216
216 1 1423 239 0.9865760595730246 0.0909715393136096 0
13 45 0 46 3939486 71 2332943 96 1134731 122 1414003 147 1797251 172 2101020 197 2128647 222 1768412 248 1025677 273 1267331 298 833156 299 0
0
217 1 1459 726 0.9823083288683774 0.012497926634115974 0
14 27 0 28 1366023 52 860474 77 1156759 101 1144247 125 1516244 150 1376579 174 1486826 199 1518713 223 1135957 247 1082793 272 727877 296 979301 297 0
0
218 1 1008 223 0.993225689218752 0.1296253295928106 0
10 76 0 77 1158129 100 1149903 124 1110767 147 775099 171 943804 194 1061429 218 865979 241 1639619 242 0
1 217
219 3 991 126 0.9943949477656823 0.0716287598916238 0
10 120 0 121 519697 145 675954 170 597102 194 1425409 218 1178115 242 1607728 267 1362353 291 670056 292 0
0
220 3 1285 991 0.9988413920653391 0.1409076483435189 0
8 139 0 140 1139530 166 1061318 193 1715019 219 1236734 246 1560410 272 1415934 273 0
0
221 1 789 1118 0.9951121571573529 0.0839820594332519 0
15 5 0 6 2792890 30 1509490 55 2093849 79 1132701 103 822324 127 826562 151 513322 176 269751 200 253625 224 350713 249 393152 273 454996 297 454290 298 0
0
222 2 911 1248 0.9947790556779714 0.13241651493917111 0
13 30 0 31 901639 56 930532 81 1045860 105 1068673 130 1893864 155 1853545 180 2372226 205 1882522 229 1594100 254 1658528 279 1558700 280 0
0
223 1 1248 14 0.9877405537763002 0.0886784644046719 0
12 22 0 23 837314 48 1247051 73 1056204 99 1968535 124 2300482 149 1854575 174 1263409 200 1177360 225 2117806 250 2033446 251 0
1 222
224 3 1195 695 0.9844084862051908 0.07448047895179774 0
13 4 0 5 993474 30 795976 55 448406 80 826092 105 1087718 129 820878 154 1226861 179 1805107 204 2053131 229 2962854 254 2846875 255 0
3 222 225 223
225 3 798 1288 0.9984638804637899 0.08840194720455956 0
8 38 0 39 1120227 64 772518 90 955907 115 1199050 141 1304998 166 1276868 167 0
0
226 3 1412 1089 0.9858790433034222 0.025150641091942844 0
10 115 0 116 598923 142 896419 168 1037501 194 1662432 221 1398648 247 2731263 273 1940358 299 1934311 300 0
0
227 1 736 790 0.9877736341420008 0.1394182685542165 0
13 15 0 16 563021 41 939086 66 1133002 91 1850066 116 940104 141 1374323 167 1478344 192 1696963 217 2521008 242 3692458 267 2716123 268 0
0
228 3 1176 479 0.9956466406545973 0.0466731934440329 0
9 98 0 99 2584681 124 1920084 148 1552480 173 1635218 198 1653074 222 1057251 247 1952122 248 0
0
229 3 828 628 0.9984094458625414 0.08569040195765103 0
11 23 0 24 1488809 48 1520005 72 2333637 96 1839533 121 1520226 145 2069635 169 1676825 193 1574690 217 1549412 218 0
0
230 1 1471 1346 0.9814304539529101 0.12623507716885696 0
15 5 0 6 2678607 30 1737877 55 1321833 79 715178 104 918981 128 770553 153 802909 177 796268 201 657879 226 459839 250 273205 275 322597 299 184778 300 0
0
231 3 885 1138 0.992119669869382 0.04282286704873027 0
10 93 0 94 2297388 119 1909177 144 1196848 169 2355837 193 2138853 218 1968286 243 1753221 268 1170596 269 0
1 230
232 3 531 863 0.992984540576429 0.07908737491909307 0
8 21 0 22 1749662 48 815124 74 580219 99 717533 125 1014581 151 1342650 152 0
0
233 3 969 469 0.9929069817008412 0.06110554733800813 0
9 3 0 4 1316875 30 1216380 57 1348500 83 1449757 109 2147034 136 2283107 162 2655569 163 0
1 232
234 2 774 449 0.9863165912781099 0.037279938510955984 0
8 62 0 63 1275210 87 1141875 111 1294271 136 1189883 160 1752077 184 1417508 185 0
1 233
235 2 1468 1 0.9825317534357075 0.051091796940150314 0
7 32 0 33 1465466 59 1125008 85 863991 110 1737460 136 2435041 137 0
0
236 1 541 140 0.980820524711943 0.0670951859323437 0
12 19 0 20 2094435 44 1987394 68 1966587 93 1759324 117 1483589 141 2233777 165 2362797 190 1975997 214 1256313 238 1244827 239 0
1 235
237 1 1285 861 0.997655815875125 0.08698788766311123 0
15 4 0 5 1781970 29 1678181 53 954836 77 577626 102 826286 126 1105155 150 879423 174 1775893 198 1955532 223 1598826 247 2130499 271 813577 295 790566 296 0
0
238 2 693 295 0.9867006465453058 0.07130424378182253 0
9 121 0 122 1832858 145 2680572 168 1851696 191 1430364 215 708062 238 896210 261 764021 262 0
2 237 239
239 1 505 349 0.9925977252485471 0.0347529503992252 0
15 2 0 3 810897 28 1191135 53 1213891 77 774671 102 614120 127 723629 151 760805 176 858114 201 894638 226 900380 251 2938560 275 3020075 300 2914806 301 0
0
240 1 921 687 0.9934043942389725 0.136687038102547 0
8 129 0 130 1152451 156 1096972 182 978451 208 1107738 234 1575202 260 1920462 261 0
0
241 1 1014 202 0.9978994244148794 0.07234484220040831 0
15 0 0 1 628211 26 348469 50 386025 75 694254 99 834210 124 1174252 149 1766841 173 1971962 198 3400973 222 2971593 247 2014907 271 2551282 296 1345447 297 0
1 240
242 1 1298 142 0.9853254996895143 0.040025483032502786 0
13 29 0 30 2526146 55 2359755 79 1253173 103 1482561 128 2128907 153 1586599 177 1890141 201 1747992 226 1742182 251 1222782 275 2304961 276 0
1 241
243 3 944 1302 0.9924847387866818 0.11249204787694075 0
15 5 0 6 2924851 30 1845344 54 1749928 78 1766745 102 1779322 126 1306213 150 1085171 174 1490282 198 1622345 222 1713788 246 1826192 270 1364563 294 776452 295 0
0
244 2 1485 385 0.9850198279847535 0.11893448989866398 0
12 17 0 18 1814344 43 2083356 69 1877074 94 2251083 120 1852592 145 1643197 171 1181290 196 1437763 222 1873696 247 1177093 248 0
2 243 245
245 3 1447 1225 0.984109499252379 0.10887902463561815 0
10 67 0 68 1247855 93 1679891 118 1950247 143 1287182 167 1580333 192 1831816 217 993166 242 1457935 243 0
0
246 2 1128 650 0.9997282337979744 0.034459675441030665 0
11 4 0 5 2242376 29 2119125 53 1329938 76 1312470 100 1692366 124 915238 147 670975 171 808197 195 642826 196 0
1 245
247 3 705 8 0.9913641350752437 0.06799524115245034 0
9 14 0 15 1950389 41 2515800 67 1689862 93 1621599 120 848889 146 680829 172 535578 173 0
0
248 3 905 389 0.9886273183862977 0.052368993677654706 0
12 68 0 69 1333930 93 1944961 117 1593890 141 1696900 165 1332933 188 1531311 212 3358529 236 2066316 260 1553759 284 1452626 285 0
1 247
249 1 970 713 0.9971433309077004 0.11267398185778855 0
11 68 0 69 1878086 95 2023654 122 2015636 148 1792665 175 2066598 201 1138405 227 1977067 254 2086388 280 2457761 281 0
2 247 248
250 3 1062 371 0.9815553517411297 0.00894073030683279 0
7 79 0 80 2072286 107 2040542 134 1905610 161 1951176 188 1482408 189 0
0
7 5 14970680509072382667
0.93226412769381872 0.067679106502696304 5.6765803484833344e-05 0 0 0 0 
0.055709365137404376 0.86369382517796467 0.080466077775187952 0.00013073190944299325 0 0 0 
0.0029719011276661766 0.1897120934122849 0.55130842421775428 0.25591607052196474 9.1510720329948843e-05 0 0 
0 0.0028797015959390821 0.079808851493291866 0.8682441247856606 0.047932982218481461 0.0011343399066269899 0 
0 0 1.1672164114947846e-08 0.14907521642044055 0.83732026274035776 0.013435401106582045 0.00016910806045539303 
0 0 0 0.00062404586588914602 0.074789566963058995 0.85399506441855177 0.070591322752500102 
0 0 0 0 0.00095739138302628434 0.32721784069250265 0.6718247679244711 
7 0 0 0 0 0 0 0
0.01849370607564603 0.9985953369788857 0.27283545908569035
