A
700
709 1182
1 64.0 31.0
2 64.0 32.0
3 63.0 30.0
4 64.0 30.0
5 64.0 29.0
6 62.0 30.0
7 63.0 29.0
8 62.0 29.0
9 62.0 28.0
10 61.0 31.0
11 62.0 31.0
12 61.0 32.0
13 61.0 30.0
14 64.0 26.0
15 64.0 27.0
16 63.0 26.0
17 63.0 27.0
18 64.0 25.0
19 63.0 25.0
20 63.0 24.0
21 61.0 25.0
22 62.0 25.0
23 62.0 24.0
24 59.0 32.0
25 60.0 32.0
26 58.0 31.0
27 59.0 31.0
28 60.0 28.0
29 60.0 29.0
30 58.0 30.0
31 59.0 30.0
32 58.0 29.0
33 59.0 29.0
34 59.0 28.0
35 57.0 32.0
36 58.0 32.0
37 56.0 31.0
38 57.0 31.0
39 57.0 30.0
40 57.0 29.0
41 56.0 29.0
42 57.0 28.0
43 58.0 28.0
44 59.0 24.0
45 60.0 24.0
46 63.0 22.0
47 64.0 22.0
48 63.0 21.0
49 64.0 21.0
50 64.0 20.0
51 62.0 21.0
52 63.0 20.0
53 62.0 20.0
54 61.0 23.0
55 62.0 23.0
56 60.0 23.0
57 61.0 22.0
58 60.0 22.0
59 64.0 19.0
60 64.0 18.0
61 63.0 18.0
62 63.0 19.0
63 62.0 18.0
64 62.0 17.0
65 63.0 17.0
66 62.0 19.0
67 61.0 19.0
68 60.0 20.0
69 61.0 20.0
70 60.0 19.0
71 61.0 18.0
72 60.0 31.0
73 61.0 17.0
74 61.0 16.0
75 62.0 16.0
76 60.0 18.0
77 60.0 17.0
78 60.0 16.0
79 59.0 19.0
80 58.0 20.0
81 59.0 20.0
82 58.0 19.0
83 59.0 17.0
84 58.0 16.0
85 59.0 16.0
86 58.0 18.0
87 56.0 18.0
88 56.0 19.0
89 58.0 17.0
90 57.0 17.0
91 57.0 18.0
92 56.0 17.0
93 57.0 16.0
94 56.0 16.0
95 53.0 32.0
96 54.0 32.0
97 54.0 31.0
98 53.0 31.0
99 54.0 30.0
100 52.0 32.0
101 52.0 31.0
102 56.0 27.0
103 56.0 28.0
104 60.0 30.0
105 54.0 28.0
106 55.0 28.0
107 55.0 27.0
108 53.0 27.0
109 54.0 27.0
110 57.0 19.0
111 52.0 28.0
112 53.0 28.0
113 52.0 27.0
114 53.0 26.0
115 54.0 26.0
116 52.0 25.0
117 53.0 25.0
118 52.0 24.0
119 53.0 24.0
120 52.0 30.0
121 51.0 31.0
122 51.0 32.0
123 51.0 30.0
124 52.0 29.0
125 50.0 30.0
126 51.0 29.0
127 51.0 28.0
128 49.0 32.0
129 50.0 32.0
130 50.0 31.0
131 49.0 31.0
132 50.0 29.0
133 48.0 30.0
134 49.0 30.0
135 49.0 29.0
136 48.0 29.0
137 51.0 27.0
138 50.0 28.0
139 50.0 27.0
140 51.0 26.0
141 52.0 26.0
142 51.0 25.0
143 50.0 26.0
144 49.0 28.0
145 48.0 28.0
146 49.0 27.0
147 48.0 27.0
148 49.0 26.0
149 48.0 26.0
150 59.0 18.0
151 50.0 25.0
152 48.0 25.0
153 48.0 24.0
154 56.0 21.0
155 56.0 22.0
156 55.0 20.0
157 56.0 20.0
158 55.0 21.0
159 55.0 22.0
160 54.0 21.0
161 54.0 22.0
162 53.0 21.0
163 52.0 22.0
164 53.0 22.0
165 53.0 20.0
166 55.0 17.0
167 55.0 18.0
168 54.0 16.0
169 55.0 16.0
170 54.0 20.0
171 53.0 19.0
172 54.0 19.0
173 54.0 18.0
174 52.0 20.0
175 63.0 16.0
176 64.0 16.0
177 52.0 19.0
178 53.0 18.0
179 54.0 17.0
180 53.0 17.0
181 52.0 17.0
182 53.0 16.0
183 51.0 24.0
184 52.0 23.0
185 51.0 23.0
186 50.0 24.0
187 51.0 22.0
188 51.0 21.0
189 52.0 21.0
190 50.0 21.0
191 61.0 24.0
192 51.0 20.0
193 50.0 23.0
194 49.0 24.0
195 49.0 23.0
196 49.0 22.0
197 50.0 22.0
198 49.0 21.0
199 50.0 20.0
200 48.0 22.0
201 48.0 21.0
202 48.0 20.0
203 49.0 20.0
204 51.0 19.0
205 52.0 18.0
206 50.0 19.0
207 51.0 18.0
208 51.0 17.0
209 52.0 16.0
210 50.0 18.0
211 51.0 16.0
212 49.0 18.0
213 50.0 17.0
214 49.0 16.0
215 50.0 16.0
216 48.0 17.0
217 48.0 18.0
218 49.0 17.0
219 48.0 16.0
220 47.0 32.0
221 48.0 32.0
222 48.0 31.0
223 47.0 31.0
224 46.0 32.0
225 48.0 23.0
226 46.0 31.0
227 47.0 30.0
228 64.0 28.0
229 47.0 29.0
230 47.0 28.0
231 46.0 28.0
232 46.0 29.0
233 46.0 30.0
234 45.0 28.0
235 45.0 29.0
236 45.0 30.0
237 45.0 26.0
238 46.0 26.0
239 46.0 25.0
240 45.0 25.0
241 46.0 24.0
242 44.0 26.0
243 44.0 25.0
244 45.0 24.0
245 43.0 32.0
246 44.0 32.0
247 43.0 31.0
248 44.0 31.0
249 44.0 30.0
250 42.0 32.0
251 43.0 30.0
252 43.0 29.0
253 44.0 29.0
254 44.0 28.0
255 43.0 28.0
256 42.0 29.0
257 42.0 28.0
258 46.0 23.0
259 46.0 22.0
260 45.0 23.0
261 44.0 23.0
262 44.0 24.0
263 45.0 21.0
264 46.0 21.0
265 46.0 20.0
266 45.0 20.0
267 44.0 22.0
268 45.0 22.0
269 44.0 21.0
270 44.0 20.0
271 43.0 19.0
272 44.0 19.0
273 43.0 18.0
274 44.0 18.0
275 42.0 20.0
276 43.0 20.0
277 42.0 19.0
278 42.0 18.0
279 39.0 32.0
280 40.0 32.0
281 39.0 31.0
282 40.0 31.0
283 40.0 30.0
284 38.0 31.0
285 39.0 30.0
286 40.0 29.0
287 39.0 29.0
288 38.0 29.0
289 38.0 30.0
290 39.0 28.0
291 35.0 32.0
292 36.0 32.0
293 36.0 31.0
294 36.0 30.0
295 35.0 31.0
296 40.0 28.0
297 35.0 30.0
298 56.0 32.0
299 34.0 30.0
300 33.0 28.0
301 34.0 28.0
302 34.0 27.0
303 34.0 26.0
304 33.0 26.0
305 33.0 27.0
306 33.0 25.0
307 34.0 25.0
308 34.0 24.0
309 33.0 24.0
310 32.0 26.0
311 32.0 25.0
312 32.0 24.0
313 39.0 22.0
314 40.0 22.0
315 38.0 24.0
316 39.0 24.0
317 38.0 22.0
318 37.0 24.0
319 37.0 23.0
320 62.0 22.0
321 36.0 23.0
322 37.0 22.0
323 36.0 22.0
324 38.0 21.0
325 37.0 21.0
326 36.0 21.0
327 37.0 20.0
328 39.0 18.0
329 40.0 18.0
330 39.0 17.0
331 40.0 17.0
332 38.0 18.0
333 39.0 16.0
334 38.0 16.0
335 38.0 19.0
336 37.0 19.0
337 36.0 19.0
338 36.0 20.0
339 37.0 18.0
340 38.0 17.0
341 37.0 17.0
342 37.0 16.0
343 47.0 16.0
344 38.0 23.0
345 47.0 15.0
346 48.0 15.0
347 48.0 14.0
348 46.0 16.0
349 47.0 13.0
350 48.0 13.0
351 48.0 12.0
352 47.0 14.0
353 46.0 13.0
354 47.0 12.0
355 45.0 16.0
356 45.0 15.0
357 46.0 15.0
358 45.0 14.0
359 46.0 14.0
360 44.0 16.0
361 44.0 15.0
362 38.0 32.0
363 48.0 11.0
364 63.0 31.0
365 47.0 11.0
366 46.0 12.0
367 42.0 30.0
368 42.0 31.0
369 46.0 11.0
370 47.0 10.0
371 48.0 10.0
372 48.0 9.0
373 48.0 8.0
374 47.0 8.0
375 47.0 9.0
376 46.0 9.0
377 24.0 32.0
378 25.0 32.0
379 2.0 53.0
380 2.0 54.0
381 64.0 24.0
382 53.0 30.0
383 26.0 32.0
384 6.0 54.0
385 6.0 55.0
386 43.0 14.0
387 44.0 14.0
388 7.0 51.0
389 7.0 52.0
390 26.0 30.0
391 26.0 31.0
392 56.0 30.0
393 6.0 41.0
394 6.0 42.0
395 20.0 59.0
396 21.0 59.0
397 0.0 42.0
398 1.0 42.0
399 42.0 9.0
400 43.0 9.0
401 62.0 32.0
402 63.0 32.0
403 64.0 17.0
404 16.0 52.0
405 17.0 52.0
406 6.0 43.0
407 6.0 44.0
408 5.0 44.0
409 2.0 52.0
410 3.0 52.0
411 9.0 63.0
412 10.0 63.0
413 42.0 11.0
414 42.0 12.0
415 42.0 8.0
416 43.0 8.0
417 8.0 51.0
418 8.0 52.0
419 2.0 55.0
420 2.0 56.0
421 2.0 38.0
422 2.0 39.0
423 7.0 54.0
424 8.0 54.0
425 40.0 13.0
426 41.0 13.0
427 16.0 50.0
428 16.0 51.0
429 7.0 42.0
430 4.0 41.0
431 4.0 42.0
432 38.0 20.0
433 10.0 62.0
434 6.0 45.0
435 6.0 46.0
436 44.0 8.0
437 8.0 49.0
438 8.0 50.0
439 44.0 9.0
440 1.0 56.0
441 5.0 46.0
442 16.0 48.0
443 16.0 49.0
444 43.0 11.0
445 32.0 28.0
446 2.0 44.0
447 3.0 44.0
448 61.0 28.0
449 40.0 10.0
450 40.0 11.0
451 3.0 53.0
452 36.0 18.0
453 1.0 55.0
454 4.0 45.0
455 4.0 46.0
456 5.0 54.0
457 41.0 14.0
458 40.0 9.0
459 34.0 31.0
460 0.0 45.0
461 0.0 46.0
462 40.0 12.0
463 41.0 12.0
464 1.0 45.0
465 2.0 45.0
466 40.0 16.0
467 4.0 54.0
468 4.0 55.0
469 2.0 40.0
470 3.0 40.0
471 43.0 10.0
472 44.0 10.0
473 44.0 11.0
474 42.0 10.0
475 25.0 31.0
476 5.0 45.0
477 39.0 23.0
478 22.0 58.0
479 23.0 58.0
480 1.0 46.0
481 0.0 40.0
482 0.0 41.0
483 7.0 40.0
484 8.0 40.0
485 40.0 2.0
486 40.0 3.0
487 3.0 43.0
488 32.0 27.0
489 62.0 26.0
490 60.0 25.0
491 7.0 49.0
492 7.0 50.0
493 0.0 43.0
494 5.0 40.0
495 6.0 40.0
496 6.0 56.0
497 7.0 56.0
498 40.0 14.0
499 40.0 15.0
500 38.0 28.0
501 41.0 8.0
502 57.0 20.0
503 3.0 41.0
504 9.0 64.0
505 10.0 64.0
506 3.0 54.0
507 5.0 55.0
508 5.0 56.0
509 59.0 27.0
510 2.0 43.0
511 2.0 41.0
512 4.0 47.0
513 5.0 47.0
514 45.0 11.0
515 8.0 63.0
516 6.0 52.0
517 6.0 53.0
518 7.0 55.0
519 8.0 55.0
520 7.0 39.0
521 34.0 32.0
522 24.0 56.0
523 24.0 57.0
524 43.0 12.0
525 43.0 13.0
526 4.0 43.0
527 0.0 55.0
528 1.0 40.0
529 8.0 48.0
530 1.0 41.0
531 1.0 39.0
532 4.0 40.0
533 5.0 48.0
534 49.0 25.0
535 9.0 62.0
536 5.0 53.0
537 6.0 47.0
538 41.0 16.0
539 42.0 16.0
540 46.0 8.0
541 17.0 49.0
542 17.0 50.0
543 5.0 41.0
544 17.0 48.0
545 18.0 48.0
546 40.0 23.0
547 40.0 24.0
548 45.0 8.0
549 45.0 9.0
550 0.0 38.0
551 1.0 38.0
552 42.0 13.0
553 41.0 9.0
554 3.0 42.0
555 45.0 10.0
556 46.0 10.0
557 63.0 28.0
558 22.0 57.0
559 23.0 57.0
560 5.0 50.0
561 6.0 50.0
562 4.0 53.0
563 21.0 58.0
564 41.0 11.0
565 58.0 27.0
566 1.0 54.0
567 0.0 39.0
568 42.0 15.0
569 41.0 15.0
570 0.0 56.0
571 8.0 56.0
572 39.0 3.0
573 39.0 4.0
574 42.0 14.0
575 4.0 49.0
576 5.0 49.0
577 7.0 44.0
578 61.0 26.0
579 1.0 44.0
580 8.0 64.0
581 6.0 39.0
582 8.0 39.0
583 18.0 49.0
584 2.0 42.0
585 0.0 44.0
586 1.0 43.0
587 18.0 50.0
588 40.0 8.0
589 4.0 44.0
590 40.0 4.0
591 41.0 10.0
592 2.0 46.0
593 20.0 60.0
594 21.0 60.0
595 5.0 42.0
596 7.0 43.0
597 8.0 42.0
598 8.0 43.0
599 8.0 44.0
600 44.0 12.0
601 4.0 48.0
602 6.0 48.0
603 0.0 54.0
604 4.0 56.0
605 18.0 52.0
606 39.0 6.0
607 40.0 6.0
608 4.0 52.0
609 4.0 50.0
610 22.0 59.0
611 6.0 49.0
612 60.0 27.0
613 7.0 48.0
614 24.0 58.0
615 6.0 51.0
616 5.0 52.0
617 36.0 24.0
618 8.0 62.0
619 17.0 51.0
620 18.0 51.0
621 20.0 58.0
622 39.0 5.0
623 22.0 60.0
624 22.0 56.0
625 23.0 56.0
626 38.0 3.0
627 38.0 6.0
628 39.0 2.0
629 38.0 2.0
630 38.0 4.0
631 38.0 5.0
632 40.0 5.0
633 44.0 13.0
634 45.0 12.0
635 56.0 24.0
636 40.0 20.0
637 36.0 28.0
638 32.0 32.0
639 32.0 30.0
640 36.0 26.0
641 34.0 22.0
642 34.0 20.0
643 16.0 60.0
644 16.0 62.0
645 24.0 60.0
646 0.0 62.0
647 0.0 64.0
648 2.0 60.0
649 2.0 62.0
650 8.0 46.0
651 20.0 48.0
652 14.0 62.0
653 14.0 64.0
654 12.0 62.0
655 0.0 58.0
656 0.0 60.0
657 8.0 60.0
658 28.0 28.0
659 28.0 30.0
660 28.0 32.0
661 2.0 58.0
662 38.0 0.0
663 40.0 0.0
664 4.0 62.0
665 4.0 64.0
666 14.0 60.0
667 12.0 60.0
668 10.0 60.0
669 2.0 64.0
670 4.0 38.0
671 28.0 26.0
672 26.0 28.0
673 16.0 64.0
674 0.0 36.0
675 4.0 60.0
676 32.0 22.0
677 12.0 64.0
678 0.0 52.0
679 20.0 56.0
680 4.0 58.0
681 20.0 50.0
682 20.0 52.0
683 38.0 8.0
684 24.0 52.0
685 32.0 56.0
686 32.0 60.0
687 28.0 24.0
688 24.0 48.0
689 16.0 44.0
690 24.0 64.0
691 28.0 64.0
692 20.0 44.0
693 28.0 60.0
694 28.0 56.0
695 20.0 40.0
696 16.0 40.0
697 24.0 40.0
698 12.0 56.0
699 20.0 64.0
700 24.0 44.0
701 16.0 56.0
702 32.0 64.0
703 36.0 12.0
704 48.0 0.0
705 32.0 48.0
706 32.0 40.0
707 16.0 32.0
708 64.0 0.0
709 64.0 64.0
705 706 8
704 708 16
702 709 32
698 701 4
697 706 8
697 700 4
696 707 8
695 697 4
695 696 4
693 694 4
692 700 4
692 695 4
691 702 4
691 693 4
690 699 4
690 691 4
689 696 4
689 692 4
688 705 8
688 700 4
686 702 4
686 693 4
685 705 8
685 694 4
685 686 4
684 688 4
682 684 4
681 682 2
679 682 4
679 701 4
675 680 2
673 699 4
667 698 4
667 668 2
666 667 2
665 669 2
664 675 2
664 665 2
663 704 8
662 663 2
661 680 2
659 660 2
658 671 2
658 672 2
658 659 2
657 675 4
657 668 2
655 661 2
655 656 2
654 677 2
654 667 2
653 673 2
653 677 2
652 654 2
652 666 2
652 653 2
651 692 4
651 688 4
651 681 2
649 664 2
649 669 2
648 656 2
648 661 2
648 675 2
648 649 2
647 669 2
646 649 2
646 656 2
646 647 2
645 690 4
645 693 4
644 652 2
644 673 2
643 701 4
643 666 2
643 644 2
641 642 2
641 676 2
638 706 8
638 660 4
638 639 2
637 640 2
628 629 1
624 679 2
624 625 1
623 645 2
622 632 1
622 631 1
621 679 2
619 620 1
618 657 2
617 640 2
614 645 2
610 623 1
608 609 2
608 616 1
607 632 1
606 622 1
606 627 1
606 607 1
605 682 2
605 620 1
604 680 2
603 678 2
602 613 1
602 611 1
600 634 1
600 633 1
599 650 2
598 599 1
597 598 1
596 598 1
594 623 1
593 699 4
593 643 4
593 594 1
590 632 1
588 607 2
588 683 2
587 681 2
587 620 1
583 587 1
580 665 4
579 585 1
579 586 1
577 599 1
577 596 1
576 611 1
575 576 1
573 630 1
573 622 1
573 590 1
572 628 1
572 626 1
572 573 1
571 698 4
571 657 4
570 655 2
568 569 1
568 574 1
566 603 1
564 591 1
563 621 1
562 608 1
561 615 1
561 611 1
560 609 1
560 576 1
560 561 1
559 625 1
558 624 1
558 559 1
555 556 1
554 584 1
553 591 1
552 574 1
550 674 2
550 567 1
550 551 1
549 555 1
548 549 1
546 547 1
545 651 2
545 583 1
544 545 1
543 595 1
542 619 1
542 587 1
257 296 2
256 257 1
256 367 1
255 257 1
254 255 1
253 254 1
252 255 1
252 256 1
252 253 1
251 367 1
251 252 1
250 280 2
250 368 1
249 253 1
249 251 1
248 249 1
247 251 1
247 368 1
247 248 1
246 248 1
245 247 1
245 250 1
245 246 1
244 262 1
244 260 1
243 262 1
242 254 2
242 243 1
241 258 1
241 244 1
240 244 1
240 243 1
239 241 1
239 240 1
238 239 1
237 240 1
237 242 1
237 238 1
236 249 1
235 253 1
235 236 1
234 254 1
234 235 1
233 236 1
232 235 1
232 233 1
231 238 2
231 234 1
231 232 1
230 231 1
229 232 1
229 230 1
227 233 1
227 229 1
226 233 1
224 246 2
224 226 1
223 227 1
223 226 1
222 223 1
221 222 1
220 223 1
220 224 1
220 221 1
219 346 1
219 343 1
216 219 1
216 218 1
216 217 1
214 218 1
214 219 1
214 215 1
213 218 1
213 215 1
212 217 1
212 218 1
211 215 1
210 213 1
210 212 1
209 211 1
208 213 1
208 211 1
207 208 1
207 210 1
206 210 1
205 207 1
204 206 1
204 207 1
202 265 2
202 217 2
202 203 1
201 202 1
200 259 2
200 225 1
200 201 1
199 203 1
199 206 1
198 203 1
198 201 1
196 198 1
196 200 1
196 197 1
195 225 1
195 196 1
194 534 1
194 195 1
193 197 1
193 195 1
192 204 1
192 199 1
190 199 1
190 198 1
190 197 1
188 192 1
188 190 1
188 189 1
187 188 1
187 197 1
186 194 1
186 193 1
185 187 1
185 193 1
184 185 1
183 185 1
183 186 1
182 209 1
181 205 1
181 209 1
181 208 1
180 182 1
180 181 1
179 180 1
178 205 1
178 180 1
177 205 1
177 204 1
176 708 16
176 403 1
175 176 1
174 189 1
174 192 1
174 177 1
173 179 1
173 178 1
172 173 1
171 178 1
171 177 1
171 172 1
170 172 1
168 179 1
168 182 1
168 169 1
167 173 1
166 169 1
166 179 1
166 167 1
165 171 1
165 174 1
165 170 1
163 189 1
163 187 1
163 184 1
163 164 1
162 189 1
162 165 1
162 164 1
160 170 1
160 162 1
160 161 1
158 160 1
158 159 1
157 502 1
156 158 1
156 170 1
156 157 1
155 635 2
155 159 1
154 157 1
154 158 1
154 155 1
153 241 2
153 225 1
153 194 1
152 534 1
152 153 1
151 534 1
151 186 1
149 238 2
149 152 1
148 534 1
148 149 1
147 149 1
146 147 1
146 148 1
145 230 1
145 147 1
144 146 1
144 145 1
143 148 1
143 151 1
142 151 1
142 183 1
140 142 1
140 143 1
140 141 1
139 143 1
139 146 1
138 139 1
138 144 1
137 140 1
137 139 1
136 145 1
136 229 1
135 144 1
135 136 1
134 135 1
133 136 1
133 227 1
133 222 1
133 134 1
132 138 1
132 135 1
131 134 1
131 222 1
130 131 1
129 130 1
128 221 1
128 131 1
128 129 1
59 62 1
59 60 1
58 68 2
57 320 1
57 58 1
56 58 1
55 320 1
54 56 1
54 191 1
54 57 1
54 55 1
53 69 1
53 66 1
52 62 1
52 53 1
51 320 1
51 53 1
50 52 1
50 59 1
49 50 1
48 52 1
48 51 1
48 49 1
47 381 2
47 49 1
46 48 1
46 320 1
46 47 1
45 191 1
45 490 1
45 56 1
44 45 1
43 565 1
42 43 1
42 103 1
41 392 1
41 103 1
40 42 1
40 41 1
39 392 1
39 40 1
38 39 1
37 392 1
37 298 1
37 38 1
35 298 1
35 38 1
35 36 1
34 509 1
34 43 1
33 34 1
32 43 1
32 40 1
32 33 1
31 33 1
31 104 1
30 32 1
30 39 1
30 31 1
13 104 1
12 25 1
12 401 1
11 401 1
11 364 1
10 72 1
10 13 1
10 12 1
10 11 1
8 9 1
7 557 1
7 8 1
6 11 1
6 13 1
6 8 1
5 7 1
5 228 1
4 5 1
3 364 1
3 7 1
3 6 1
3 4 1
2 709 32
2 402 1
1 4 1
1 364 1
1 2 1
14 16 1
14 18 1
14 15 1
16 489 1
16 19 1
16 17 1
18 381 1
18 19 1
19 22 1
19 20 1
20 381 1
20 23 1
21 578 1
21 490 1
21 191 1
21 22 1
22 489 1
22 23 1
23 55 1
23 191 1
24 27 1
24 36 1
24 25 1
25 72 1
26 36 1
26 38 1
26 30 1
26 27 1
27 72 1
27 31 1
28 612 1
28 448 1
28 34 1
28 29 1
29 33 1
29 104 1
60 61 1
60 403 1
61 65 1
61 63 1
61 62 1
62 66 1
63 66 1
63 64 1
63 71 1
64 75 1
64 73 1
64 65 1
65 175 1
65 403 1
66 67 1
67 71 1
67 70 1
67 69 1
68 81 1
68 70 1
68 69 1
70 76 1
70 79 1
71 73 1
71 76 1
72 104 1
73 74 1
73 77 1
74 78 1
74 75 1
75 175 1
76 150 1
76 77 1
77 78 1
77 83 1
78 85 1
79 150 1
79 81 1
79 82 1
80 502 1
80 82 1
80 81 1
82 110 1
82 86 1
83 85 1
83 150 1
83 89 1
84 93 1
84 89 1
84 85 1
86 150 1
86 89 1
86 91 1
87 92 1
87 91 1
87 167 1
87 88 1
88 110 1
88 157 1
89 90 1
90 93 1
90 92 1
90 91 1
91 110 1
92 94 1
92 166 1
93 94 1
94 169 1
95 98 1
95 100 1
95 96 1
96 298 2
96 97 1
97 99 1
97 98 1
98 382 1
98 101 1
99 105 2
99 392 2
99 382 1
100 122 1
100 101 1
101 121 1
101 120 1
102 103 1
103 106 1
105 109 1
105 112 1
105 106 1
106 107 1
108 112 1
108 114 1
108 113 1
108 109 1
110 502 1
111 113 1
111 127 1
111 124 1
111 112 1
113 141 1
113 137 1
114 117 1
114 141 1
114 115 1
116 118 1
116 142 1
116 141 1
116 117 1
118 183 1
118 184 1
118 119 1
120 124 1
120 382 1
120 123 1
121 130 1
121 123 1
121 122 1
122 129 1
123 126 1
123 125 1
124 126 1
125 134 1
125 132 1
125 130 1
126 132 1
126 127 1
127 137 1
127 138 1
258 260 1
258 259 1
259 268 1
259 264 1
260 268 1
260 261 1
261 267 1
261 262 1
262 547 4
263 266 1
263 269 1
263 268 1
263 264 1
264 265 1
265 266 1
266 270 1
267 269 1
267 268 1
269 270 1
270 272 1
270 276 1
271 277 1
271 276 1
271 273 1
271 272 1
272 274 1
273 278 1
273 274 1
274 360 2
275 636 2
275 277 1
275 276 1
277 278 1
278 539 2
278 329 2
279 362 1
279 281 1
279 280 1
280 282 1
281 285 1
281 284 1
281 282 1
282 283 1
283 367 2
283 285 1
283 286 1
284 362 1
284 289 1
285 289 1
285 287 1
286 296 1
286 287 1
287 288 1
287 290 1
288 500 1
288 289 1
289 294 2
290 296 1
290 500 1
291 521 1
291 295 1
291 292 1
292 362 2
292 293 1
293 295 1
293 294 1
294 637 2
294 297 1
295 459 1
295 297 1
296 547 4
297 299 1
299 301 2
299 639 2
299 459 1
300 305 1
300 445 1
300 301 1
301 637 2
301 302 1
302 305 1
302 303 1
303 640 2
303 307 1
303 304 1
304 306 1
304 310 1
304 305 1
305 488 1
306 309 1
306 311 1
306 307 1
307 308 1
308 617 2
308 641 2
308 309 1
309 312 1
310 488 1
310 311 1
311 312 1
312 687 4
312 676 2
313 477 1
313 317 1
313 314 1
314 636 2
314 546 1
315 344 1
315 318 1
315 316 1
316 547 1
316 477 1
317 344 1
317 322 1
317 324 1
318 617 1
318 319 1
319 344 1
319 322 1
319 321 1
321 617 1
321 323 1
322 325 1
322 323 1
323 641 2
323 326 1
324 432 1
324 325 1
325 326 1
325 327 1
326 338 1
327 338 1
327 432 1
327 336 1
328 330 1
328 332 1
328 329 1
329 636 2
329 331 1
330 340 1
330 333 1
330 331 1
331 466 1
332 340 1
332 339 1
332 335 1
333 466 1
333 334 1
334 340 1
334 342 1
335 336 1
335 432 1
336 339 1
336 337 1
337 338 1
338 642 2
339 452 1
339 341 1
340 341 1
343 345 1
343 348 1
344 477 1
345 352 1
345 357 1
345 346 1
346 347 1
347 350 1
347 352 1
348 357 1
348 355 1
349 354 1
349 353 1
349 352 1
349 350 1
350 351 1
351 363 1
351 354 1
352 359 1
353 366 1
353 359 1
354 365 1
354 366 1
355 356 1
355 360 1
356 361 1
356 358 1
356 357 1
357 359 1
358 387 1
358 359 1
360 539 2
360 361 1
361 387 1
363 371 1
363 365 1
364 402 1
365 370 1
365 369 1
366 634 1
366 369 1
367 368 1
369 556 1
369 514 1
370 556 1
370 375 1
370 371 1
371 372 1
372 375 1
372 373 1
373 704 8
373 374 1
374 540 1
374 375 1
375 376 1
376 556 1
376 540 1
376 549 1
377 697 8
377 378 1
378 475 1
378 383 1
379 451 1
379 409 1
379 380 1
380 506 1
380 419 1
380 566 1
383 660 2
383 391 1
384 517 1
384 456 1
384 423 1
384 385 1
385 518 1
385 496 1
385 507 1
386 525 1
386 574 1
386 387 1
387 633 1
388 615 1
388 492 1
388 417 1
388 389 1
389 418 1
389 516 1
390 659 2
390 391 1
391 475 1
393 543 1
393 495 1
393 394 1
394 595 1
394 406 1
394 429 1
395 593 1
395 621 1
395 396 1
396 594 1
396 610 1
396 563 1
397 482 1
397 493 1
397 398 1
398 586 1
398 584 1
398 530 1
399 415 1
399 474 1
399 553 1
399 400 1
400 471 1
400 416 1
400 439 1
401 402 1
404 701 4
404 428 1
404 405 1
405 619 1
405 605 1
406 596 1
406 407 1
407 434 1
407 577 1
407 408 1
408 589 1
408 476 1
409 410 1
410 608 1
410 451 1
411 504 1
411 535 1
411 515 1
411 412 1
412 505 1
412 433 1
413 564 1
413 474 1
413 444 1
413 414 1
414 552 1
414 463 1
414 524 1
415 501 1
415 416 1
416 436 1
417 438 1
417 418 1
418 424 2
419 453 1
419 420 1
420 604 2
420 661 2
420 440 1
421 551 1
421 422 1
422 531 1
422 469 1
423 518 1
423 424 1
424 519 1
425 498 1
425 462 1
425 426 1
426 463 1
426 552 1
426 457 1
427 542 1
427 443 1
427 428 1
428 619 1
429 597 1
429 596 1
430 532 1
430 543 1
430 503 1
430 431 1
431 595 1
431 554 1
431 526 1
432 636 2
433 654 2
433 668 2
433 535 1
434 476 1
434 435 1
435 650 2
435 537 1
435 441 1
436 548 1
436 439 1
437 491 1
437 529 1
437 438 1
438 492 1
439 549 1
439 472 1
440 570 1
440 453 1
441 455 1
441 513 1
441 476 1
442 529 8
442 689 4
442 544 1
442 443 1
443 541 1
444 473 1
444 524 1
444 471 1
445 658 4
445 639 2
445 488 1
446 465 1
446 579 1
446 510 1
446 447 1
447 589 1
447 487 1
449 591 1
449 458 1
449 450 1
450 462 1
450 564 1
451 506 1
451 562 1
453 566 1
453 527 1
454 589 1
454 476 1
454 455 1
455 592 2
455 512 1
456 507 1
456 467 1
456 536 1
457 569 1
457 574 1
457 498 1
458 588 1
458 553 1
459 521 1
460 585 1
460 464 1
460 461 1
462 703 4
462 463 1
463 564 1
464 579 1
464 480 1
464 465 1
465 592 1
466 538 1
466 499 1
467 562 1
467 506 1
467 468 1
468 507 1
468 604 1
469 511 1
469 528 1
469 470 1
470 503 1
470 532 1
471 474 1
471 472 1
472 555 1
472 473 1
473 600 1
473 514 1
474 591 1
477 546 1
478 610 1
478 558 1
478 563 1
478 479 1
479 559 1
479 614 1
481 567 1
481 528 1
481 482 1
482 530 1
483 495 1
483 520 1
483 484 1
484 696 8
484 597 2
484 582 1
485 663 2
485 628 1
485 486 1
486 590 1
486 572 1
487 526 1
487 554 1
487 510 1
491 611 1
491 613 1
491 492 1
492 561 1
493 586 1
493 585 1
494 543 1
494 532 1
494 495 1
495 581 1
496 508 1
496 497 1
497 571 1
497 518 1
498 499 1
499 569 1
500 637 2
501 553 1
501 588 1
503 554 1
503 511 1
504 580 1
504 505 1
505 677 2
507 508 1
508 604 1
510 584 1
510 586 1
511 584 1
511 530 1
512 601 1
512 513 1
513 537 1
513 533 1
514 634 1
514 555 1
515 618 1
515 580 1
516 616 1
516 615 1
516 517 1
517 536 1
518 519 1
519 571 1
521 638 2
522 694 4
522 684 4
522 625 1
522 523 1
523 559 1
523 614 1
524 600 1
524 525 1
525 633 1
525 552 1
526 589 1
527 603 1
527 570 1
528 530 1
528 531 1
529 650 2
529 613 1
531 567 1
531 551 1
532 670 2
533 576 1
533 602 1
533 601 1
535 618 1
536 616 1
536 562 1
537 602 1
538 569 1
538 539 1
539 568 1
540 548 1
541 544 1
541 583 1
541 542 1
2
48 75 1 3
433 51 2 1 2
252
1 3 1254 331 0.992504306831294 0.055739146966566684 0
16 22 0 23 234949 49 238982 74 312657 100 176277 125 248816 151 222020 177 589979 202 860204 228 1025956 254 1494483 279 1551227 305 1905280 330 2673677 356 1771900 357 0
0
2 3 843 183 0.9944455173328355 0.0082336295718283 0
12 132 0 133 650634 158 753706 182 850317 207 847999 231 1734698 256 2098163 280 1320207 305 1298215 329 1555288 354 2725250 355 0
1 1
3 2 913 365 0.9835984216356196 0.06814217967530611 0
25 65 0 66 2722950 91 2237288 115 1795447 140 959706 164 747928 189 1002408 214 997452 238 816765 263 1167222 287 1111939 312 721547 337 1638909 361 1240658 386 1869079 410 1192084 435 785230 459 1039241 484 891695 509 939245 533 875761 558 1552719 582 1688651 607 1864089 608 0
2 1 2
4 1 743 467 0.9946340626284262 0.001481512125420048 0
14 41 0 42 572051 67 464430 93 462315 118 542282 144 1134876 169 1889375 195 1469426 220 2063478 246 2456067 271 1744784 297 2297872 322 2431566 323 0
0
5 1 920 332 0.9844511674144922 0.13175832099387969 0
30 19 0 20 721778 45 1430711 70 1565402 95 1268697 120 1441671 146 1986809 171 1148919 196 803392 221 516159 246 547780 271 402568 296 537870 321 508885 346 414781 372 459706 397 450084 422 502076 447 396020 472 638894 497 1774892 522 627919 547 766877 572 1339397 598 1802668 623 5426897 648 4500678 673 2345886 698 2717659 699 0
2 4 6
6 1 1406 217 0.9894902545301469 0.13623441725606075 0
24 176 0 177 2056641 202 2379691 226 2695434 251 3075997 275 3090267 300 3257395 324 3162673 349 1096138 373 896463 398 729416 422 581073 447 513526 471 546482 496 442747 520 526640 545 453390 569 536229 594 867185 618 477774 643 575103 667 842732 692 648017 693 0
0
7 2 554 437 0.9984297299532762 0.11572853770148178 0
20 114 0 115 1310238 140 1105560 165 1017050 190 880814 215 916149 241 635468 266 689098 291 654261 316 1179763 341 1731791 366 1812222 391 2260605 416 3094708 442 1678019 467 1046144 492 1221776 517 1048846 542 879069 543 0
0
8 3 870 59 0.9997678964525766 0.1339125816741712 0
22 53 0 54 546677 79 783707 104 465059 129 382198 154 325197 179 305734 204 634032 229 805814 254 817817 279 1140676 304 1118709 329 1765065 354 1207837 379 2311980 404 1624839 429 1813130 454 1380814 479 1152060 504 1089466 529 1447727 530 0
1 7
9 3 662 519 0.9930364863119002 0.00617972846954713 0
17 105 0 106 2922821 130 2702351 154 1749714 178 2055941 203 2077939 227 1278086 251 861497 275 1320889 299 1108720 323 1059710 347 1816451 372 2226116 396 1561406 420 961495 444 907318 445 0
0
10 1 672 200 0.9812982064994625 0.035864728679818325 0
16 130 0 131 148888 157 155410 183 73707 208 80044 234 79501 260 134853 286 259391 311 403314 337 406162 363 604516 389 630698 414 1213111 440 2582101 466 2868645 467 0
0
11 3 709 398 0.9854062956851481 0.12573694625451226 0
20 122 0 123 365997 148 513599 174 684975 199 534835 225 466106 250 420276 276 403308 301 427148 327 873205 352 784754 378 613113 403 780521 429 1403874 454 2495800 480 2440901 505 3702870 531 2921575 556 1850351 557 0
2 10 12
12 1 943 277 0.9807967544527517 0.029888441214869416 0
29 15 0 16 1989415 41 1579849 65 545542 90 343045 115 276476 139 234788 164 197690 189 291080 214 272809 238 212687 263 379525 288 365741 312 377919 337 253777 362 382247 386 228901 411 303918 436 299946 460 456685 485 805616 510 1435416 535 2098973 559 2177986 584 1777969 609 2301726 633 2636556 658 4259193 659 0
0
13 1 1046 646 0.9823661960425012 0.003890131736698271 0
21 186 0 187 1934607 213 1233138 238 1364040 263 1406155 289 1326201 315 1475448 340 1639726 365 1741699 391 1610025 417 1251756 442 899604 467 851443 493 892499 519 852425 544 1453700 569 1979296 595 2251946 621 2392873 646 2358745 647 0
0
14 2 936 639 0.9894574592346773 0.05240505242712635 0
26 114 0 115 1474670 140 2119980 166 1440440 191 1541167 217 2612775 242 2900513 268 2231820 293 2256210 318 1850161 344 1936002 369 3157532 395 2296604 420 2253000 446 2303875 471 1546645 497 1608998 522 1448938 547 1142351 573 1067324 598 1089775 624 994033 649 1351969 675 1302000 700 1017014 701 0
2 13 15
15 3 742 175 0.9898459006772169 0.14762068149185611 0
8 433 0 434 1291939 459 955991 484 1156261 509 1301399 534 1055793 559 1793004 560 0
0
16 3 1226 490 0.9974977355082107 0.10237279218837404 0
29 17 0 18 255858 43 265608 69 240209 94 260896 120 278007 145 434390 170 481728 196 819528 221 1008940 246 2093112 272 2037524 297 2291123 323 1616983 348 992038 373 1709885 399 2680021 424 2305005 450 1383757 475 1065398 500 997277 526 501111 551 392397 576 413426 602 843572 627 1138525 653 981283 678 1260119 679 0
2 15 14
17 1 794 534 0.9818760318811828 0.10517821454541618 0
20 65 0 66 350046 91 299076 115 252666 140 260652 165 368783 190 296181 214 399813 239 354658 264 573203 288 1017299 313 2091439 338 2354790 362 2532113 387 1699588 412 1067736 437 987362 461 1587365 486 1704747 487 0
0
18 3 870 530 0.9807501312465832 0.092479231887357 0
18 10 0 11 275928 36 416397 60 375530 85 755236 109 1280531 134 1022929 158 1621817 183 3093887 207 2337426 232 1972295 256 1605404 281 1259204 305 657136 330 773436 354 1521237 379 3448615 380 0
0
19 2 1132 423 0.9837571217934324 0.10603671169448281 0
29 38 0 39 2535275 64 3032656 89 2552963 115 1996369 140 2644894 165 3492152 190 1561244 216 2283752 241 1486220 266 1427797 291 1295551 317 693990 342 841436 367 643637 392 840998 417 1217801 443 901349 468 362982 493 283055 518 178068 544 194905 569 106845 594 160814 619 210216 645 124676 670 135640 695 167750 696 0
1 18
20 1 863 172 0.9866493611467176 0.04326407124552698 0
10 249 0 250 1398082 273 1241975 297 1595187 320 1210898 343 1385067 366 1634127 390 1671766 413 2197620 414 0
3 18 19 21
21 3 607 273 0.9906802310208231 0.07865174373443239 0
28 59 0 60 2490403 85 1901231 109 1249090 134 1410428 159 1260676 183 1729026 208 2399659 232 2086286 257 2389210 282 2615225 306 1862674 331 1150706 356 863475 380 1000310 405 582156 430 976102 454 488514 479 282221 504 146417 528 141366 553 119366 577 124341 602 195891 627 119710 651 168946 676 81316 677 0
1 19
22 1 709 324 0.9968915412082561 0.008388669808192622 0
27 8 0 9 1556593 34 1639607 60 1617471 85 2036659 111 2286857 136 3072814 161 2653095 187 2220789 212 2216323 237 1857438 263 1632244 288 1414460 313 1222737 339 2057624 364 1215909 390 1168750 415 693791 440 560444 466 926313 491 695974 517 1049403 542 1070509 567 1165978 593 1658930 618 1675784 619 0
0
23 2 1122 202 0.9885281545876261 0.07281437828583083 0
31 1 0 2 507123 27 494875 51 673853 76 1334726 100 2213829 125 2814027 149 2707796 174 2146445 198 1676228 223 1455470 247 1103861 272 751171 296 1137953 321 1253324 345 881169 370 1155929 395 1123602 419 1712510 444 1210356 468 749237 493 712023 517 971907 542 921806 566 586846 591 421969 615 518450 640 498539 664 695266 689 446728 690 0
0
24 2 761 20 0.9957669253374948 0.11368782673342001 0
26 29 0 30 2611301 55 2617579 80 1976815 105 2406381 130 1381332 155 1636412 181 1556999 206 1334634 231 1278217 256 1320036 281 1030496 306 1263193 331 888913 356 626013 381 926855 406 967124 431 626194 456 764904 482 623894 507 832748 532 622550 557 739491 582 1122097 607 1545762 608 0
1 23
25 2 779 584 0.9875513349430652 0.08068300172740885 0
28 49 0 50 967339 75 1591312 100 3132568 125 3363444 151 3517013 176 1781072 201 1908304 226 1577041 251 1627326 276 943958 302 881823 327 1296292 352 1363801 377 974066 402 1424100 427 1676006 453 1242710 478 853139 503 760977 528 772461 553 859002 578 741087 604 721360 629 1089569 654 1484428 679 2260030 680 0
1 24
26 1 1489 186 0.9867031575383669 0.01189046115701443 0
9 368 0 369 1538738 396 1188645 422 1365689 449 2155621 476 2154525 502 1736266 529 1432671 530 0
0
27 1 838 407 0.9891683821862364 0.015258435221874627 0
26 35 0 36 866003 60 768545 85 847839 109 744433 134 557019 158 800142 183 485750 207 514203 231 510840 256 677222 280 938117 305 994139 329 1403883 354 1833318 378 1535777 403 1390652 427 1746978 451 1665025 476 2126796 500 2171595 525 1333179 549 930150 574 559246 598 425616 599 0
0
28 1 891 79 0.9815013203657459 0.0037579226524435128 0
22 123 0 124 1357366 148 1756885 173 1043443 197 1023017 221 1044932 246 1376377 270 1481152 294 1197124 319 971137 343 1075840 367 998670 391 1068231 416 577696 440 672333 464 691677 489 779796 513 596309 537 583588 562 265740 586 232418 587 0
2 27 29
29 2 656 558 0.9816844841159057 0.0972255499549518 0
15 226 0 227 825956 251 930542 275 818169 299 1176017 324 738764 348 687949 372 964110 396 965179 420 1533197 445 1199429 469 1197497 493 1109274 517 940612 518 0
0
30 3 1472 303 0.9856810682415909 0.038165754822533766 0
18 278 0 279 1165916 305 813366 330 619170 356 517864 382 459163 408 447425 433 597791 459 973919 485 1293998 511 2498646 536 2637862 562 2488254 588 1580413 614 1032812 639 911085 665 817680 666 0
0
31 2 559 513 0.988264979092106 0.044773265627362155 0
29 22 0 23 926250 48 1223212 72 1321202 97 1349992 122 1143310 147 959687 171 662526 196 633340 221 632068 246 843757 270 1190393 295 1221452 320 1039287 345 624485 369 584601 394 556815 419 839749 443 937972 468 513038 493 430529 518 955869 542 1508192 567 1919241 592 2879270 617 3797039 641 1729418 666 1564047 667 0
1 30
32 1 710 266 0.997935063662327 0.13154757162412678 0
15 383 0 384 1301152 409 1812646 434 1586903 459 2603283 484 1537405 509 1170535 535 1956716 560 1544713 585 789405 610 884139 635 1537754 660 1086964 685 1751048 686 0
2 30 31
33 2 767 573 0.9921260514618796 0.11352064731508607 0
16 200 0 201 964234 225 995879 250 1059426 274 1840705 299 1900324 323 1974357 347 2383096 372 2951755 396 1417872 420 1907205 445 1202973 469 1780348 494 1354475 518 1221157 519 0
0
34 3 1080 18 0.9998333616680325 0.019768513941686914 0
31 3 0 4 3513236 29 2195322 54 1662511 78 1432436 103 962018 128 825644 153 889466 177 1236755 202 952913 227 1273156 252 1641607 277 1990912 301 1088841 326 1793683 351 1049051 376 891950 401 607103 425 369178 450 203314 475 228022 500 182312 525 273248 549 195319 574 185747 599 244026 624 232729 648 263527 673 231291 698 289858 699 0
1 33
35 3 1130 629 0.9915279729401908 0.14123589607286163 0
11 153 0 154 2796732 179 2513145 205 1563355 230 1132474 255 687799 281 1295486 306 1094181 332 725036 357 707073 358 0
2 33 34
36 3 899 278 0.9965495151204012 0.1250687825323134 0
22 55 0 56 52996 81 109989 106 150706 130 166117 155 222064 180 347027 205 454105 230 604022 254 567308 279 794292 304 1288643 329 2428671 353 1690337 378 1275829 403 1227831 428 1019365 453 1562249 477 1355108 502 2001819 527 2104593 528 0
0
37 2 1434 83 0.9990249489194855 0.10966282481698908 0
26 2 0 3 142991 27 257426 52 300420 76 285149 101 573591 125 574225 150 663820 174 703347 199 998626 223 1837573 248 935499 272 928945 297 1157417 321 1188131 346 2964258 370 2175340 395 2756238 419 2248612 444 1692895 468 1459348 493 1389843 517 1305011 542 1066017 566 984453 567 0
1 36
38 2 545 41 0.9948600510323937 0.006547157306677476 0
29 2 0 3 1857397 28 1755388 52 2864898 77 4285713 102 3510238 126 4045456 151 3848172 176 3049362 200 1368533 225 1280288 250 608981 274 452943 299 325226 323 326398 348 316800 373 367208 397 251350 422 271886 447 118347 471 85144 496 68885 521 93069 545 71114 570 80651 595 50275 619 32970 644 35837 645 0
2 36 37
39 1 511 546 0.9834298542484955 0.03289097489664227 0
28 29 0 30 815409 54 1363624 79 2136532 103 1370028 128 1509081 152 1618367 177 1990485 201 2236332 226 2918690 250 2791438 275 1996112 299 682331 324 910008 348 1424366 373 1424012 397 890231 422 1253883 446 1243575 471 1019647 495 460554 520 623076 544 528472 569 693101 593 889829 618 1610975 642 1674416 643 0
0
40 2 1233 702 0.9897945848564363 0.14575534797530462 0
22 43 0 44 4775998 69 2728638 93 2139906 118 1749700 142 1847216 167 2561855 191 2459198 216 1442189 241 710809 265 586822 290 522584 314 824373 339 593325 364 580946 388 1218487 413 1057881 437 1201241 462 1107982 486 1077212 511 935309 512 0
1 39
41 1 610 197 0.9849878367906955 0.09655215879169614 0
13 332 0 333 1575712 357 1502288 381 787269 406 477706 430 477143 454 1317756 478 751001 502 1124879 527 1448923 551 942027 575 702348 576 0
2 39 40
42 2 1490 534 0.9889382898117816 0.033595659825730734 0
28 48 0 49 3285995 74 2171444 98 3207733 123 2625304 148 1966343 172 3927792 197 3069250 222 3349961 246 2894194 271 1371793 296 1363295 320 1948351 345 1511576 370 1000170 395 689305 419 1037886 444 993046 469 971801 493 785796 518 529309 543 751172 567 1058664 592 875919 617 1024801 641 735146 666 641016 667 0
1 40
43 1 567 485 0.9969860382335142 0.004852748748620001 0
16 222 0 223 2927146 247 2256796 272 1696968 296 1139244 320 1378232 345 1587820 369 1041841 393 1201906 417 1008211 442 772130 466 505872 490 271553 515 195918 539 267499 540 0
0
44 1 1470 287 0.9908295372446714 0.06663679661708306 0
9 547 0 548 3357297 571 1556599 594 1127156 617 1770947 640 1521613 663 1509925 686 1076060 687 0
1 43
45 3 879 303 0.9969014328225357 0.11039147497937955 0
7 178 0 179 2600273 205 2038473 232 1545849 259 1860480 285 1428719 286 0
1 43
46 3 1356 144 0.9904970229340916 0.10005622439953783 0
25 56 0 57 616357 82 920369 107 785507 132 946825 157 853088 182 1461678 207 1400148 232 1214220 257 1166602 282 1043873 307 959148 331 1331711 356 772965 381 484628 406 477820 431 526009 456 574644 481 683102 506 835689 531 1187682 556 1964586 581 2289944 606 5072794 607 0
0
47 3 1040 608 0.9847863777099912 0.09218345161020572 0
8 268 0 269 1450171 295 1582317 321 1385493 348 2116203 374 1657054 400 2695999 401 0
1 46
48 2 1120 172 0.996653442126128 0.14222577282216267 0
16 289 0 290 655829 315 684375 341 604158 366 860923 392 648142 417 1127552 442 1497972 468 1878602 493 2098548 518 2247611 544 1768562 569 1725191 595 2159370 620 1845440 621 0
1 46
49 2 586 19 0.9801715842099257 0.08677550060086595 0
12 251 0 252 1865472 277 1421973 303 1405986 328 1964596 354 1687718 379 1489427 405 1903059 430 1659448 456 1913001 481 2339371 482 0
0
50 1 980 97 0.9951217898500387 0.004622482599913535 0
26 23 0 24 30138 49 38110 74 80497 98 94626 123 105246 148 105303 173 248785 198 306873 223 310828 247 493406 272 634251 297 1082611 322 1090774 347 1068145 372 590758 396 506962 421 668948 446 691995 471 1153552 496 1532530 521 2073344 545 2331794 570 3359260 595 4010929 596 0
0
51 3 1423 145 0.9953954405642468 0.11908151398659503 0
23 147 0 148 1666887 173 1692316 199 1838019 225 1907997 250 1721822 275 1333433 301 1262797 327 1467096 352 1080588 377 1393057 403 1278365 429 651407 454 965808 479 1886795 505 2466286 531 1744201 556 1756721 581 1639750 607 2591002 633 2895038 658 1899761 659 0
2 50 52
52 2 1482 532 0.9817726229679888 0.11827386826294961 0
9 422 0 423 1178116 448 755338 474 872872 499 1431848 524 1750454 550 1887922 575 1632912 576 0
0
53 3 1316 252 0.9962672774700461 0.043569848995496215 0
18 9 0 10 819640 35 591559 61 341996 86 539783 112 779567 137 1445336 162 892497 188 774842 213 600875 239 986800 264 1155445 289 1342111 315 1631928 340 979546 366 1720320 391 2377606 392 0
0
54 1 736 73 0.984113374500681 0.06029624078287749 0
17 342 0 343 1514362 367 2629862 391 2263012 415 2120674 439 1821268 463 2047945 487 1945857 511 2460761 536 1402782 560 1166973 584 1010401 608 653429 632 307224 656 198717 680 142356 681 0
0
55 3 1322 498 0.9953432236283435 0.10748541819900301 0
24 81 0 82 1293110 107 1439091 131 1645404 156 1345337 180 1866143 205 1970204 230 2181566 254 1520525 279 1372036 304 1632633 328 2290887 353 1686125 377 1294372 402 1420053 427 1383800 451 1284243 476 807063 501 758564 525 705312 550 916275 574 977723 599 1436679 600 0
1 54
56 2 1245 208 0.9889481745169195 0.10317132404424241 0
23 30 0 31 796427 56 405663 82 559788 107 399148 132 512934 157 458560 183 585207 208 1213310 233 1231970 259 1002872 284 760281 309 1008785 335 1579493 360 1385341 385 1973545 411 1684433 436 1449035 461 1032757 486 1090753 512 1383794 537 967658 538 0
0
57 3 1091 691 0.9930692777831798 0.07164491881454778 0
12 225 0 226 683161 251 1448859 275 1795670 300 1654753 325 1429666 349 1953676 374 1587339 399 1102489 423 1634155 448 2367055 449 0
1 56
58 3 1137 673 0.9869041319229187 0.05373521066800622 0
10 244 0 245 1559228 271 1963947 296 1194637 322 934439 347 1055176 373 1469564 398 2891272 424 2668820 425 0
0
59 2 617 433 0.9938975078878756 0.13803552288727786 0
15 289 0 290 1844714 315 2720897 341 1726915 366 1348745 391 2260268 417 1390512 442 1427573 467 1151613 493 1497223 518 1640055 543 1582119 569 1202298 594 1682590 595 0
1 58
60 1 899 111 0.9873123529316734 0.03228192863194251 0
21 213 0 214 347495 239 512227 264 911244 288 1061604 313 811454 338 880178 363 1324417 387 833050 412 880139 437 1991295 462 1894424 487 2471336 511 1543365 536 1093819 561 1501624 586 2746518 610 2469470 635 3487440 660 1759634 661 0
1 58
61 2 1349 242 0.9847134570725784 0.1045422578469665 0
18 54 0 55 697628 79 725291 104 391786 128 290687 152 729266 177 1037660 201 679033 225 1237551 250 1053293 274 1101402 298 1375626 323 2250205 347 2506530 371 2082812 396 1581670 420 2383845 421 0
2 58 60
62 2 929 395 0.9875999949237481 0.09987555318966272 0
29 34 0 35 1989899 60 1623713 86 1147269 111 777781 136 776370 161 1357143 187 1035599 212 1450089 237 2444821 262 2739196 288 1684006 313 1558043 338 1520339 363 1070171 389 778072 414 621929 439 320965 465 337706 490 760107 515 1368339 540 1263408 566 1216926 591 1565667 616 958550 641 1119970 667 590302 692 751038 693 0
0
63 3 950 673 0.9885706687155011 0.13832753667313596 0
13 287 0 288 2841252 313 2789094 337 1785808 361 2204717 386 2048898 411 1244147 435 510049 459 455775 484 639772 509 645738 533 1042432 534 0
1 62
64 2 1438 425 0.9875018626828966 0.13940940689871864 0
30 2 0 3 295871 28 659791 52 431358 77 486425 101 656088 126 474057 150 516845 175 429115 199 326999 224 320066 248 541336 273 586657 297 610342 322 1001057 346 809062 371 991075 395 1912845 420 1876932 444 3541633 469 3517482 493 2476460 518 1716799 542 1603978 567 1636047 591 1601142 616 2517611 640 1354434 665 1212048 666 0
3 62 63 65
65 1 932 177 0.9994096339275884 0.14013868692474896 0
22 28 0 29 357886 54 548029 80 493752 105 476640 130 513994 155 382238 181 337786 206 546158 231 777447 256 1286666 282 2509577 307 3419969 332 3535667 357 4209452 383 2717477 408 1271179 433 1122830 458 649249 484 746378 509 637316 510 0
0
66 3 802 316 0.9833960741014416 0.0567012992338713 0
12 210 0 211 1378207 237 1917696 262 1597633 288 2414782 314 1676591 339 1288357 365 656274 391 595959 416 645133 442 569152 443 0
0
67 1 1172 32 0.9841223886741931 0.13659376879511975 0
15 367 0 368 344637 392 790465 417 498030 441 451701 465 799343 489 1964001 513 1654634 538 1711274 562 1598456 586 1585357 611 893675 635 864453 659 777020 660 0
0
68 1 627 71 0.9901458216751315 0.13840624368165377 0
12 356 0 357 1339814 383 1453529 409 1872151 435 1840625 461 2488918 488 1897356 514 1361346 540 1072088 566 1007887 592 757076 593 0
2 67 69
69 1 1153 542 0.9969452814783516 0.14055183936939203 0
17 134 0 135 2378557 160 1764261 184 736339 209 632157 234 1062009 259 900674 283 1248061 308 1751463 333 1092298 357 1196942 382 774263 407 526974 432 677249 456 508521 481 683464 482 0
0
70 1 542 133 0.9875277783094348 0.03575784437703508 0
30 10 0 11 1675040 36 2144469 61 1660840 85 2012877 110 1535828 135 1545479 160 1122459 185 1533550 210 2791316 234 1487337 259 1243977 284 1383965 309 894024 334 841259 358 660010 383 1050350 408 1839689 433 1603188 458 1518563 482 1703757 507 1490873 532 1780409 557 1970148 582 2335798 607 3643172 631 2363195 656 2915748 681 2706428 682 0
0
71 1 1491 612 0.9871443369543259 0.05232400566591408 0
31 2 0 3 543945 28 684849 52 709447 77 611781 101 533843 126 539209 150 668406 175 723343 200 761093 224 775685 249 1324009 273 1720753 298 2911092 322 5034372 347 4934279 372 2693847 396 1402940 421 1343850 445 1052618 470 849183 494 877245 519 736571 544 465243 568 870640 593 564872 617 659010 642 751687 666 1249552 691 1141849 692 0
1 70
72 3 977 441 0.9989334402453249 0.06830170713402671 0
17 262 0 263 2801217 287 3853101 312 2809183 337 2673497 361 2481385 385 1610059 410 1218816 435 1237052 459 1140438 483 1517416 508 1376514 533 742472 557 867871 581 805311 606 390567 607 0
3 70 71 73
73 2 1206 155 0.9967413618458982 0.023394099182331977 0
16 99 0 100 2074339 125 2124493 149 1101697 174 1396182 198 1302260 223 1936712 247 1069834 272 1039807 296 1003267 321 1417943 345 1853681 370 2215452 394 825202 419 563604 420 0
1 71
74 1 1432 217 0.9945352808007156 0.005211073550173667 0
31 6 0 7 1564078 32 982290 56 1402908 81 1491785 106 2015735 131 3153520 155 2373032 180 1829222 205 1951443 229 2369015 254 2438887 279 2388935 304 962727 328 783905 353 582641 378 830336 402 773427 427 740100 452 621712 477 631965 501 659742 526 647571 551 510353 575 630616 600 539128 625 625210 650 796917 674 914048 699 759935 700 0
0
75 2 1433 442 0.9968870516602085 0.11848090764076986 0
27 55 0 56 671216 81 947176 107 1046032 132 1078850 157 1154951 182 1158837 207 1425784 233 1282630 258 1050074 283 892969 309 1078886 334 1246013 359 1214428 384 1337168 409 1167349 435 1810971 460 1735143 485 1687542 511 1146851 536 1128862 561 736276 586 842394 611 438679 637 496109 662 320352 663 0
0
76 3 1398 116 0.9814624729571243 0.12385871950411687 0
14 299 0 300 1692529 324 742981 349 1181825 373 1207535 398 1013343 422 1020627 447 1902184 471 1170844 496 848405 520 723213 545 524091 569 806642 570 0
1 75
77 2 668 545 0.9968857286798053 0.1457276983259713 0
15 202 0 203 446928 229 615755 255 711963 281 443897 306 738238 332 620639 358 822353 384 751733 410 1783171 435 1265292 461 1797358 487 2591113 513 2546453 514 0
0
78 1 733 330 0.9870593195549507 0.11671376895608912 0
21 162 0 163 1239138 188 1975612 213 3400932 239 2913058 264 2643921 289 3020922 314 2487280 340 2172717 365 1369078 390 921371 415 1049506 440 986270 466 996140 491 859302 516 373234 541 346079 567 455991 592 617937 617 622510 618 0
1 77
79 1 1125 336 0.9867053188205764 0.07820505523874932 0
17 28 0 29 413523 54 591331 80 1087342 105 1239557 130 1207950 155 1754121 181 2115746 206 1087400 231 1285814 257 1628269 282 1552421 307 2813458 332 2293055 358 927105 383 1133241 384 0
1 77
80 1 987 242 0.9990283017453067 0.08807076177011736 0
9 288 0 289 2327071 315 1444441 340 1144200 366 1276196 392 1590171 417 1354262 443 861089 444 0
0
81 2 587 583 0.9991544106211886 0.0999689349600122 0
16 67 0 68 1680595 93 1679139 118 2694427 143 1825013 169 1457894 194 1247176 219 1038729 244 636016 269 444786 294 365561 320 345215 345 341320 370 249208 395 190749 396 0
1 80
82 1 913 457 0.9983959769449837 0.05194246539184323 0
19 113 0 114 132807 139 231606 164 362526 189 750156 214 927826 239 1387206 264 1495394 289 2693808 313 4461069 338 3575537 363 2087481 388 1992195 413 1247028 438 1180118 463 965789 488 966939 513 1178033 514 0
0
83 3 1009 664 0.9907583032644354 0.08093977345026505 0
12 430 0 431 814927 455 647050 479 503313 502 521152 526 591630 550 762668 574 1302367 597 2679462 621 2776021 645 1975693 646 0
1 82
84 2 1342 379 0.991074678462414 0.11034165274806422 0
12 175 0 176 737531 200 936118 225 948265 249 1126002 273 1328922 298 1420167 322 1022580 346 854857 371 1125246 395 1101204 396 0
0
85 3 1077 312 0.9810829294269775 0.0030063245620338907 0
27 73 0 74 1780220 99 2184186 123 906168 148 779083 172 764803 197 1248625 221 1940852 246 1332978 271 2671701 295 2970083 320 3319042 344 2097364 369 2347279 394 1592460 418 1612905 443 1767495 467 2121520 492 2604974 517 2120016 541 1508085 566 765524 590 953608 615 525222 639 225384 664 172185 665 0
0
86 3 550 503 0.9816590723443258 0.13728152755394427 0
8 316 0 317 893976 340 967269 364 1550899 387 1427214 411 1761474 434 1635700 435 0
2 85 87
87 2 1287 145 0.9854515551906807 0.04435153922385607 0
12 144 0 145 1591602 171 1454200 197 1724602 223 2702285 249 2416013 274 2200267 300 1106071 326 1988729 352 1685322 378 1554077 379 0
0
88 3 1006 151 0.9918662854433842 0.11738537928335255 0
31 0 0 1 895716 26 1413394 51 2216784 75 1693031 100 2346516 125 2225874 150 2237084 175 1478315 199 2118872 224 1553907 249 933615 274 894676 298 907064 323 773511 348 883903 373 406449 398 422409 422 382035 447 302543 472 246035 497 223479 521 189858 546 137910 571 111786 596 105766 621 121937 645 75513 670 86963 695 67787 696 0
0
89 1 1138 279 0.980866543962836 0.047808708169738236 0
11 209 0 210 2053647 235 1954061 261 2242227 287 1262020 312 1217882 337 891297 363 1698397 389 1989539 414 2523263 415 0
1 88
90 2 1033 363 0.9915612398847824 0.046643210769462214 0
10 388 0 389 1087820 414 1323283 439 1778337 464 2326607 488 1312934 513 1274685 538 1388464 563 2168010 564 0
0
91 1 745 342 0.9936877072975414 0.1490770985548841 0
13 46 0 47 710532 72 1139868 97 1831980 121 2971302 146 1765035 171 1642462 196 803958 221 1100609 245 799052 270 740947 295 581195 296 0
1 90
92 3 1088 247 0.99696578700386 0.12095224450693201 0
12 304 0 305 2285619 331 1629597 357 1487870 382 1268326 408 1705864 434 2169164 460 915511 485 780875 511 682779 537 669989 538 0
0
93 2 989 435 0.9982422247790192 0.11984375235771025 0
30 24 0 25 822749 50 963548 75 1291185 100 1261944 125 1470986 150 1572803 175 1309411 200 1692227 225 1637283 250 1622139 275 1305781 300 1527548 325 2278903 350 3272759 375 2648695 400 3599507 425 2330524 450 2508876 475 3702248 500 3310456 525 1825231 550 1825333 575 1619435 600 868569 625 830861 650 565821 675 424991 700 710668 701 0
1 92
94 3 631 360 0.9961437689929546 0.06562790961909318 0
31 0 0 1 2234735 26 2515306 51 2337071 76 2544855 101 1598379 125 2342837 150 1369302 175 712033 200 851957 225 577707 250 370561 275 285737 300 318329 325 527760 349 384117 374 738894 399 632887 424 782024 449 609912 474 661403 499 869283 524 608990 549 582159 574 735506 598 643438 623 788215 648 1487469 673 991291 698 1069299 699 0
0
95 2 1396 600 0.9976430161654858 0.09044207470170791 0
31 5 0 6 874585 31 558377 55 695696 80 850447 105 685417 129 748759 154 763644 179 771127 203 1042664 228 965946 253 1202286 277 1865660 302 2620230 327 2015049 351 1790640 376 2226413 401 4198375 426 4308075 450 2943099 475 2373436 500 2692170 524 1988458 549 1349343 574 1416144 598 1166250 623 951509 648 1588912 672 728768 697 1415582 698 0
0
96 1 872 313 0.9863475139491819 0.018109930452789347 0
22 220 0 221 1146512 246 1390666 270 1226267 295 1331765 320 1291083 344 1970430 369 1410629 394 2065563 418 1796260 443 1313501 468 1026405 493 1137096 517 1433289 542 1776832 567 1682225 591 2170541 616 1572702 641 1765605 665 2009212 690 2593093 691 0
1 95
97 3 939 484 0.9904232445004963 0.14639258944341782 0
28 34 0 35 612972 60 801070 85 2109231 110 2129784 135 4241588 161 3479474 186 2405435 211 1147841 236 584353 261 458707 286 325345 311 376394 336 367688 362 229610 387 139997 412 172702 437 148988 462 114604 487 107091 512 66594 537 50785 563 82774 588 106297 613 156507 638 100182 663 93572 664 0
1 95
98 1 1296 441 0.9985913778872026 0.05959293295059645 0
17 250 0 251 2308864 276 2938834 301 2149402 326 2054172 351 2573295 376 2439468 401 1124092 425 1460749 450 1393118 475 1231902 500 1211089 525 1246918 550 1471472 575 1393776 600 1297091 601 0
0
99 1 1459 158 0.9843829319651054 0.0942573532158694 0
11 297 0 298 1624594 324 1946228 350 1458958 376 1548151 403 1232502 429 1752415 455 1468524 481 2081456 507 3300910 508 0
1 98
100 3 580 88 0.9839290830696237 0.033467131762466414 0
30 0 0 1 253147 26 271494 52 384433 77 295103 103 317209 128 438513 153 495403 179 409928 204 504488 230 251376 255 289916 280 279531 306 353798 331 754332 357 805502 382 1139181 408 1222045 433 1688758 458 2103541 484 2424174 509 1522005 535 1808955 560 2149646 585 1518951 611 1629392 636 2386286 662 4326932 687 4361136 688 0
2 98 99
101 1 1104 136 0.9876790200488936 0.14675370194469592 0
9 493 0 494 2034442 519 1814199 543 1968094 568 2094929 593 2072720 617 1743678 642 1306596 643 0
1 99
102 2 612 513 0.9994532000053213 0.13396162744973727 0
29 32 0 33 2598005 57 2892746 82 2051834 107 2814580 131 1628439 155 1944992 180 1817944 205 1991579 229 1678493 253 1088912 278 1238929 303 1225676 327 1816690 351 898114 376 637131 401 629505 425 658320 449 1360792 474 1271441 499 3025703 523 2002917 547 1903347 572 1064342 597 875437 621 919664 645 1220912 670 490180 671 0
0
103 1 994 489 0.9824542700084266 0.051872003409710474 0
23 163 0 164 1587317 189 1356523 214 1049126 239 1149164 264 1789605 289 1314134 313 681764 338 994584 363 865447 388 1013734 413 1038997 438 1648214 463 1751936 488 1661640 513 1532458 537 1903878 562 2214716 587 1519080 612 1764102 637 1183917 662 1711737 663 0
1 102
104 2 1366 489 0.9887687658434945 0.04566796227032695 0
20 244 0 245 1817155 270 2233794 295 2536958 321 2784195 346 2264738 371 2993251 396 2704881 421 1977018 446 1218420 472 1263996 497 1443488 522 1242872 547 675755 572 835705 597 613112 623 617330 648 670949 673 505725 674 0
0
105 3 1302 87 0.9933615520868436 0.07401519781192979 0
11 129 0 130 1880967 156 1803766 182 1199339 208 1527725 235 1064658 261 805993 287 956826 313 604999 339 754413 340 0
1 104
106 2 1354 598 0.9883281378003931 0.010458587385889728 0
12 465 0 466 3959293 491 3176622 516 2685522 541 1736481 566 904250 591 471283 616 399842 641 527283 666 335801 691 184970 692 0
3 104 105 107
107 2 1401 439 0.992855301898522 0.07326571070924467 0
21 241 0 242 4235295 267 2902308 292 2614221 317 2095401 342 1968500 367 1802429 392 1643447 417 1864371 442 1575412 467 1638636 491 1379398 516 1460227 541 1721946 566 1105053 591 1116801 616 497205 641 431561 666 241458 691 421709 692 0
1 105
108 1 1404 663 0.9824427025075599 0.09883333706627195 0
25 23 0 24 2054337 49 969759 74 830505 99 811738 124 1009953 149 1225446 173 1840019 198 1482428 223 1455726 248 843782 273 1185039 298 1272498 323 1519185 348 1441639 373 1351200 398 1354893 423 956407 447 731572 472 886595 497 750839 522 958858 547 634189 572 653502 573 0
0
109 1 1005 188 0.9895867800588335 0.11474816760375142 0
15 299 0 300 1026256 324 1100106 348 991944 372 1031555 396 1368086 420 1391749 443 1164650 467 1536043 491 884559 515 794335 539 739448 563 570285 587 734452 588 0
1 108
110 2 700 208 0.9848380285844767 0.10956153433187467 0
16 83 0 84 1273258 109 2340675 133 2111265 158 1260236 182 1147387 207 1086449 232 907367 256 442136 281 828258 306 357773 330 718993 355 1262516 379 1778877 404 1123033 405 0
0
111 2 1408 92 0.9896876814669386 0.0905760373485773 0
26 131 0 132 1438408 156 2896575 181 2386212 205 3225094 230 3936228 254 1714482 279 1953203 303 2082490 328 2547862 352 2939457 377 1729750 401 1096554 426 1283567 450 732182 475 619040 499 696849 524 695183 548 582460 573 611591 597 404881 622 312450 646 180538 671 218572 695 252918 696 0
2 110 112
112 1 1320 79 0.9944672214535625 0.05100660254275181 0
8 17 0 18 1518102 45 1431351 72 1222230 98 1121873 125 1358410 152 1042105 153 0
0
113 1 796 591 0.9877150338876501 0.03991955814100064 0
30 8 0 9 2025816 34 1723562 58 2108633 83 1025232 108 1003404 132 664281 157 811503 181 801299 206 1019347 231 1202200 255 912693 280 1417271 305 1067185 329 1158389 354 1182086 378 1274910 403 961998 428 465520 452 471187 477 350756 502 255322 526 243122 551 248677 575 255364 600 448646 625 497582 649 652204 674 530008 675 0
0
114 3 796 46 0.992163606420872 0.011547262106703765 0
9 535 0 536 483882 561 676924 585 734085 610 1065161 635 1315579 659 1906571 684 1669621 685 0
1 113
115 3 795 530 0.9857626860762584 0.028441398316603556 0
24 41 0 42 155250 67 118338 92 71257 117 87589 142 104536 167 137115 192 157484 217 233483 242 578762 267 526044 292 563500 316 804001 341 721637 366 581169 391 1112477 416 1123099 441 1342265 466 1469103 491 2417794 516 1614475 541 2961369 566 3133341 567 0
0
116 3 1063 440 0.992493510223145 0.008388311469899734 0
14 256 0 257 2387184 282 2323609 307 1601510 332 1377930 357 1607601 382 1382689 406 1478085 431 1099573 456 1321602 481 915500 506 1294211 531 1492414 532 0
0
117 3 881 557 0.983432134199641 0.005354998753038625 0
20 155 0 156 354076 182 411107 207 611263 233 838311 258 1586470 284 1925290 310 2080139 335 1904962 361 2290683 386 2164536 412 1892235 437 2902307 463 1790637 489 1625751 514 1185907 540 1237309 565 1019803 591 878647 592 0
0
118 2 541 342 0.9960721930046498 0.008691014815440972 0
12 200 0 201 514185 226 1041851 251 1244914 276 1529032 301 1886253 326 2417731 351 1789930 376 2241603 401 2884968 426 2350977 427 0
2 117 119
119 1 577 311 0.9844397422265823 0.04736678953670435 0
7 580 0 581 1338294 608 1534917 635 1509810 662 1075797 689 1025036 690 0
0
120 1 1304 47 0.9840958144077421 0.09552954013188725 0
29 32 0 33 704837 58 578332 82 1009288 107 604486 131 875557 156 713931 181 891015 205 845842 230 915334 255 669721 279 1131978 304 753226 328 1280076 353 1621164 378 2173548 402 2129981 427 1860501 451 2053847 476 1353316 501 1293493 525 1269956 550 1285430 575 1502981 599 1480428 624 1090882 648 853265 673 1041664 674 0
0
121 1 1212 411 0.9831866511802071 0.04203101041564209 0
26 33 0 34 2263291 59 1510532 83 1217500 108 1475115 133 1360359 157 938307 182 951981 207 948325 232 984697 256 907497 281 609935 306 480534 330 666808 355 1619137 380 1507083 404 1209233 429 1150544 454 1330628 479 2693694 503 2609969 528 2955480 553 1593551 577 1570633 602 2031083 603 0
1 120
122 2 1488 582 0.997209484646254 0.023532212087942993 0
26 88 0 89 394052 114 444230 139 434418 164 418060 188 377937 213 347355 238 314244 263 227047 288 373354 313 646557 338 466932 363 512858 387 432553 412 469399 437 528600 462 453875 487 600003 512 638789 537 930645 562 1000758 586 1703688 611 2817230 636 3129571 661 2564992 662 0
1 121
123 2 1494 174 0.99876911019987 0.0012381108860424982 0
13 415 0 416 1220184 440 1628366 464 1841328 488 1695096 512 1288764 537 876351 561 1763766 585 1989498 609 1663264 633 2013334 657 2961753 658 0
0
124 3 1009 371 0.9804770043348547 0.03424422001238371 0
8 184 0 185 1064688 211 1119705 236 1247426 262 1322384 287 1740847 313 1137777 314 0
1 123
125 1 1057 429 0.9967161655329126 0.1464014425662567 0
8 96 0 97 1677517 120 1790015 143 1273270 165 2468745 188 2264323 211 2152175 212 0
0
126 3 1380 265 0.994913045125354 0.014936388873936978 0
8 16 0 17 1163322 43 2496971 69 1410160 95 1596314 121 1394618 147 1529580 148 0
1 125
127 3 1373 459 0.9864820998364016 0.013647333096160296 0
9 137 0 138 602378 161 954065 185 1184192 208 1256922 231 1129233 255 1349111 278 1983057 279 0
2 125 126
128 3 686 525 0.9827566074936621 0.10102721970047003 0
28 56 0 57 2642846 82 2137822 108 1579878 133 1974977 159 2043759 184 1104757 210 1051629 235 1186532 261 1070520 286 438217 311 316846 337 263947 362 272674 388 241098 413 195620 439 205795 464 221389 489 243218 515 239239 540 247570 566 392230 591 445196 617 498144 642 1005622 668 1252953 693 1288230 694 0
2 125 127
129 2 1152 541 0.9912288120893491 0.12076405810905752 0
21 241 0 242 3142821 267 3875560 292 3063240 317 2182691 341 1566678 366 834354 391 641820 416 763450 441 1126943 465 774758 490 423217 515 517287 540 130397 565 160917 590 129145 615 211247 639 305373 664 347601 689 447403 690 0
0
130 1 1274 77 0.9901764787517958 0.05541514197546469 0
16 365 0 366 1991839 391 1541263 416 1828021 441 2064552 466 2303825 491 2228989 516 1525238 541 1860264 566 1441176 591 2147896 616 2300876 641 1927798 666 1818914 691 1984425 692 0
0
131 2 714 685 0.9900476310503538 0.0867799371602999 0
22 201 0 202 1341937 227 1695609 252 1194614 277 860267 301 772212 326 592900 351 1070129 376 1291934 401 1621431 426 1981582 450 3296668 475 1688468 500 1711696 525 1643744 550 2107496 575 2514062 599 2034255 624 2458485 649 2380581 674 2119870 675 0
1 130
132 2 887 136 0.9840912465247019 0.10469869650383512 0
30 9 0 10 4437779 35 2903422 60 2548623 85 1447430 110 1264319 135 1759567 160 1429826 185 1706152 210 3426138 235 2680176 260 1809215 285 1195509 310 668397 335 357254 361 389217 386 194131 411 132609 436 99739 461 139071 486 96828 511 64191 536 56709 561 74669 586 61417 611 62270 636 70311 661 35493 686 39448 687 0
2 130 133
133 3 1144 366 0.9848669714929649 0.13730337378323465 0
15 344 0 345 3467217 370 2607820 395 1652150 421 1165402 446 1091930 471 860546 497 1283070 522 959203 547 1188795 572 1013918 597 895707 623 769414 648 611594 649 0
1 131
134 1 1000 490 0.9959525046531009 0.11722524547050746 0
11 510 0 511 531492 534 511869 558 1019094 581 1342143 605 1670255 628 2656022 651 2303278 675 2412181 698 2533892 699 0
0
135 2 884 508 0.9832126132689998 0.10513333605325259 0
13 384 0 385 1856267 410 1261730 435 1114970 460 767001 485 728296 509 985923 534 731558 559 1046675 584 643046 609 747331 634 775941 635 0
1 134
136 1 619 457 0.9934977265567216 0.03415993725698853 0
28 35 0 36 238689 61 181021 87 218398 112 308911 137 706550 162 583846 188 604621 213 668081 238 620572 264 786843 289 1134201 314 1056473 339 1040365 365 1160339 390 1251672 415 1203389 440 2127538 466 2642170 491 2869356 516 1668934 542 2048712 567 1074877 592 2193787 617 2745151 643 2443075 668 1904567 669 0
0
137 3 720 159 0.9823014429094048 0.082204173405292 0
9 535 0 536 921611 559 1231101 583 1720584 606 1200170 629 739828 653 442689 676 425037 677 0
1 136
138 1 944 652 0.9802061532995215 0.043234315568808676 0
29 6 0 7 1073933 32 784388 57 802124 82 984786 107 744738 132 1090543 157 2084285 181 3028608 206 3385000 231 4482052 256 2127681 281 2248496 306 1740520 331 2210080 356 2954087 381 1792838 406 1402870 431 1743355 456 1748297 481 1795674 505 1399120 530 955809 555 780568 580 389424 605 212470 630 175416 655 235309 656 0
0
139 1 1452 694 0.9983303202797119 0.1467742314263781 0
22 165 0 166 3651834 191 3027595 217 1684763 242 930217 268 649525 293 749682 319 1247914 344 1734627 369 1068103 395 824984 420 1022087 446 1349418 471 1396778 496 1792510 522 2715256 547 2743653 573 1512348 598 1130111 624 642307 649 546894 650 0
1 138
140 2 962 234 0.9863835202848783 0.039173759498100445 0
30 25 0 26 469090 51 661723 76 797858 101 1282063 125 1178999 150 1063075 175 1189381 200 1402941 225 1286238 250 1664701 275 1754478 299 962976 324 939727 349 1428867 374 917042 399 867561 424 1062142 448 1099866 473 772103 498 1060602 523 982018 548 1256937 573 1719987 598 1284360 622 1699948 647 1818444 672 1350856 697 864903 698 0
1 139
141 2 566 185 0.9856649532199718 0.054345483195911655 0
21 103 0 104 321031 129 411099 154 300312 179 238096 205 224325 230 414913 255 280540 280 496211 305 1143314 331 1152081 356 1098251 381 1620252 406 1481303 431 1512196 456 2627409 481 1611588 507 673591 532 1108486 557 1061622 558 0
2 139 140
142 1 888 448 0.9958733995993123 0.01931618115675309 0
27 2 0 3 5138148 28 3233636 53 2120811 79 2163390 104 1538298 129 2170462 155 1204561 180 1156060 205 1434460 230 1208472 255 1328212 281 996376 306 1062718 331 1130220 357 1576086 382 1249859 407 876289 432 596552 457 514719 483 257321 508 308106 533 475069 559 547116 584 527239 609 652263 610 0
0
143 3 843 223 0.9852929178845432 0.10360302426907682 1
13 277 0 278 1382828 304 1273106 330 1364570 356 895194 382 1718612 407 1403894 433 1489315 459 1110777 485 1169678 511 1388122 537 1364547 538 0
1 142
144 1 1008 510 0.9891501400664554 0.09603423911753249 0
21 104 0 105 2151406 130 1352360 156 1661572 181 1718199 206 2644467 232 2944312 257 1828676 282 1209555 308 1231198 333 1041302 358 758464 384 1038487 409 1504038 434 1121780 460 635531 485 992739 510 772181 536 495223 561 511559 562 0
0
145 2 850 321 0.985728318049464 0.003672953107033455 0
15 384 0 385 2035014 410 1697660 435 1177147 460 795860 485 1019600 510 1015079 535 865373 560 1137924 585 921823 610 937131 635 966154 660 1242638 685 1254910 686 0
0
146 1 1076 411 0.984498021263726 0.030032972777707556 0
10 384 0 385 855408 410 1089747 436 1530209 461 1907382 487 1620655 512 1804332 538 2210337 563 3213720 564 0
0
147 2 572 417 0.990593947769577 0.03703133083623468 0
8 357 0 358 1639974 383 1518256 408 1349053 434 1764071 459 1326342 484 1260195 485 0
1 146
148 2 1322 685 0.9991056995499882 0.14527407310526685 0
25 68 0 69 669720 94 480328 118 555970 143 1080226 168 2521878 192 2662391 217 2619052 241 1305291 266 724137 291 472607 315 318574 340 597141 365 735524 389 1001732 414 1516625 439 1667037 463 1463773 488 1758947 512 1037713 537 1002153 562 2204463 586 1946465 611 2253347 612 0
0
149 3 1353 1 0.9944822146901017 0.09400032063438345 0
25 42 0 43 275727 68 317160 94 188822 119 211766 144 286602 170 253145 195 286176 221 496890 246 491730 271 776607 297 1140741 322 1120923 347 1338148 373 1292433 398 1464334 423 1623272 449 1427420 474 1366820 500 1454360 525 1939328 550 1680009 576 1961370 601 3446951 602 0
1 148
150 1 859 588 0.9972791930720889 0.012090627776631646 0
11 266 0 267 2295542 292 2315147 317 1513377 342 2151934 367 1046810 392 665218 417 1100364 442 958175 467 766226 468 0
1 148
151 1 1112 513 0.9879481788013929 0.14756665848493092 0
15 300 0 301 238725 327 444384 352 345594 378 433133 403 919355 429 910934 455 900410 480 1439592 506 1005466 531 1313523 557 1768906 582 1992969 608 2569474 609 0
0
152 2 624 333 0.9857228591836396 0.019855196248736124 0
17 135 0 136 1403030 161 1329268 186 714217 211 1139459 237 1119411 262 1623504 287 1404120 312 2189331 337 1571955 362 1326672 387 890319 413 1375599 438 1557912 463 1313582 488 1877286 489 0
1 151
153 3 557 344 0.9993072914150541 0.056590008028802596 0
21 205 0 206 1580751 231 1695506 256 1864807 280 2380570 305 1826534 330 1275687 355 2205416 379 2317766 404 1456393 429 917767 454 1425606 479 896597 503 895773 528 747509 553 856130 578 1504563 602 1972877 627 3035373 652 2186811 653 0
0
154 3 783 30 0.9903304327407633 0.10278841140356923 0
28 54 0 55 277666 80 561149 104 442509 129 463142 153 1305004 178 2079766 202 1086243 227 1827820 251 2544638 276 1245914 300 1521097 325 1741506 349 1276649 374 2152296 398 1432866 423 1558226 447 1406679 472 1223871 496 1337476 521 1299058 545 1589438 570 1199871 594 842734 619 422046 643 881304 668 731263 669 0
0
155 3 648 120 0.9840001599529432 0.05856219494052639 0
24 44 0 45 1962230 70 2332535 94 3316962 119 3073469 143 2447534 168 2215044 192 2729116 217 3270948 241 1460069 266 1833734 290 1318979 315 1287685 339 763096 364 438539 388 811876 413 844969 437 751766 462 324242 486 151473 511 113497 535 59506 560 29947 561 0
1 154
156 1 975 335 0.9835316804781922 0.08331731898339105 0
24 78 0 79 1520687 104 1394755 128 1275203 153 1432359 178 866523 203 1453670 227 1651546 252 896958 277 1011477 301 912989 326 633196 351 559303 376 1144065 400 943427 425 1021791 450 1598337 474 2886964 499 2291563 524 2555842 549 2687505 573 1571760 598 1321758 599 0
2 154 155
157 3 678 674 0.9858894589555297 0.017966517352534905 0
17 347 0 348 1514127 373 1922433 398 1490802 423 1773292 448 1556345 473 1397280 498 1307238 523 1871973 547 1606132 572 1913222 597 1647564 622 1807420 647 1235070 672 1680697 697 1561621 698 0
2 154 156
158 3 660 297 0.990478359721497 0.08555904046833855 0
27 59 0 60 357333 85 542193 110 601423 135 419372 159 561384 184 660478 209 382376 234 498960 259 684316 284 467515 309 344281 334 367837 359 419992 383 1101625 408 952120 433 1551035 458 1523106 483 1721963 508 1884501 533 1665620 557 1153766 582 1939192 607 2222460 632 2451359 657 3710399 658 0
0
159 3 1173 647 0.9858978454894939 0.09502409810490621 0
24 10 0 11 377014 36 186109 61 254157 86 459956 111 579177 136 388015 161 205629 186 309442 211 604551 236 596871 261 426777 285 558936 310 535277 335 747534 360 860369 385 1140845 410 1627577 435 1298062 460 1421008 485 1788535 510 2134104 535 3378699 536 0
1 158
160 2 1040 37 0.9821425049598289 0.06616760056107958 0
26 60 0 61 1108115 86 846771 112 734815 137 825441 162 694040 188 628853 213 655501 238 435486 264 407011 289 608682 314 536036 340 341306 365 488735 391 798907 416 1055633 441 1431950 467 1600795 492 2126220 517 2790583 543 2956589 568 3967403 593 5014063 619 1926321 644 2836305 645 0
1 159
161 1 928 313 0.989128966317362 0.13044763560338976 0
21 8 0 9 202440 34 229639 59 230405 84 237800 109 240796 134 261820 159 286478 184 414943 209 446080 235 473322 260 848012 285 1090822 310 944570 335 1449566 360 1203894 385 1960787 410 2540163 435 1208453 460 880830 461 0
0
162 3 1260 344 0.9987052551666596 0.09619916316458214 0
10 169 0 170 1922633 195 1872387 219 1627951 244 1789842 269 2177466 294 1471524 318 838762 343 691690 344 0
0
163 3 1022 448 0.9991301481450029 0.016030017801177132 0
19 95 0 96 393591 122 560539 147 669055 173 495409 199 553301 224 373068 250 410956 276 645137 301 862689 327 1101704 353 1906967 379 1431454 404 1547796 430 2166783 456 2334654 481 2002692 507 2484379 508 0
2 162 164
164 1 594 18 0.9994574844455728 0.08413525037991434 0
23 106 0 107 851119 131 763331 156 996646 180 1160001 205 1107225 229 649913 254 768706 278 1198923 303 1434032 327 1634769 351 2340775 376 1750149 400 1871689 425 1928057 449 1832481 474 3277425 498 2411069 523 2263319 547 2662430 572 1989093 596 2326235 597 0
0
165 1 1258 347 0.9903137817661433 0.1115184224852747 0
11 241 0 242 1609312 267 1962409 291 1412875 316 1271085 341 1614371 366 1540671 391 1118012 415 1664189 440 2510543 441 0
0
166 1 665 149 0.9938969632646533 0.13519690635996878 0
31 2 0 3 1787195 28 2117523 53 2099920 77 1480782 102 1785683 127 1919866 152 2687811 177 2337549 201 2984135 226 2148226 251 2343082 276 3149144 300 3147136 325 1887244 350 965703 375 699668 400 417777 424 247387 449 351940 474 406117 499 500910 523 437520 548 509495 573 714785 598 623778 623 625507 647 516073 672 514835 697 421056 698 0
1 165
167 3 1385 81 0.9855795637741852 0.051443050455292745 0
14 347 0 348 3245150 374 1492547 399 2116596 425 2228235 451 2123831 476 2236086 502 1680890 527 657354 553 657627 579 717090 604 578741 630 537632 631 0
0
168 2 522 557 0.9825014735339356 0.06885314667130159 0
10 49 0 50 1199614 74 1531561 98 1774576 122 1511002 145 1686358 169 1944390 193 1703312 217 2438976 218 0
1 167
169 3 1377 266 0.9807524037596441 0.005906169428279695 0
30 0 0 1 291167 26 275804 50 336381 75 317263 99 330355 124 316106 148 392881 173 337464 197 355748 222 744536 247 738595 271 1096445 296 733648 320 895657 345 1494375 369 1532432 394 1607127 418 1403507 443 1853107 468 1583207 492 2840524 517 3555988 541 2848251 566 3331569 590 1937656 615 1957727 639 886853 664 639608 665 0
2 167 168
170 3 1464 447 0.9890639063775001 0.06607452897317162 0
20 163 0 164 2059662 188 1494192 213 1045088 237 1177676 261 1079601 286 926309 310 693045 334 1154084 359 777569 383 493367 408 449523 432 598084 456 931193 481 1191892 505 1190526 529 1009194 554 774719 578 749407 579 0
0
171 2 663 134 0.9892279740293582 0.09480708119300296 0
18 309 0 310 1780454 335 2024467 360 987282 385 1022039 409 1521440 434 970934 459 1255351 484 1607102 509 1091651 534 1143135 559 704125 584 674593 608 919901 633 1020885 658 1387069 683 1832360 684 0
0
172 1 1144 327 0.9801802592041112 0.012815530700633525 0
27 37 0 38 1653473 63 1162397 89 987640 114 861208 139 1105265 164 892540 189 764056 215 656586 240 558325 265 334685 291 410895 316 396107 341 470010 366 444552 391 552141 417 876693 442 875500 467 884326 493 796133 518 445271 543 476307 568 693629 593 1206289 619 1949737 644 2378782 645 0
1 171
173 2 1281 354 0.9820348644573742 0.05690931369795829 0
25 117 0 118 729130 143 1192690 169 803971 194 995826 219 460183 245 363881 270 503788 295 364752 321 487369 346 558474 371 843064 397 688601 422 713259 447 1466164 472 2101072 498 2406225 523 2651876 548 1622409 574 1506084 599 1935801 624 2547571 650 3016987 675 1702016 676 0
0
174 1 734 88 0.9893413660249047 0.0474108239056679 0
30 2 0 3 338463 28 614459 52 451526 77 504469 102 814502 127 782087 151 449915 176 371677 201 768994 225 731466 250 888628 275 1245826 299 1954883 324 2412548 349 1779371 374 1199284 398 1057833 423 894234 448 928641 472 1249668 497 787074 522 851751 546 975173 571 974743 596 1386361 621 1827582 645 1643581 670 1339631 671 0
1 173
175 1 953 589 0.990415808437886 0.11721692389568006 0
15 65 0 66 1454775 91 1564485 116 2431968 141 1696200 166 3012601 191 1807722 215 1180625 240 1140598 265 724750 290 816625 315 524615 340 329450 365 324130 366 0
0
176 3 1491 379 0.9956184772152326 0.018295262453312283 0
18 56 0 57 1311773 82 909390 107 1126046 131 972508 156 1035350 181 819964 206 1004152 231 986589 255 1555153 280 980931 305 769062 330 1111833 355 1080193 379 1132866 404 981799 429 1132788 430 0
1 175
177 3 1105 299 0.9836490747311919 0.0018111837313118883 0
17 179 0 180 157408 204 125995 229 110527 253 179254 278 137816 302 220538 327 883876 351 820867 375 786050 400 1613309 424 1391366 449 1895031 473 2872303 498 1574852 522 2315388 523 0
2 175 176
178 3 1141 310 0.9802361641940909 0.09307193770979179 0
12 204 0 205 1052975 229 1688334 253 1329670 276 1193460 300 1787747 324 2173110 348 2456021 371 1883818 395 2808282 419 1942379 420 0
1 176
179 3 691 551 0.997363361643593 0.04975072903548288 0
9 314 0 315 1588273 339 2600901 362 1751801 385 1994632 409 1777726 433 1149307 456 852539 457 0
0
180 2 1000 106 0.9869901811318642 0.11067344240182303 0
17 321 0 322 2751602 347 2474525 373 2420010 398 2675340 424 2228863 449 1556534 475 1554873 500 1320028 525 665460 551 349564 576 474790 602 612380 627 322581 653 413275 678 328352 679 0
0
181 1 868 614 0.9852232008437743 0.07332398122483047 0
25 76 0 77 2773316 102 1405500 126 1812386 151 1531154 176 994412 201 1175864 225 1127492 250 1015798 275 1347780 300 1545705 324 1089618 349 760850 374 842604 398 673253 423 1021945 448 895649 473 1092911 497 1120449 522 1146604 547 1058641 572 1187803 596 793681 621 676691 622 0
1 180
182 1 1049 78 0.9958732719568184 0.021608106825608365 0
22 55 0 56 68894 81 110946 106 180810 131 179132 155 214404 180 236369 205 477766 230 1022515 255 1293364 280 1565811 304 1511826 329 1700616 354 1637054 379 1535578 404 1473416 429 1186323 453 1007813 478 1081069 503 1319345 528 864864 529 0
1 180
183 3 1415 512 0.9865742435243857 0.07812509858756704 0
14 95 0 96 3514514 122 2265874 148 2804042 174 1741692 200 1665468 226 956185 252 1300235 278 815266 304 1271926 330 948096 356 1084979 382 990673 383 0
2 180 182
184 3 664 99 0.984758402861648 0.029583314179918774 0
20 158 0 159 3241050 185 3254437 210 2054275 236 1948004 261 1712167 287 1304138 312 960986 338 542417 363 924855 389 1035861 414 938624 440 754768 465 1329248 491 1706522 516 1613803 542 1419736 567 1496643 593 2548153 594 0
0
185 1 884 444 0.9981176993065533 0.04985419736276696 0
23 159 0 160 768990 185 519519 209 314340 234 655019 259 696682 283 681599 308 535791 333 703255 358 641577 382 568230 407 460153 432 430317 456 957207 481 1552692 506 1668456 531 1739214 555 2201946 580 1702628 605 1924960 629 1598427 654 1092016 655 0
0
186 3 1243 151 0.9831944541716573 0.06186209061415259 0
8 553 0 554 1850278 580 1673712 606 1819470 632 1370787 658 1433009 684 1349280 685 0
0
187 1 967 404 0.9989114847104102 0.10709123124592897 0
7 216 0 217 1771136 243 1836019 269 1838054 296 1609737 322 1337298 323 0
0
188 2 730 346 0.9818439331214984 0.12461221725372451 0
7 194 0 195 1230651 221 1260563 248 1663518 275 1291739 301 2335603 302 0
1 187
189 2 937 493 0.9947302619410853 0.08534979526195219 0
25 125 0 126 1067845 151 609496 176 758595 202 692316 227 562904 252 627123 277 872327 303 691897 328 982002 353 965570 378 1066219 403 1026526 429 918265 454 917222 479 846222 504 445526 530 503922 555 410585 580 446030 605 515915 631 1527617 656 2794252 681 4160093 682 0
0
190 3 1145 609 0.9863419148503988 0.04828956457111326 0
12 446 0 447 1463014 473 968543 499 1369053 525 1300890 551 1238212 578 1506705 604 1906228 630 1444374 656 1271999 682 1404932 683 0
0
191 3 918 343 0.9896698655502983 0.06877743390524235 0
20 100 0 101 2137913 126 3076327 151 2254921 175 2183392 200 1498387 225 1429004 250 1524159 274 1482432 299 1913886 324 2489049 349 1308703 373 1301395 398 1073814 423 2200692 448 2015141 472 2007923 497 1884770 522 1575310 523 0
1 190
192 1 1464 337 0.9807770732587149 0.06244589733408212 0
28 80 0 81 962238 106 953673 130 859519 155 1215521 180 1537836 205 1330271 229 1982072 254 1758150 279 1117900 303 1176678 328 510913 353 614068 378 969272 402 1243448 427 1578327 452 1455101 477 2239114 501 2952238 526 2345175 551 3441734 575 3343370 600 2366718 625 1457822 650 1225691 674 1256101 699 1382151 700 0
0
193 1 935 258 0.9932643814137051 0.12197423795401592 0
18 6 0 7 1054942 32 1387021 58 1679923 83 1507011 109 1401284 134 973581 160 1064357 185 825313 211 1639674 236 2187287 262 2315278 287 1711428 313 2804644 338 2372025 364 2049979 389 2214728 390 0
1 192
194 1 796 644 0.9980302550164062 0.13702110621198785 0
25 127 0 128 1759776 153 1970393 178 1155954 202 1121783 227 2058756 252 2377584 277 1713284 301 1740054 326 1012450 351 1300965 376 965283 401 1197672 425 901475 450 1546371 475 1669598 500 2068329 524 1487668 549 1847756 574 1155034 599 1524081 623 2279549 648 3259867 673 1191510 674 0
1 193
195 2 839 64 0.9892397234209266 0.1215395855866564 0
8 232 0 233 1191645 259 1289777 285 1509747 311 1141057 337 1236441 363 1675215 364 0
2 193 194
196 3 584 504 0.9963908998035862 0.04950504492077739 0
21 224 0 225 3200785 250 2422229 274 2167963 299 1482652 323 596214 348 508000 373 533831 397 437105 422 424704 447 423318 471 445868 496 513816 520 537963 545 369873 570 291387 594 519969 619 496983 643 275879 668 362961 669 0
0
197 1 942 595 0.99272356114436 0.10217694347562055 0
27 91 0 92 3211797 117 2840143 141 2458524 166 1574194 191 1176095 216 1639847 241 1136194 265 1147617 290 1746947 315 1919452 339 2003976 364 1031077 389 690190 414 449605 439 567698 463 536737 488 467753 513 503099 537 312945 562 341118 587 252577 612 245503 637 248020 661 382572 686 311559 687 0
0
198 3 695 258 0.9858559839106099 0.0639887659946232 0
29 46 0 47 1382913 72 1870006 96 2253868 121 2663776 145 3279296 170 2331502 194 2244894 219 2446675 244 2833700 268 1649802 293 1554272 317 1296573 342 1414768 367 1544269 391 946431 416 1469329 440 1209106 465 2225849 489 2219306 514 1195286 539 1775596 563 1325542 588 1791033 612 936062 637 957104 661 681075 686 627454 687 0
1 197
199 1 764 550 0.9967905620098167 0.12344638716095616 0
28 13 0 14 999169 39 463058 65 766830 90 912789 116 1523558 141 906392 166 921038 192 1417084 217 937150 243 940284 268 1348985 293 1551339 319 1294232 344 2427727 370 1847553 395 2220002 420 2169797 446 2676880 471 1550688 497 905380 522 1243838 547 1202180 573 1552193 598 1143728 624 1406122 649 1753196 650 0
0
200 1 837 180 0.9814315042713322 0.12854786789700373 0
9 224 0 225 844029 250 997276 275 674409 299 1219055 324 1470047 349 1360273 374 798871 375 0
1 199
201 3 966 82 0.9879687991658053 0.09191720318214815 0
22 5 0 6 2562869 31 3389154 56 1813082 81 1736775 106 1271081 131 1008748 156 746353 181 1033040 206 602674 231 951328 257 1281852 282 1755352 307 1270010 332 2023043 357 1247859 382 1045557 407 859945 432 1008005 457 560056 482 899918 483 0
0
202 3 530 347 0.9912016154578672 0.025654867773036827 0
19 143 0 144 862841 168 1130145 193 1656173 217 1903975 241 2128845 266 1881688 290 944589 315 710203 339 869245 363 1226882 388 1753771 412 1869034 437 1085211 461 1139158 485 992405 510 1207462 534 1051826 535 0
2 201 203
203 3 937 278 0.9860376752227654 0.005944016298208105 0
27 56 0 57 119756 82 156006 108 192246 133 257469 159 238315 184 367102 210 680455 235 686456 261 931059 286 1060611 312 834071 337 1800382 363 1610113 388 2748123 413 2253423 439 2005644 464 1339294 490 753734 515 655355 541 822360 566 1285294 592 1139969 617 1116471 643 1086996 668 544695 669 0
0
204 3 926 419 0.9976041793984901 0.026395908076916684 0
8 223 0 224 1035456 250 1562125 276 1630367 301 1073200 327 1849339 353 2803808 354 0
1 203
205 2 819 508 0.9901657756838673 0.1261256685369264 0
19 152 0 153 1042561 179 1050248 204 774284 230 685912 255 604345 281 405865 306 561459 332 770362 357 1166983 383 1489295 409 1915693 434 2195336 460 1792468 485 1740543 511 2161982 536 3027711 562 4226418 563 0
0
206 3 608 343 0.9979621094398077 0.10350405328820543 0
15 4 0 5 418404 30 957931 55 1251571 81 1391134 106 1414305 131 2529035 156 3351138 181 1542063 206 1313705 231 1410343 257 1645264 282 1309461 307 1151781 308 0
0
207 2 842 582 0.9889474152633673 0.05673298701499907 0
24 163 0 164 438663 189 642580 214 667976 238 715265 263 1105951 288 1425845 313 1386579 337 1507012 362 2456543 387 1802615 412 2200170 436 2643625 461 2432447 486 2186412 511 1934467 535 1506990 560 1168265 585 1247034 610 890982 634 1471374 659 2266798 684 3421124 685 0
0
208 3 1274 20 0.9834220800249531 0.13504605432761724 0
12 250 0 251 1580693 276 1286680 301 1689754 326 1812792 351 1123600 375 1319209 400 1648220 425 919576 450 1841375 475 1487467 476 0
1 207
209 3 950 614 0.9975456216446041 0.00018531492818431026 0
12 88 0 89 700748 115 725189 141 865250 166 659370 192 793126 218 1400141 244 1846893 269 1527588 295 1967579 321 1345105 322 0
1 207
210 2 795 495 0.9825505011317873 0.044229543759018795 0
16 289 0 290 935878 315 1931141 339 1668232 364 1229333 388 856636 413 648969 438 899774 462 723616 487 981179 512 669491 536 785461 561 1076277 585 1157211 610 900463 611 0
0
211 2 1315 111 0.9918564973876765 0.14718571707302688 0
18 277 0 278 736033 303 781806 328 579645 353 1300423 378 1338862 403 1283325 428 1263240 453 1401738 477 1233246 502 1015897 527 606783 552 390752 577 644060 602 796649 627 878325 652 1126341 653 0
1 210
212 1 1131 2 0.9971475222949484 0.1021000917845701 0
19 179 0 180 186623 205 207323 231 236487 256 242596 281 299207 307 347182 332 418845 357 679147 383 518932 408 865642 433 930644 458 904761 484 792276 509 1876377 534 2713442 560 2315190 585 1760714 586 0
0
213 3 852 291 0.9845709644744006 0.07890724714437893 0
30 18 0 19 292442 44 297181 68 300788 93 363096 118 499305 143 695298 167 836985 192 735382 217 753134 241 696450 266 1245091 291 1254033 315 1134506 340 1378006 365 2296857 390 1746075 414 1513290 439 2213237 464 4100035 488 2790491 513 2881500 538 1795182 562 2285514 587 1821015 612 1362156 637 2148992 661 2645360 686 3326848 687 0
1 212
214 3 1070 660 0.9933197430603863 0.04840057564711694 0
27 9 0 10 917287 35 740534 59 836818 84 1033230 109 1582263 134 1354228 158 1957718 183 1320794 208 1674456 232 1495092 257 1417906 282 1273952 307 1432807 331 553816 356 509752 381 1169544 405 980252 430 1280459 455 1409460 479 1986622 504 2101844 529 1960502 554 1148166 578 939409 603 1015859 604 0
0
215 3 533 231 0.9838494499499278 0.12388559471539652 0
24 169 0 170 504672 195 679299 220 694350 246 644766 271 477724 296 559152 321 1347183 347 1915777 372 2130226 397 1098500 422 562625 448 737726 473 457129 498 669187 523 884550 549 1849695 574 2991938 599 2356871 624 1391852 650 891929 675 761579 700 875603 701 0
0
216 2 658 231 0.9893072784224866 0.13370567704225514 0
21 28 0 29 823517 54 796962 78 1675853 103 1597107 127 1697647 152 2076219 176 2477526 201 2035459 225 3275982 250 2832905 275 2897805 299 1779475 324 1437523 348 1523445 373 1789298 397 1536827 422 1283798 446 1785268 471 1181395 472 0
2 215 217
217 3 1285 408 0.9990187417400603 0.0910550428977298 0
28 82 0 83 248176 108 158140 132 305297 157 300354 181 254155 206 192361 230 161116 255 131916 279 163671 304 168639 328 372558 353 357917 377 680855 402 673997 426 592343 451 687639 475 665236 500 861662 524 1191509 549 1227436 573 1097413 598 965253 622 2087058 647 3558860 671 4949858 696 4548377 697 0
0
218 2 627 203 0.9902805647994725 0.045515041904866875 0
12 15 0 16 1606736 41 1397952 66 1246678 91 657179 116 654945 141 1265784 166 1650713 191 2496027 216 2788145 241 3659471 242 0
0
219 2 1200 567 0.9868504668340847 0.005759054123643126 0
11 382 0 383 2191051 409 894694 434 991681 459 1111014 485 1117753 511 850864 536 874437 561 409250 587 737683 588 0
0
220 1 959 106 0.9803520074882489 0.0633081999242419 0
20 165 0 166 992663 190 646627 215 628439 239 467377 264 360942 288 367868 312 671326 337 832341 361 1294473 386 1422979 410 1862435 435 3442484 459 1866199 483 2778324 508 3164702 532 2580137 557 2137364 581 3143103 582 0
0
221 3 1280 237 0.9986616543130639 0.13439126727226675 0
28 31 0 32 1516132 57 1117285 83 1336341 108 1637568 133 1300145 158 1133822 184 1021555 209 1453431 234 2142703 260 2603996 285 1789494 310 1650319 335 1411163 361 1386060 386 1840341 411 2058249 436 2472799 462 2004114 487 1688957 512 2588355 538 2905377 563 1937625 588 1975994 613 791479 639 1248741 664 1613704 665 0
0
222 3 581 370 0.9831846962851463 0.03995158679267462 0
29 2 0 3 945392 28 929722 53 578740 78 913683 103 1679146 128 1805589 153 1791736 177 1395349 202 2011507 227 1745236 252 915258 277 685838 302 597919 327 402487 352 734088 377 737459 402 1105327 427 1350794 452 822426 477 1351199 501 1419420 526 1248704 551 575707 576 686033 601 628804 626 459070 651 177642 652 0
2 221 223
223 1 1000 13 0.9987825703625584 0.14379462680808222 0
23 116 0 117 539816 142 618535 167 397177 192 380908 217 345312 242 275040 267 381159 292 427373 317 472713 342 820787 367 770408 391 1150701 416 1738787 441 1852978 466 1871173 491 2267232 516 1456978 541 1471603 566 1909836 591 2066547 616 1729059 617 0
0
224 1 1072 82 0.9810029853781598 0.09275981465966501 0
8 391 0 392 978072 416 1353544 440 1464493 464 2006610 488 1448146 512 1620736 513 0
0
225 3 1212 529 0.9852679124506052 0.10301441833137871 0
28 68 0 69 726829 94 767555 119 878055 145 1100176 170 1281173 195 1864185 220 2600735 245 2187968 271 1948264 296 1043907 321 748323 346 799286 371 1000182 397 1064129 422 2307387 447 1591399 472 959855 497 1279523 523 1214527 548 1126715 573 518285 598 655661 623 909166 649 669926 674 761376 699 677103 700 0
0
226 3 505 696 0.9852092375557732 0.08782982200725271 0
28 1 0 2 304619 27 213534 53 113963 78 140147 103 182742 129 283244 154 416505 179 681143 205 577884 230 911578 255 1235372 281 1204367 306 1428030 331 1484443 356 1774178 382 1564091 407 1335745 432 1680034 458 1864080 483 1387681 508 1239771 534 901289 559 762266 584 461781 610 639007 635 645822 636 0
1 225
227 3 817 323 0.9847871403299215 0.024058662983342926 0
12 357 0 358 649875 382 1087824 406 1122038 429 1209441 453 1013906 477 832108 501 1547749 524 1940677 548 1735207 572 1686333 573 0
1 226
228 1 1433 331 0.991719273596109 0.14964937429996436 0
20 112 0 113 562057 137 464579 162 641461 186 726362 211 899229 235 1411558 259 1806041 284 1698211 308 1350293 333 1689053 357 1192733 382 1738000 406 2482693 430 2709531 455 1906921 479 2506837 504 3185174 528 2707417 529 0
0
229 3 611 391 0.992260714604506 0.045086836480698875 0
14 221 0 222 2571066 247 1837131 273 1338513 298 1163001 323 1002375 349 1231869 374 586940 400 391799 425 239469 450 196141 476 185802 501 161411 502 0
1 228
230 1 868 67 0.9983247144450232 0.11812633636357979 0
18 189 0 190 3052063 215 2695498 239 2312214 264 2244770 289 2577131 314 1655164 338 845662 363 571927 388 1037192 413 1138784 437 790814 462 761573 487 802994 512 656922 536 1185496 561 1041948 562 0
2 228 229
231 3 624 462 0.9851008732145948 0.07839669131274721 0
12 328 0 329 307846 355 204012 381 164537 407 277930 433 429775 460 820246 486 1485742 512 1544334 538 2818639 564 1299888 565 0
1 229
232 3 600 482 0.9879526091639722 0.06182682315874943 0
13 273 0 274 860189 299 1466863 324 1253935 349 1562444 374 1612914 399 893571 425 943778 450 1311700 475 2131579 500 2423236 525 2111482 526 0
0
233 1 977 232 0.9932593637055437 0.10246360273507747 0
9 288 0 289 1635168 312 1336782 335 1562587 357 1213657 380 1440027 403 2483928 426 1256218 427 0
0
234 3 748 618 0.9974223259034661 0.10723465518606394 0
25 143 0 144 2715804 169 3075248 194 2198907 219 2134334 244 2031629 269 1603548 293 2137623 318 1584666 343 1248198 368 1171274 393 657990 418 735412 443 401900 468 272364 493 414087 518 353986 543 608820 567 778287 592 599483 617 589469 642 503417 667 429517 692 273732 693 0
1 233
235 3 1302 671 0.9977585132060661 0.12633689706693207 0
18 62 0 63 1216526 88 1702828 112 1245928 137 942973 162 952143 186 1320079 211 1087798 236 1478217 260 1750827 285 1475193 310 1932513 334 933894 359 964732 384 351310 408 531406 433 379957 434 0
0
236 3 1196 178 0.9836411723722022 0.025374475681653814 0
9 419 0 420 1797902 446 1608017 472 1910362 499 1266847 525 1665038 551 1298064 577 1640966 578 0
0
237 2 1389 397 0.9996539044945241 0.121471625593225 0
9 380 0 381 2079927 404 1809924 427 1426589 450 1691111 473 1445643 496 1350769 519 1238184 520 0
0
238 3 624 611 0.9868121718492544 0.07195976921980536 0
31 1 0 2 552045 27 799451 52 1769556 77 2058554 102 1927147 126 4175816 151 2256167 176 1783984 201 2422992 226 3477815 251 2095777 276 2893743 301 2161864 326 1429989 351 778579 375 1139026 400 1214054 425 891445 450 936789 475 735288 500 645605 525 717648 550 686305 575 956583 599 1303617 624 977879 649 949591 674 1264264 699 1400614 700 0
0
239 3 1145 71 0.9883314126483125 0.1057157535521102 0
16 68 0 69 2070609 93 2924576 117 2006721 141 2585335 165 2141368 189 1364692 213 2056157 237 1273960 261 889604 285 920249 309 804090 333 531413 357 503568 381 515313 382 0
1 238
240 1 598 346 0.9825826187668998 0.04587063989184031 0
29 19 0 20 2963523 45 2568342 70 2288107 95 1586048 120 1488462 145 1275887 170 655304 195 475856 220 347982 245 286484 270 337797 295 301945 320 649822 345 856493 371 840934 396 1172166 421 941098 446 702263 471 814502 496 1587150 521 1297438 546 1031387 571 1018768 596 1280591 621 1511580 646 1934559 671 1949561 672 0
1 239
241 1 831 40 0.998939611535436 0.12255867934896444 0
10 97 0 98 752205 124 755576 149 576475 175 648309 201 1413386 227 1558579 252 2308403 278 1385802 279 0
0
242 1 1323 351 0.9928208050577018 0.08724895479391613 0
27 77 0 78 814976 103 889752 128 922158 153 1350051 178 1942666 203 1105627 228 1289064 253 1721758 278 2271165 303 1267682 328 1187398 353 1060159 377 911013 402 536819 427 455744 452 385407 477 633705 502 569461 527 587264 552 390827 577 350607 602 327858 627 387659 652 293150 677 298123 678 0
1 241
243 1 1320 340 0.9805891954265539 0.1151587851497286 0
29 14 0 15 101375 40 225808 66 380305 91 456217 116 708610 141 528942 167 549443 192 1089329 217 2146411 242 1921365 268 2545473 293 2400394 318 3133642 343 2938597 369 1431379 394 1458293 419 1237301 445 1084011 470 454618 495 432703 520 454942 546 790840 571 307227 596 510181 621 450027 647 395106 672 1004654 673 0
0
244 3 841 310 0.994210682196532 0.12867651325809196 0
14 288 0 289 2708310 313 1904949 338 1862682 362 2967324 386 2333443 411 2075134 435 1009251 460 818475 484 904557 508 731770 533 389609 557 295911 558 0
1 243
245 3 588 38 0.9902646031680852 0.08728233161498723 0
20 84 0 85 492373 109 320916 134 332910 158 421531 182 845291 206 861200 231 1362615 255 1508036 279 1283651 304 1654453 328 3226203 352 4018411 377 2617551 401 2926235 425 1415545 449 1375084 474 1114255 498 592483 499 0
1 244
246 2 848 606 0.9826535600275708 0.1498317267570705 0
18 323 0 324 316270 348 151800 373 163471 397 363636 422 445293 446 646744 470 945662 495 1015980 519 1347233 544 2619052 568 4462985 592 2565004 617 2169699 641 1882527 666 2208582 690 2746809 691 0
0
247 1 1227 116 0.9935859200533022 0.1086952102239274 0
12 277 0 278 1769614 303 1144000 328 2078720 352 2198860 377 853253 402 412405 427 400186 451 449130 476 388384 501 294713 502 0
1 246
248 1 607 458 0.9836826335723161 0.06258997287328762 0
30 12 0 13 1572028 38 2106903 63 2248526 88 1062046 113 792379 138 1034980 163 1546383 188 1130909 213 2024939 238 2812600 263 1683824 288 2384959 313 1784136 338 2164239 363 2401214 388 3599659 413 1920427 438 873997 463 646517 488 818881 513 1281815 538 1032181 563 812758 588 613550 613 396009 638 626982 663 536219 688 751406 689 0
1 247
249 1 707 472 0.9942322479406747 0.04520021128673326 0
11 228 0 229 1721717 255 1678126 282 2850285 308 2233009 335 2441997 361 1253267 387 728834 414 648329 440 590558 441 0
0
250 1 1374 383 0.9881678804068493 0.09874428084163654 0
15 124 0 125 143614 151 289690 176 251177 202 173031 227 207505 253 235021 279 328940 304 754715 330 969517 355 2037363 381 1524871 406 1825511 432 1491686 433 0
0
251 3 1159 306 0.9948758832119781 0.027079546909186996 0
31 1 0 2 176730 27 213524 52 366286 77 412009 102 404238 127 527252 152 342341 177 255990 201 348930 226 573671 251 824607 276 1293432 301 1199450 326 1056688 351 1480729 376 1430364 401 1431787 426 1547845 451 1805127 476 1796016 501 1859193 525 1592680 550 1753034 575 1937290 600 1867063 625 1131420 650 1078078 675 564108 700 650862 701 0
2 250 252
252 2 1383 516 0.9896249187809573 0.10983157882913747 0
12 315 0 316 2593824 342 1937110 368 796624 393 899245 419 1577280 445 1674115 471 1101593 496 409537 522 345449 548 383216 549 0
0
7 5 17462670004925767183
0.93226412769381872 0.067679106502696304 5.6765803484833344e-05 0 0 0 0 
0.055709365137404376 0.86369382517796467 0.080466077775187952 0.00013073190944299325 0 0 0 
0.0029719011276661766 0.1897120934122849 0.55130842421775428 0.25591607052196474 9.1510720329948843e-05 0 0 
0 0.0028797015959390821 0.079808851493291866 0.8682441247856606 0.047932982218481461 0.0011343399066269899 0 
0 0 1.1672164114947846e-08 0.14907521642044055 0.83732026274035776 0.013435401106582045 0.00016910806045539303 
0 0 0 0.00062404586588914602 0.074789566963058995 0.85399506441855177 0.070591322752500102 
0 0 0 0 0.00095739138302628434 0.32721784069250265 0.6718247679244711 
7 0 0 0 0 0 0 0
0.018674980641538465 0.9781858077939902 1.3025088561281375
