A
300
382 636
1 27.0 25.0
2 28.0 25.0
3 25.0 26.0
4 25.0 27.0
5 26.0 26.0
6 26.0 25.0
7 25.0 25.0
8 26.0 24.0
9 24.0 26.0
10 24.0 25.0
11 25.0 24.0
12 31.0 21.0
13 31.0 22.0
14 30.0 21.0
15 30.0 22.0
16 30.0 20.0
17 28.0 24.0
18 29.0 24.0
19 28.0 22.0
20 29.0 22.0
21 32.0 19.0
22 32.0 20.0
23 31.0 19.0
24 32.0 18.0
25 30.0 19.0
26 31.0 18.0
27 32.0 17.0
28 31.0 17.0
29 32.0 16.0
30 30.0 17.0
31 30.0 18.0
32 29.0 20.0
33 29.0 18.0
34 29.0 19.0
35 27.0 23.0
36 28.0 23.0
37 27.0 22.0
38 31.0 16.0
39 26.0 23.0
40 24.0 24.0
41 25.0 23.0
42 24.0 23.0
43 25.0 22.0
44 24.0 22.0
45 28.0 19.0
46 28.0 20.0
47 28.0 18.0
48 26.0 20.0
49 27.0 20.0
50 27.0 19.0
51 26.0 19.0
52 28.0 16.0
53 28.0 17.0
54 26.0 18.0
55 27.0 18.0
56 27.0 17.0
57 26.0 17.0
58 26.0 16.0
59 25.0 20.0
60 25.0 19.0
61 25.0 18.0
62 24.0 19.0
63 24.0 20.0
64 24.0 18.0
65 23.0 26.0
66 23.0 25.0
67 22.0 26.0
68 22.0 25.0
69 23.0 24.0
70 22.0 24.0
71 22.0 27.0
72 22.0 28.0
73 21.0 27.0
74 21.0 26.0
75 21.0 28.0
76 20.0 27.0
77 18.0 30.0
78 19.0 30.0
79 18.0 29.0
80 19.0 29.0
81 19.0 28.0
82 17.0 32.0
83 18.0 32.0
84 17.0 31.0
85 18.0 31.0
86 16.0 32.0
87 17.0 29.0
88 18.0 28.0
89 16.0 30.0
90 16.0 31.0
91 17.0 30.0
92 16.0 28.0
93 16.0 29.0
94 20.0 28.0
95 19.0 27.0
96 19.0 26.0
97 20.0 24.0
98 20.0 25.0
99 18.0 26.0
100 19.0 25.0
101 18.0 25.0
102 17.0 28.0
103 18.0 27.0
104 17.0 27.0
105 16.0 27.0
106 17.0 25.0
107 18.0 24.0
108 16.0 25.0
109 17.0 24.0
110 23.0 18.0
111 24.0 17.0
112 24.0 16.0
113 23.0 16.0
114 31.0 20.0
115 22.0 17.0
116 23.0 17.0
117 22.0 16.0
118 22.0 19.0
119 22.0 20.0
120 21.0 20.0
121 21.0 19.0
122 20.0 19.0
123 20.0 18.0
124 21.0 18.0
125 22.0 18.0
126 21.0 17.0
127 20.0 17.0
128 20.0 16.0
129 21.0 16.0
130 19.0 24.0
131 18.0 23.0
132 19.0 23.0
133 19.0 22.0
134 20.0 22.0
135 19.0 21.0
136 20.0 21.0
137 20.0 20.0
138 19.0 20.0
139 18.0 22.0
140 32.0 21.0
141 16.0 23.0
142 17.0 23.0
143 17.0 22.0
144 18.0 21.0
145 17.0 21.0
146 17.0 20.0
147 18.0 20.0
148 16.0 22.0
149 17.0 26.0
150 16.0 20.0
151 31.0 12.0
152 32.0 12.0
153 31.0 11.0
154 32.0 11.0
155 32.0 10.0
156 31.0 10.0
157 30.0 12.0
158 30.0 11.0
159 29.0 11.0
160 30.0 10.0
161 28.0 12.0
162 29.0 12.0
163 29.0 10.0
164 10.0 22.0
165 10.0 23.0
166 28.0 0.0
167 28.0 1.0
168 27.0 5.0
169 27.0 6.0
170 14.0 20.0
171 14.0 21.0
172 8.0 22.0
173 9.0 22.0
174 28.0 13.0
175 10.0 20.0
176 10.0 21.0
177 9.0 21.0
178 12.0 8.0
179 13.0 8.0
180 20.0 26.0
181 10.0 18.0
182 11.0 18.0
183 8.0 21.0
184 27.0 8.0
185 27.0 9.0
186 10.0 17.0
187 27.0 16.0
188 9.0 23.0
189 18.0 13.0
190 18.0 14.0
191 8.0 20.0
192 9.0 20.0
193 17.0 4.0
194 18.0 4.0
195 16.0 24.0
196 27.0 15.0
197 27.0 24.0
198 26.0 13.0
199 27.0 13.0
200 27.0 4.0
201 28.0 4.0
202 16.0 4.0
203 17.0 11.0
204 17.0 12.0
205 19.0 4.0
206 25.0 15.0
207 25.0 16.0
208 25.0 7.0
209 25.0 8.0
210 26.0 22.0
211 27.0 12.0
212 28.0 6.0
213 29.0 6.0
214 12.0 18.0
215 27.0 26.0
216 15.0 23.0
217 15.0 24.0
218 18.0 0.0
219 19.0 0.0
220 22.0 5.0
221 23.0 5.0
222 9.0 24.0
223 10.0 24.0
224 12.0 21.0
225 12.0 22.0
226 19.0 2.0
227 20.0 2.0
228 24.0 10.0
229 24.0 11.0
230 20.0 23.0
231 16.0 26.0
232 8.0 23.0
233 29.0 8.0
234 30.0 8.0
235 15.0 20.0
236 15.0 21.0
237 30.0 16.0
238 16.0 2.0
239 16.0 3.0
240 20.0 4.0
241 21.0 4.0
242 24.0 14.0
243 24.0 15.0
244 24.0 6.0
245 25.0 6.0
246 20.0 5.0
247 30.0 6.0
248 30.0 7.0
249 22.0 4.0
250 23.0 4.0
251 19.0 11.0
252 20.0 11.0
253 25.0 10.0
254 26.0 9.0
255 11.0 22.0
256 17.0 2.0
257 17.0 3.0
258 29.0 9.0
259 14.0 22.0
260 14.0 23.0
261 20.0 1.0
262 18.0 12.0
263 19.0 12.0
264 8.0 24.0
265 22.0 6.0
266 23.0 6.0
267 18.0 15.0
268 18.0 16.0
269 25.0 9.0
270 16.0 10.0
271 17.0 10.0
272 28.0 15.0
273 26.0 15.0
274 26.0 10.0
275 11.0 17.0
276 20.0 12.0
277 20.0 13.0
278 28.0 10.0
279 14.0 24.0
280 32.0 22.0
281 23.0 7.0
282 24.0 7.0
283 26.0 7.0
284 26.0 8.0
285 18.0 10.0
286 18.0 11.0
287 28.0 9.0
288 28.0 8.0
289 19.0 14.0
290 20.0 14.0
291 24.0 8.0
292 25.0 11.0
293 19.0 13.0
294 10.0 16.0
295 11.0 20.0
296 26.0 11.0
297 18.0 1.0
298 18.0 2.0
299 25.0 14.0
300 26.0 14.0
301 11.0 21.0
302 12.0 9.0
303 28.0 11.0
304 24.0 5.0
305 12.0 20.0
306 18.0 3.0
307 29.0 7.0
308 27.0 14.0
309 19.0 3.0
310 20.0 3.0
311 26.0 5.0
312 26.0 6.0
313 26.0 1.0
314 26.0 2.0
315 20.0 0.0
316 16.0 21.0
317 28.0 14.0
318 15.0 22.0
319 28.0 7.0
320 30.0 9.0
321 19.0 1.0
322 28.0 5.0
323 22.0 7.0
324 20.0 10.0
325 27.0 10.0
326 21.0 5.0
327 21.0 6.0
328 20.0 6.0
329 27.0 1.0
330 27.0 2.0
331 24.0 4.0
332 23.0 8.0
333 29.0 23.0
334 22.0 8.0
335 26.0 12.0
336 16.0 11.0
337 26.0 0.0
338 19.0 10.0
339 17.0 13.0
340 17.0 14.0
341 17.0 15.0
342 17.0 16.0
343 24.0 27.0
344 27.0 0.0
345 28.0 2.0
346 26.0 4.0
347 24.0 9.0
348 24.0 12.0
349 25.0 12.0
350 27.0 11.0
351 20.0 32.0
352 14.0 18.0
353 12.0 24.0
354 8.0 18.0
355 24.0 2.0
356 18.0 8.0
357 24.0 0.0
358 22.0 12.0
359 22.0 14.0
360 16.0 6.0
361 16.0 18.0
362 18.0 6.0
363 16.0 0.0
364 32.0 6.0
365 30.0 4.0
366 16.0 8.0
367 22.0 0.0
368 22.0 2.0
369 32.0 4.0
370 20.0 8.0
371 32.0 8.0
372 22.0 10.0
373 12.0 0.0
374 12.0 4.0
375 4.0 24.0
376 4.0 28.0
377 8.0 28.0
378 4.0 32.0
379 8.0 32.0
380 8.0 8.0
381 8.0 4.0
382 32.0 0.0
378 379 4
377 379 4
376 377 4
374 381 4
373 374 4
369 382 4
367 368 2
365 369 2
364 371 2
364 369 2
363 373 4
360 366 2
360 362 2
358 372 2
358 359 2
357 367 2
356 362 2
356 370 2
356 366 2
355 368 2
355 357 2
348 358 2
348 349 1
337 357 2
337 344 1
335 349 1
334 372 2
334 370 2
332 334 1
331 346 2
331 355 2
330 345 1
329 344 1
329 330 1
328 362 2
328 370 2
327 328 1
326 327 1
325 350 1
324 370 2
324 372 2
324 338 1
323 334 1
315 367 2
314 346 2
314 355 2
314 330 1
313 329 1
313 337 1
313 314 1
311 346 1
311 312 1
309 310 1
308 317 1
307 319 1
306 309 1
304 331 1
303 350 1
300 308 1
299 300 1
298 306 1
297 321 1
297 298 1
296 350 1
296 335 1
295 305 1
295 301 1
292 349 1
292 296 1
291 347 1
291 332 1
290 359 2
289 293 1
289 290 1
288 319 1
287 288 1
285 356 2
285 338 1
285 286 1
283 312 1
283 284 1
282 291 1
281 332 1
281 323 1
281 282 1
279 353 2
278 303 1
278 287 1
278 325 1
277 290 1
277 293 1
276 358 2
276 277 1
274 296 1
274 325 1
273 300 1
272 317 1
271 285 1
270 271 1
269 347 1
268 342 1
267 341 1
267 268 1
266 281 1
265 323 1
265 327 1
265 266 1
264 377 4
264 375 4
263 293 1
263 276 1
262 286 1
262 263 1
261 321 1
261 315 1
260 279 1
259 318 1
259 260 1
258 320 1
258 287 1
127 128 1
126 127 1
126 129 1
124 126 1
124 125 1
123 124 1
123 127 1
122 137 1
122 123 1
121 124 1
121 122 1
120 137 1
120 121 1
119 120 1
118 125 1
118 121 1
118 119 1
117 359 2
117 129 1
115 125 1
115 117 1
115 126 1
115 116 1
113 116 1
113 117 1
112 207 1
112 243 1
112 113 1
111 116 1
111 112 1
110 125 1
110 116 1
109 142 1
109 195 1
108 231 1
108 195 1
107 109 1
107 131 1
107 130 1
106 149 1
106 109 1
106 108 1
105 231 1
104 149 1
104 105 1
103 104 1
102 104 1
101 107 1
101 106 1
100 130 1
100 101 1
99 149 1
99 101 1
99 103 1
98 180 1
98 100 1
97 130 1
97 230 1
97 98 1
96 180 1
96 100 1
96 99 1
95 103 1
95 96 1
92 105 1
92 102 1
92 93 1
89 93 1
89 91 1
89 90 1
88 103 1
88 102 1
87 102 1
87 93 1
87 91 1
86 379 8
86 90 1
84 90 1
84 91 1
84 85 1
83 351 2
83 85 1
82 84 1
82 86 1
82 83 1
81 88 1
81 95 1
81 94 1
80 81 1
79 88 1
79 87 1
79 80 1
77 85 1
77 79 1
77 91 1
77 78 1
76 180 1
76 94 1
76 95 1
74 180 1
73 74 1
73 76 1
73 75 1
71 73 1
71 72 1
70 97 2
69 70 1
68 70 1
67 74 1
67 71 1
67 68 1
66 68 1
66 69 1
65 66 1
65 67 1
64 111 1
64 110 1
63 119 2
62 64 1
62 63 1
61 64 1
60 62 1
60 61 1
29 152 4
29 38 1
28 38 1
28 30 1
27 29 1
27 28 1
26 31 1
26 28 1
25 34 1
25 31 1
24 27 1
24 26 1
23 26 1
23 114 1
23 25 1
22 114 1
22 140 1
21 24 1
21 23 1
21 22 1
19 37 1
19 36 1
19 46 2
19 20 1
17 197 1
17 36 1
17 18 1
16 25 1
16 114 1
16 32 1
14 16 1
14 15 1
1 6 1
1 215 1
1 197 1
1 2 1
2 17 1
3 7 1
3 9 1
3 5 1
3 4 1
5 6 1
6 8 1
6 7 1
7 11 1
7 10 1
8 197 1
8 39 1
8 11 1
9 343 1
9 10 1
9 65 1
10 40 1
10 66 1
11 41 1
11 40 1
12 140 1
12 114 1
12 14 1
12 13 1
30 237 1
30 31 1
31 33 1
32 46 1
32 34 1
33 34 1
33 47 1
34 45 1
35 197 1
35 39 1
35 37 1
35 36 1
36 333 1
37 210 1
38 237 1
39 210 1
39 41 1
40 69 1
40 42 1
41 43 1
41 42 1
42 44 1
43 210 1
43 44 1
44 63 2
45 50 1
45 47 1
45 46 1
46 49 1
47 55 1
47 53 1
48 210 2
48 51 1
48 59 1
48 49 1
49 50 1
50 55 1
50 51 1
51 54 1
51 60 1
52 237 2
52 187 1
52 272 1
52 53 1
53 56 1
54 61 1
54 57 1
54 55 1
55 56 1
56 187 1
56 57 1
57 58 1
58 187 1
58 207 1
58 273 1
59 63 1
59 60 1
128 268 2
128 290 2
128 129 1
130 132 1
131 142 1
131 139 1
131 132 1
132 230 1
132 133 1
133 135 1
133 139 1
133 134 1
134 136 1
134 230 1
135 138 1
135 144 1
135 136 1
136 137 1
137 138 1
138 147 1
139 144 1
139 143 1
140 280 1
141 216 1
141 148 1
141 195 1
141 142 1
142 143 1
143 145 1
143 148 1
144 147 1
144 145 1
145 316 1
145 146 1
146 150 1
146 147 1
148 318 1
148 316 1
149 231 1
150 361 2
150 235 1
150 316 1
151 153 1
151 157 1
151 152 1
152 154 1
153 156 1
153 158 1
153 154 1
154 155 1
155 371 2
155 156 1
156 160 1
157 162 1
157 158 1
158 160 1
158 159 1
159 163 1
159 303 1
159 162 1
160 320 1
160 163 1
161 211 1
161 303 1
161 174 1
161 162 1
163 278 1
163 258 1
164 173 1
164 176 1
164 255 1
164 165 1
165 223 1
165 188 1
166 382 4
166 344 1
166 167 1
167 345 1
167 329 1
168 311 1
168 200 1
168 322 1
168 169 1
169 312 1
169 212 1
170 305 2
170 352 2
170 235 1
170 171 1
171 259 1
171 236 1
172 183 1
172 232 1
172 173 1
173 188 1
173 177 1
174 317 1
174 199 1
175 181 2
175 295 1
175 192 1
175 176 1
176 301 1
176 177 1
177 192 1
177 183 1
178 380 4
178 302 1
178 374 4
178 179 1
181 354 2
181 186 1
181 182 1
182 275 1
182 214 1
183 191 1
184 288 1
184 284 1
184 185 1
185 287 1
185 325 1
185 254 1
186 294 1
186 275 1
187 196 1
188 232 1
188 222 1
189 339 1
189 262 1
189 293 1
189 190 1
190 289 1
190 340 1
190 267 1
191 192 1
193 257 1
193 202 1
193 194 1
194 362 2
194 306 1
194 205 1
195 217 1
196 273 1
196 308 1
196 272 1
198 335 1
198 300 1
198 199 1
199 308 1
199 211 1
200 346 1
200 201 1
201 365 2
201 345 2
201 322 1
202 374 4
202 360 2
202 239 1
203 286 1
203 336 1
203 271 1
203 204 1
204 262 1
205 240 1
205 309 1
206 243 1
206 273 1
206 299 1
206 207 1
208 283 1
208 282 1
208 245 1
208 209 1
209 284 1
209 291 1
209 269 1
211 350 1
211 335 1
212 322 1
212 319 1
212 213 1
213 247 1
213 307 1
214 305 2
216 318 1
216 260 1
216 217 1
217 279 1
218 363 2
218 297 1
218 219 1
219 315 1
219 321 1
220 326 1
220 265 1
220 249 1
220 221 1
221 304 1
221 266 1
221 250 1
222 264 1
222 223 1
223 353 2
224 301 1
224 305 1
224 225 1
225 259 2
225 353 2
225 255 1
226 298 1
226 309 1
226 321 1
226 227 1
227 368 2
227 310 1
227 261 1
228 347 1
228 253 1
228 372 2
228 229 1
229 348 1
229 292 1
232 264 1
233 258 1
233 288 1
233 307 1
233 234 1
234 371 2
234 248 1
234 320 1
235 236 1
236 316 1
236 318 1
238 363 2
238 256 1
238 239 1
239 257 1
240 310 1
240 246 1
240 241 1
241 326 1
241 249 1
242 359 2
242 348 2
242 299 1
242 243 1
244 282 1
244 304 1
244 266 1
244 245 1
245 312 1
246 328 1
246 326 1
247 364 2
247 365 2
247 248 1
248 307 1
249 368 2
249 250 1
250 331 1
251 263 1
251 338 1
251 286 1
251 252 1
252 324 1
252 276 1
253 292 1
253 274 1
253 269 1
254 269 1
254 284 1
254 274 1
255 301 1
256 298 1
256 257 1
257 306 1
10
114 48 1 1
177 88 3 1 2 3
190 45 1 3
318 81 2 2 3
95 80 1 1
351 81 2 1 2
362 98 3 1 2 3
206 78 3 1 2 3
215 34 1 2
183 89 2 1 3
252
1 1 536 336 0.9903012834018674 0.060277704093539906 0
7 52 0 53 1551891 80 1334426 107 2004846 135 1865657 162 2279880 163 0
0
2 2 765 365 0.9998627322029324 0.11421422663666618 0
9 13 0 14 851803 38 728816 62 1366879 87 1713578 111 1687651 135 1895070 159 1368081 160 0
0
3 2 1312 6 0.9856454907824455 0.06672451138867237 0
12 52 0 53 2485660 77 1276016 101 1429514 125 1669813 149 2148282 172 2075772 196 1359010 220 1868174 244 1860734 268 2477822 269 0
1 2
4 1 628 79 0.9947814065686728 0.11499915790071036 0
10 73 0 74 2671892 99 1545236 124 1212596 149 1244392 175 1447430 200 1881819 225 1132808 250 774570 251 0
0
5 1 725 323 0.9992559020050191 0.06254745860991966 0
9 91 0 92 364214 117 322019 142 589346 167 1040931 193 1993280 218 1394436 243 2033934 244 0
1 4
6 1 1110 329 0.9881405529588557 0.03945534254478244 0
13 20 0 21 1735942 45 1585018 70 1070630 94 836825 119 955617 143 853789 167 987971 192 1281377 216 736893 241 940357 265 1676714 266 0
2 4 7
7 3 1425 132 0.9905681887648717 0.037527897471831724 0
8 48 0 49 1029684 75 972492 100 1072257 126 1363848 151 1713862 177 1899768 178 0
0
8 2 715 106 0.9919391720639582 0.1078734821463538 0
10 16 0 17 2140681 42 1527741 66 1337515 91 1841036 115 2009180 140 1852842 164 1683298 189 1925394 190 0
0
9 1 1371 47 0.9842654360982753 0.05327040416748391 0
10 66 0 67 1552139 93 1362916 119 1903660 145 1148877 172 655377 198 586825 224 862221 250 871445 251 0
1 8
10 3 1221 168 0.9980371845362122 0.1263846643047154 0
12 70 0 71 406939 96 399621 121 474772 146 516068 171 608696 197 737789 222 998937 247 1536654 272 2550875 297 1218610 298 0
0
11 3 1229 9 0.9942844279537846 0.08774829568042047 1
11 89 0 90 1837123 116 1759418 141 2690247 167 2012931 193 1630625 218 2028943 244 1374543 269 1760265 295 1424856 296 0
1 10
12 3 732 380 0.9916044727323885 0.10649628170639465 0
11 43 0 44 945421 69 1172170 93 1728662 117 1643173 142 1260661 167 1289788 191 1319247 215 1261082 240 1447921 241 0
1 10
13 2 1399 232 0.9977649171474365 0.11701076851581241 0
10 36 0 37 949875 61 885265 85 1337094 109 2099820 134 2224090 158 1735776 182 1986864 206 1344291 207 0
0
14 1 665 171 0.9883542786019994 0.010425561436757252 0
8 90 0 91 2449067 117 1697823 143 1980823 168 1618856 194 930369 220 1164089 221 0
1 13
15 2 1395 382 0.9939478298512793 0.06158228891585901 0
9 126 0 127 1828075 153 1540805 180 1636098 207 827377 233 1136424 259 792472 286 1002799 287 0
1 13
16 3 818 357 0.9998900967095071 0.05218390483158692 0
12 12 0 13 4861318 39 2014719 65 1170303 90 771735 116 748260 142 445152 168 529505 193 425627 219 349493 245 297329 246 0
1 14
17 2 580 181 0.9836540212384774 0.13527666377264524 0
9 29 0 30 1618229 55 688520 80 1009582 105 805463 129 1068041 154 1828098 179 3015040 180 0
0
18 3 903 146 0.9911176393273664 0.030774729583730696 0
11 97 0 98 2124836 123 3028814 147 2317149 172 1193505 197 919394 221 638642 246 398704 270 558896 295 530915 296 0
2 17 19
19 3 1399 256 0.9920759239089438 0.13324363838324713 0
12 13 0 14 675709 40 806985 66 1056093 92 1170765 118 2136340 143 2634383 169 1895744 195 2806483 221 1872450 247 2802032 248 0
0
20 1 1255 49 0.9918990623641655 0.1336534360289277 0
12 12 0 13 1053740 37 1130436 61 1227753 84 1017055 108 941580 132 1443107 156 1344501 179 1669435 203 2340537 227 1304249 228 0
1 19
21 3 558 204 0.9953491736492762 0.09503736700655663 0
13 19 0 20 2039246 46 1924744 72 1231763 98 1159091 124 800643 151 942944 177 1107391 203 993000 229 999031 255 926068 281 465814 282 0
0
22 1 1319 86 0.9910138700154365 0.0028206097030494203 0
13 11 0 12 728576 38 1374327 64 2601369 90 1436386 116 1419578 141 1183919 167 1208772 193 1264829 219 1602291 245 1099056 271 1242067 272 0
1 21
23 3 1451 334 0.9967422975792181 0.05759230102365863 0
12 29 0 30 2684483 56 1921922 82 1826053 108 1709169 134 1409151 159 1212195 185 1150706 211 887808 237 1235188 263 1459795 264 0
1 22
24 2 1230 42 0.9823103456465132 0.13312008552322763 0
15 3 0 4 487453 28 448049 52 406569 76 636461 100 795307 124 709188 148 1187661 172 1135691 196 831593 220 700573 244 1636052 268 1713151 292 1303611 293 0
1 23
25 1 1319 355 0.9912487601969074 0.03509973642895254 0
11 28 0 29 4364110 54 2615212 79 1613978 104 1075854 129 1163131 155 834922 180 760990 205 917439 230 522477 231 0
0
26 3 526 232 0.9947863747133374 0.03553957784867487 0
12 45 0 46 1114608 72 1045809 98 693801 124 1107748 150 932799 175 2129307 201 2672367 227 1986377 253 1518355 279 996130 280 0
1 25
27 2 994 239 0.988528100793092 0.03730278696929823 0
12 43 0 44 1786611 69 2007240 93 1719254 118 1190715 143 1778210 167 2211748 192 988175 217 724691 241 426724 266 205388 267 0
0
28 2 1143 116 0.9858004603873488 0.07198748697053124 0
15 1 0 2 1446016 26 1064696 51 1598593 75 1530383 99 1520698 124 1597918 148 1068455 172 678556 197 630353 221 654495 245 946602 270 561567 294 498840 295 0
0
29 3 1321 150 0.9991209430166759 0.11595904140899525 0
13 0 0 1 1375186 27 1018788 52 1314345 77 2493379 103 2579099 129 2302164 154 1864034 179 1912893 205 1485942 231 1262348 256 1889599 257 0
0
30 2 540 238 0.9939947280613202 0.0609480451068533 0
7 32 0 33 1810372 58 1687024 83 1036999 107 1751991 132 1935812 133 0
2 29 31
31 2 515 314 0.9860078472391329 0.11099154095106133 0
9 146 0 147 1475893 172 1485888 197 1320300 223 994474 248 602364 273 407447 298 445469 299 0
0
32 2 588 379 0.9890463932677099 0.09285297724475615 0
10 88 0 89 1451126 113 1408062 136 1350806 160 2048851 184 2518633 208 2167628 231 2341587 255 1449646 256 0
0
33 3 1209 53 0.9994593112099615 0.14490967854644035 0
13 10 0 11 1713299 35 1514495 60 1393517 84 1589822 109 2203407 133 1116599 157 1048180 182 830591 206 535636 231 364924 255 261817 256 0
2 32 34
34 3 1031 45 0.9940798076267249 0.14914680205932973 0
14 24 0 25 574879 50 544224 75 472654 99 584257 124 1003569 149 1458453 174 1032139 199 1390282 224 744872 248 2001793 273 3722880 298 4192324 299 0
0
35 2 1201 80 0.987376265569905 0.12844439536038968 0
7 140 0 141 1485696 169 657005 197 1143291 224 907503 252 2301971 253 0
0
36 2 543 200 0.9939987654974632 0.10890616555569581 0
13 38 0 39 1922620 65 1809314 91 1300152 117 1047152 143 931625 169 1123048 196 1425781 222 1263550 248 728728 274 376810 300 530531 301 0
2 35 38
37 1 544 89 0.9988873401846686 0.05450943621021242 0
9 90 0 91 705517 117 891216 142 1017861 167 1800042 193 2221284 219 2518745 244 1783387 245 0
1 35
38 2 668 33 0.9958376045445854 0.09369866195770274 0
11 82 0 83 1906113 107 1567544 131 2008307 155 1563483 179 1571716 204 1866610 228 1531884 252 1844485 276 1226639 277 0
0
39 1 1489 302 0.993351642456827 0.11916949559676712 0
10 33 0 34 2022744 61 1365110 87 1302107 114 660124 140 515939 167 636165 193 590264 220 1081967 221 0
0
40 2 656 122 0.9940392792201163 0.035141163955785565 0
11 49 0 50 1289630 74 1440751 99 1586012 123 1860601 147 2449545 171 1583256 195 1513392 220 693014 244 459032 245 0
1 39
41 3 564 141 0.9835555480480856 0.06655604496078543 0
13 2 0 3 546775 27 735991 51 1056819 75 700146 99 755511 123 672147 146 1001462 170 1411787 194 1362090 218 1550342 242 3186814 243 0
1 39
42 1 513 129 0.9914279881139614 0.09522818483149402 0
14 13 0 14 2879897 39 1894176 64 1071308 90 983782 115 844070 140 1021364 165 1460860 190 1090067 215 672437 241 869923 266 759618 291 498407 292 0
3 39 40 41
43 3 837 110 0.9921726838641559 0.06796046900287336 0
10 107 0 108 2169283 132 2287956 156 1380715 180 1749854 204 2066611 228 2122982 252 2021898 276 1683260 277 0
0
44 1 1396 319 0.9844198136660998 0.029474295015043603 0
10 97 0 98 803731 122 893476 145 1067914 169 887852 193 1521126 217 1552930 240 1472557 264 2371685 265 0
1 43
45 1 847 125 0.9830373205425873 0.12703794763012913 0
11 40 0 41 1278391 66 1269215 92 1676698 117 1237135 143 779485 168 697925 193 1408006 219 1410674 244 2566690 245 0
0
46 1 988 228 0.9816273543054724 0.09617209516202373 0
12 51 0 52 1806291 76 1958961 99 1278504 123 2544499 146 1926536 170 1521939 193 1231573 217 1452083 240 1273856 264 1093487 265 0
1 45
47 3 1380 375 0.9864859447270723 0.12482409130287245 0
11 31 0 32 729288 57 776033 83 1213362 108 1338512 133 2522207 158 1861726 183 1309795 209 1101686 234 1233814 235 0
0
48 3 526 325 0.990947650571708 0.014406790940483043 0
14 13 0 14 2580277 40 1791541 66 1295293 92 936478 118 1510905 144 1683160 170 1906216 196 1920868 222 1502738 248 1258019 274 1389217 300 1534151 301 0
1 47
49 1 859 108 0.9920065369159349 0.09238491887880948 0
10 58 0 59 608224 85 751508 111 1163611 137 1285534 164 1949678 190 2081700 216 2435204 242 1874966 243 0
0
50 3 894 65 0.9990667436639523 0.0013169890595203459 0
13 35 0 36 4409916 61 2486060 87 1817306 113 849018 138 967148 163 924904 189 702156 215 559994 240 921879 265 986765 291 1146867 292 0
1 49
51 1 644 313 0.9833302971471745 0.13946911795547998 0
11 86 0 87 1670767 111 1939334 135 1899802 159 1130767 183 1181250 208 1020304 232 601026 256 775419 280 646872 281 0
2 49 50
52 2 1402 196 0.9933525706057378 0.14184146146026586 0
15 1 0 2 849285 27 644356 51 545958 76 753377 101 979668 125 1265901 150 1445411 175 2090758 199 1700950 224 818911 249 711487 273 409288 298 435763 299 0
2 49 50
53 3 742 59 0.9825824970914631 0.031044169850361247 0
7 20 0 21 1052204 46 1361258 71 915275 95 1166662 120 523089 121 0
0
54 2 1253 109 0.982039705543269 0.03961916538497439 0
7 84 0 85 614456 111 1029075 136 1158265 161 1950345 187 3120045 188 0
1 53
55 2 972 299 0.9833647711544841 0.14489157811634207 0
8 49 0 50 1268391 73 1483166 96 1998167 120 1513556 143 978424 166 1355725 167 0
0
56 1 1150 381 0.98873436236999 0.12921206734230908 0
9 29 0 30 575389 57 650063 83 1102606 109 1793484 136 1124145 163 1177399 189 1266635 190 0
0
57 3 1375 138 0.9951519648277534 0.13936070040493634 0
8 108 0 109 1892452 135 1581938 161 1469224 187 1014413 213 913965 239 1013221 240 0
0
58 3 1179 110 0.989392749502551 0.13967578261022387 0
8 75 0 76 822038 101 1022801 126 1358571 150 2053802 175 2238419 200 2652738 201 0
1 57
59 3 667 71 0.9866978430668296 0.08841899590991459 0
12 20 0 21 2257887 47 1696036 73 1272798 100 1227392 126 2138372 152 2619009 178 871616 205 1183475 231 1998905 257 3051382 258 0
0
60 1 542 311 0.9918873802872213 0.11572886227278643 0
10 38 0 39 1623219 63 1058342 88 1178710 112 1024585 136 1523874 160 2407250 185 1266726 209 1728791 210 0
0
61 2 1161 14 0.9905501333350863 0.0636341990763932 0
10 62 0 63 416211 87 797242 110 1111083 134 765811 158 1829379 182 1782515 205 1209152 229 968603 230 0
1 60
62 2 1481 364 0.9920041058516967 0.03185329001627255 0
13 17 0 18 3249025 43 2469640 69 2131216 95 3063584 120 988150 145 744190 171 510483 197 1411661 222 1252987 247 1161039 273 832252 274 0
0
63 2 1028 29 0.9893947172955877 0.05586406292356842 0
8 150 0 151 3436527 176 2093140 201 1141154 226 917465 251 896132 276 927125 277 0
2 62 61
64 3 1489 53 0.9810649617757831 0.07379928127092913 0
9 36 0 37 967212 63 1628063 90 2044395 117 2399763 143 2114255 169 1260000 196 949309 197 0
0
65 2 694 27 0.988871142176679 0.06508706714746322 0
13 9 0 10 861469 36 916047 61 2652658 87 1068965 113 1170595 139 711383 164 760977 190 1299307 216 1301000 241 2020562 267 3006980 268 0
2 64 67
66 3 1331 295 0.9826696069147535 0.09091016024766409 0
8 83 0 84 2249551 108 2413637 132 1874820 155 1159211 179 1978897 203 1777177 204 0
3 64 67 65
67 1 1265 241 0.9918188197686851 0.10152565458060771 0
10 122 0 123 734181 147 780510 172 1126731 196 962743 221 1325762 245 1479595 270 1154822 294 2346816 295 0
0
68 2 769 123 0.9833023534288409 0.07985722363958556 0
10 18 0 19 1521540 44 966608 69 1489896 94 1164880 120 1218929 145 1075245 170 1085060 195 682750 196 0
0
69 2 1465 5 0.9902349722023461 0.014798172363275507 0
9 70 0 71 864676 97 789760 122 1539484 147 2220408 173 2148941 199 2041135 224 1403015 225 0
1 68
70 1 1358 367 0.9878826261373214 0.05516548152460717 0
10 44 0 45 1789647 71 1580247 97 1587140 123 1384289 149 960942 175 1411905 201 1226482 227 1215970 228 0
0
71 3 599 310 0.9840298885146881 0.1457756887340061 0
8 52 0 53 725971 77 1117707 101 1675329 126 1163991 150 1447453 174 1254975 175 0
1 70
72 3 834 34 0.9830712542351023 0.110726234181583 0
10 62 0 63 1254962 86 831491 110 1153994 133 1302245 157 1261695 180 1092275 204 1353838 227 873469 228 0
0
73 3 848 190 0.9959877576188867 0.12950182997809795 0
11 49 0 50 2264113 76 2556481 101 1606516 127 1603469 153 965051 179 842526 205 667322 230 1412222 256 806102 257 0
1 72
74 1 949 162 0.9935021349584454 0.14918225786922612 0
7 165 0 166 1012360 192 1172580 218 1502656 244 2141175 270 2711513 271 0
2 72 73
75 3 1134 359 0.9918697299348358 0.0195513015439855 0
9 25 0 26 463847 52 523501 78 1184652 103 1861952 129 1886952 155 2491160 181 2252979 182 0
0
76 2 1003 221 0.9891320982067392 0.058668714944596745 0
14 13 0 14 1239986 40 1329236 66 2164455 92 1795780 118 2068811 144 2232982 169 1736900 195 1817767 221 2021460 247 1654043 273 2235932 299 1922172 300 0
0
77 3 784 119 0.986013672104537 0.06894512645104249 0
14 0 0 1 1084394 27 979391 53 920283 79 960052 105 1496106 131 2425109 156 1904113 182 2496225 208 1978518 234 2185783 260 1714642 286 1499317 287 0
0
78 2 1096 25 0.9984445385100944 0.1158241572600866 0
8 30 0 31 1459499 57 1587206 84 1966794 110 1748205 137 1500011 163 887225 164 0
1 77
79 3 1005 124 0.9803936600813985 0.08704631150937125 0
14 35 0 36 770178 60 506555 84 913197 108 1680021 132 942123 156 1033997 180 757369 204 917511 228 1179384 252 1615982 276 1620306 300 661794 301 0
0
80 3 1471 141 0.9957572848474272 0.05142039721425599 0
11 81 0 82 1007007 108 1171942 134 1892468 160 1983195 185 2750657 211 1977930 237 1357667 263 1991053 289 1766347 290 0
1 79
81 1 627 179 0.9804877358746455 0.026655606236778057 0
9 114 0 115 1071157 138 1479768 161 1551716 184 1320748 207 1748748 230 1824772 253 1584058 254 0
1 79
82 2 991 190 0.9903535092444214 0.06812808724889688 0
9 54 0 55 402464 81 555417 106 304703 131 571009 157 1156953 183 1604229 208 1670360 209 0
0
83 2 1128 298 0.9994845822678949 0.14832473350618997 0
12 39 0 40 1497120 64 1568203 88 1786462 113 551128 137 725863 161 728282 185 988860 210 876838 234 923667 258 664250 259 0
1 82
84 2 603 363 0.9872173903578609 0.10052737806245532 0
8 115 0 116 1478837 141 1205583 167 1963210 192 1388181 218 933398 243 923734 244 0
0
85 1 796 171 0.9941909255892414 0.037235923943081686 0
14 1 0 2 751934 27 1912793 53 1717637 78 1486399 103 2141294 128 2902654 154 2442231 179 1277361 204 1242313 229 1073714 255 1456848 280 1125499 281 0
0
86 3 1121 374 0.9930667696309604 0.0020243796749251698 0
9 125 0 126 1458328 151 1702612 176 2014392 201 1484860 227 1762922 252 2492108 277 1986153 278 0
1 85
87 2 1203 165 0.9976046719625029 0.06625800691991174 0
8 135 0 136 1099799 160 932305 183 1169220 207 1784613 230 1577858 254 1916752 255 0
0
88 1 901 285 0.995699630141027 0.09429775089094276 0
10 43 0 44 2234135 70 1799043 96 1263561 122 1236112 148 1665617 174 1737027 200 1488215 226 2496045 227 0
1 87
89 1 996 282 0.9882621335200767 0.05709482677718836 0
10 89 0 90 2383041 113 1715693 136 1077237 159 906174 183 1164733 206 1500642 229 2073037 252 1388094 253 0
0
90 1 826 373 0.9800072461897801 0.11082222853908005 0
8 98 0 99 950128 122 1229599 145 1202584 169 1118933 192 699905 215 953581 216 0
1 89
91 2 1313 107 0.9847798104256803 0.031328148239539624 0
10 81 0 82 1857941 108 2181233 135 2069641 161 2174588 188 1272338 214 1648902 241 1275576 267 2465552 268 0
1 90
92 3 1408 228 0.9947861835527267 0.11840658895663972 0
8 15 0 16 842646 42 815602 69 769991 95 757889 122 1359426 148 2789790 149 0
0
93 1 1025 199 0.9862330778591141 0.1400553665735278 0
14 14 0 15 1055120 40 1210484 65 1488613 91 2509500 116 2031549 141 1495212 166 790306 191 880737 216 1387940 242 1563869 267 1886223 292 2183434 293 0
0
94 3 523 230 0.9833071745731596 0.08574273837011731 0
9 112 0 113 2090628 137 1369623 161 1566023 185 2457037 208 1316271 232 1713879 256 2699570 257 0
1 93
95 2 529 143 0.9811853089157176 0.07521874857431336 0
8 100 0 101 1281952 124 750688 147 1220108 170 1665310 193 1579534 216 2348914 217 0
2 93 94
96 2 1189 112 0.989102862518854 0.0025412273191621703 0
14 8 0 9 2316226 35 1432306 61 1641610 86 2450644 112 2070249 138 2037097 164 1318758 190 1139500 216 1170689 241 959185 267 1089168 293 1641129 294 0
0
97 1 1305 110 0.9930451268791675 0.11518477502442295 0
11 56 0 57 1339287 83 1136198 109 1326913 135 1011562 161 1003665 187 848517 213 1129100 239 1991840 265 1045243 266 0
0
98 3 708 141 0.9881061739244454 0.01751760290016356 0
13 34 0 35 3162312 60 1514855 86 1296990 111 1384055 137 1582673 162 1757819 187 1623366 213 1436161 238 1110781 264 994560 289 973347 290 0
1 97
99 2 1497 65 0.9854471778524001 0.14659607768007557 0
10 82 0 83 1149624 108 1015632 134 1295150 159 1286408 185 1412039 210 1445968 236 1542693 261 695743 262 0
2 97 98
100 3 755 201 0.9954951855863498 0.01666282768045262 0
12 65 0 66 1773323 91 1401118 116 1594234 141 1572504 166 2038708 192 1402651 217 925347 242 1889050 267 1638573 292 1286349 293 0
0
101 2 763 14 0.9829375282362142 0.10220417155336266 0
10 36 0 37 1553157 62 821067 88 2168543 113 1317457 138 1103439 163 680211 189 949531 214 493992 215 0
0
102 3 863 200 0.9829429343807268 0.05510068540137338 0
7 28 0 29 1071832 57 1355390 85 2069369 112 1426431 140 1654870 141 0
1 101
103 2 787 104 0.986382525126114 0.09208290940811056 0
8 110 0 111 744275 137 1019387 164 1164777 190 911306 217 1799980 243 2069719 244 0
1 102
104 1 1396 154 0.9835952489498704 0.08617834223731574 0
10 70 0 71 1298074 96 1598051 122 2119063 147 1729413 172 1293673 197 1432897 223 1545472 248 1435955 249 0
0
105 1 1162 133 0.9896333169518425 0.14278188339790324 0
14 17 0 18 3787368 43 1915786 67 1450736 92 1502632 117 1372490 142 1600117 166 1391829 191 791060 216 1054480 241 1147463 265 858025 290 1129847 291 0
1 104
106 3 1384 200 0.992387763843769 0.14688297077919207 0
10 101 0 102 649116 125 702083 148 799294 171 1091742 195 903227 218 1249138 241 1340453 264 1168880 265 0
1 104
107 3 538 54 0.9949362797060157 0.1021421083420866 0
9 76 0 77 1468493 100 1455491 124 1618327 147 2285164 170 1715913 194 1760643 217 2775531 218 0
0
108 1 1151 371 0.9806313726222196 0.10067146066297988 0
11 31 0 32 671324 56 1035388 81 438574 105 578495 129 731651 154 1139173 178 1261859 203 1358712 227 1565619 228 0
1 107
109 2 1154 76 0.9988867824190879 0.11786848050206614 0
7 167 0 168 1467971 193 1668667 219 2310772 244 2268622 269 1576576 270 0
2 107 108
110 1 1317 190 0.9826825429881364 0.10220221571031707 0
8 20 0 21 2246145 46 2178658 71 1736089 95 1587288 120 1502592 145 2257957 146 0
2 108 109
111 2 1223 5 0.9920764579309068 0.13668100413189796 0
14 16 0 17 388353 42 726626 68 509671 93 625966 118 812189 144 580125 169 1400791 195 1144572 220 1169524 245 1771265 271 2092600 296 2860416 297 0
0
112 2 1216 316 0.984932927551848 0.023282482806577864 0
10 82 0 83 2096865 108 1343416 133 1100665 158 687909 183 1413111 208 1147230 233 1465043 258 1340788 259 0
1 111
113 2 1099 305 0.9922371355906648 0.13335778279902374 0
15 0 0 1 680462 25 650251 49 617074 74 469306 98 766402 122 619912 147 687253 171 1058347 195 739334 219 699451 243 1094284 268 1891608 292 3882820 293 0
0
114 3 621 188 0.9897077381942362 0.0900990616507411 0
13 26 0 27 1386680 53 1109018 78 411130 103 551547 129 898804 155 1701366 180 1635205 205 1569364 231 977930 257 990184 282 912849 283 0
0
115 1 1015 264 0.9809410077162055 0.12994540201695354 0
8 135 0 136 852868 159 1098768 182 1621821 205 2402082 228 2742914 251 2086824 252 0
0
116 3 694 282 0.9928363207901847 0.031598626206080324 0
10 63 0 64 2295795 89 1716722 114 1869309 139 1433038 163 1758298 188 1035315 213 1436403 238 1996448 239 0
1 115
117 2 747 131 0.9962599834532845 0.10411497519539771 0
8 51 0 52 1133002 79 1250903 105 1180023 132 1649590 158 2262170 185 2234766 186 0
3 115 116 118
118 1 814 200 0.996652801337852 0.13732197151614917 0
7 122 0 123 1474249 149 1323035 175 1091321 200 785462 226 1244387 227 0
1 116
119 2 1432 76 0.9858963801073649 0.0071842443046613354 0
8 64 0 65 1097024 91 1198470 117 1490889 142 1753252 168 2439796 194 1608495 195 0
0
120 1 1157 231 0.983763412126843 0.001175577311196002 0
13 29 0 30 431641 54 563106 78 635374 103 1252463 127 1212387 151 2004901 175 1456373 199 1342771 224 1642583 248 978976 272 1506811 273 0
1 119
121 2 1229 176 0.9991888055220137 0.0021783204164895873 0
11 61 0 62 2316747 88 2760139 115 2090772 141 1337764 167 979297 193 938064 219 383252 246 401939 272 596463 273 0
0
122 2 1451 127 0.999035594899754 0.07999825062812686 0
14 8 0 9 2071884 33 2634073 58 1156663 82 1071424 106 1220777 130 685458 155 650918 179 1242735 203 1673560 227 1678653 252 3614302 276 2414704 277 0
1 121
123 2 817 335 0.9961813593137789 0.10643507790500369 0
8 7 0 8 1353234 32 1445898 56 1455472 81 1490597 105 865442 129 484751 130 0
2 121 124
124 3 1081 292 0.9966004233857632 0.012766376342646213 0
15 0 0 1 1036048 25 1668390 50 1703324 74 1299609 99 2285219 123 1531072 147 1291553 172 1271948 196 1208034 221 820952 245 765274 270 1134382 294 2517085 295 0
0
125 2 590 190 0.9999059323372175 0.08460642515117071 0
15 0 0 1 3259930 25 1926579 49 2105306 73 2666907 97 1669080 121 1844371 145 1696778 170 825851 194 708561 218 925904 242 1089174 266 1307669 290 2694705 291 0
0
126 3 1270 252 0.987766745850782 0.04992159328888422 0
10 33 0 34 1282967 58 1709252 82 1344586 106 1269796 130 1225346 154 2805204 178 1947648 202 2630186 203 0
0
127 1 825 84 0.99147949478569 0.12431245377732045 0
12 51 0 52 2214397 78 1590582 103 1498962 129 1028324 155 1265259 180 1933138 206 2523035 232 1961739 257 2247792 283 1726848 284 0
1 126
128 3 1310 45 0.993241136515017 0.01190230628134457 0
14 4 0 5 1565145 31 1843053 56 2061175 82 1742071 107 1956311 133 1815262 158 1231569 184 1126118 209 965293 235 526957 260 395933 286 343679 287 0
0
129 3 1478 36 0.9831739834239149 0.00890994601774297 0
11 59 0 60 3436443 85 3011898 109 2576684 134 1881849 159 1119505 183 962098 208 599752 232 324056 257 303189 258 0
1 128
130 2 1210 377 0.9976080506864472 0.057137186593741784 0
12 38 0 39 868342 64 793002 89 680636 113 1445971 138 1526787 163 1859245 188 1886015 212 1428208 237 2078509 262 2412702 263 0
3 128 131 129
131 2 1432 31 0.9840536612229416 0.09843791862532768 0
13 18 0 19 1322716 44 1038440 68 986711 93 638780 117 661374 142 713442 167 1158672 191 631611 216 829456 240 1335288 265 1721384 266 0
0
132 2 952 126 0.983093327588488 0.14477246705141217 0
12 62 0 63 1479532 89 916838 115 1075428 140 802301 166 756222 192 864520 218 965174 243 1108499 269 1149897 295 1276522 296 0
0
133 1 974 346 0.9834839586580293 0.13604326237663925 0
12 14 0 15 1148661 41 797552 67 703143 93 975386 119 1803482 144 1880532 170 2169351 196 2060521 222 1378053 248 1987520 249 0
1 132
134 3 669 157 0.9836697882618595 0.019406579960439572 0
12 21 0 22 3743725 48 2404965 74 1496076 99 1249204 125 1175793 151 1199225 177 1101666 202 1050282 228 1146279 254 1002249 255 0
1 132
135 3 1446 210 0.9876445060464699 0.11387185673825229 0
9 115 0 116 929976 143 945480 170 1313245 197 1004429 223 1192609 250 1584255 277 1468732 278 0
0
136 3 1033 241 0.9824455585752943 0.14370292448816255 0
14 7 0 8 309899 32 538384 57 510648 81 868384 105 998669 129 1061906 154 1417659 178 1081621 202 1211027 226 1624228 251 1859912 275 1835249 276 0
2 135 137
137 2 1296 277 0.9951002771600066 0.005091810146481112 0
9 149 0 150 895066 173 1392348 197 1026611 221 1571719 244 1796534 267 1996177 291 2320835 292 0
0
138 2 1444 192 0.9853177694430577 0.08103980795226066 0
10 39 0 40 418258 64 443401 89 472597 113 611446 138 1011953 162 1557366 187 1945585 211 1834086 212 0
0
139 2 1154 150 0.9933867073790698 0.11334787279546499 0
8 141 0 142 3204311 168 1949417 194 1299853 219 1356521 245 1307188 271 2010817 272 0
2 138 140
140 2 651 133 0.996594379423518 0.06208390389776276 0
14 3 0 4 1685627 30 2558509 56 2213015 82 953961 108 926931 134 661970 160 688376 186 414238 212 863426 238 980269 264 1293437 290 1533986 291 0
0
141 2 1313 153 0.9966983342836537 0.00800137851900513 0
11 83 0 84 1545742 108 1174495 133 1309758 157 1244515 181 1028356 205 1162992 229 955561 254 943045 278 790625 279 0
0
142 1 1264 266 0.982509345374375 0.11864616695299209 0
11 68 0 69 1856463 95 1479817 122 2856911 148 2388294 175 1752634 201 1866104 227 1522291 254 1080768 280 933837 281 0
1 141
143 3 892 350 0.9837837128221456 0.09439891274230355 0
14 1 0 2 2838932 28 3667738 54 1740496 79 1057088 105 1606509 131 1295139 157 1269093 183 940046 209 650804 234 494720 260 434821 286 250549 287 0
0
144 1 1102 183 0.9894748743700434 0.06206622357143221 0
12 30 0 31 218696 56 151614 81 220288 107 335689 132 566415 157 1054178 182 1060173 208 1399474 233 1991102 258 2516457 259 0
1 143
145 3 508 53 0.9952571563702141 0.06968348409754276 0
8 45 0 46 1818014 69 2092406 92 1580965 116 2280301 139 1647978 162 1043022 163 0
0
146 3 1220 88 0.996785559335635 0.04575598663776648 0
12 41 0 42 971982 67 1528703 93 1149886 118 1185264 144 931286 169 1310518 195 1916124 220 2534006 246 2612342 271 1774911 272 0
0
147 1 968 294 0.9999108167354505 0.1183790919680603 0
15 0 0 1 687787 26 894514 51 986987 75 879841 100 996674 125 1781154 150 1923087 175 1580374 200 2187341 225 2198954 249 2342448 274 1044784 299 1078704 300 0
1 146
148 1 1183 47 0.9814922872809686 0.14778564484485565 0
13 12 0 13 1213707 38 1346150 63 1846570 89 1398217 114 992693 139 1049901 164 657904 189 463534 215 689479 240 1005527 265 721163 266 0
1 146
149 3 989 218 0.9821406556781962 0.03573733570350507 0
12 62 0 63 2749456 88 1554421 113 809761 138 736871 163 519061 187 677670 212 490532 237 493553 262 588284 287 480538 288 0
0
150 3 1097 205 0.9806705547554441 0.1419743193110502 0
7 49 0 50 749163 77 961050 103 860964 130 1402623 157 982380 158 0
0
151 3 940 211 0.9959652700684578 0.051207899721706675 0
15 6 0 7 935236 31 1059707 55 1211918 79 1336406 103 1092701 127 782907 151 1310951 175 1628447 199 1525979 223 1448109 247 1192776 271 678257 295 886431 296 0
1 150
152 2 1114 90 0.9811808658997522 0.052398431594251366 0
10 81 0 82 172964 108 334814 135 450902 161 876755 187 1263556 213 1597129 240 2135250 266 2269600 267 0
1 151
153 3 1046 132 0.9829605712529599 0.05240723176893273 0
8 49 0 50 1255722 76 1318297 103 1368361 129 1244528 156 924259 182 708848 183 0
0
154 2 737 306 0.9809001726154881 0.10764150651096316 0
11 72 0 73 1259167 97 1409552 122 1467692 146 1155237 171 851632 195 1023794 219 1172125 244 924813 268 960652 269 0
2 153 156
155 1 1359 13 0.9969237346165102 0.13088904084425723 0
11 96 0 97 2090485 121 2330461 145 2792177 168 2653707 192 1544273 216 1080598 239 1770399 263 1867763 287 858327 288 0
2 153 156
156 2 904 254 0.9821505181683066 0.030084084173361607 0
10 17 0 18 1840001 41 2454521 65 2797668 88 1154568 111 1013995 134 729226 158 1095532 181 1530351 182 0
0
157 2 722 375 0.9894671870281665 0.08922729439301277 0
10 91 0 92 2641073 115 1589706 139 678163 162 708920 185 574335 208 511999 232 813038 255 631541 256 0
0
158 2 1436 256 0.9826613522897939 0.03567598556113955 0
15 4 0 5 661188 29 680472 54 459247 78 794775 102 1185176 127 2634048 151 3619815 175 2667633 200 1734935 224 1978776 248 1164403 273 617736 297 396750 298 0
1 157
159 2 573 271 0.9842569177964542 0.0806134092528568 0
11 15 0 16 407169 41 593158 65 782189 90 899413 115 1401286 139 1459352 164 1169839 188 1348488 213 1229600 214 0
2 158 160
160 3 985 370 0.9865875904069316 0.014543855184883174 0
12 59 0 60 2788581 84 1721534 107 1520779 131 2093417 155 2366218 178 1849807 202 914929 226 547780 249 761890 273 1198839 274 0
0
161 1 606 204 0.9835014936622244 0.0012449977536616974 0
7 153 0 154 1196615 181 1160387 208 2395320 235 1544240 262 1917026 263 0
0
162 1 1297 40 0.997454179051404 0.007279165127390452 0
8 144 0 145 520362 168 813742 190 738382 213 676130 235 1694711 258 1472204 259 0
0
163 2 978 251 0.9934465866217824 0.11631038699512711 0
9 75 0 76 1423185 101 895716 126 849696 151 514461 177 785346 202 1550229 227 1461098 228 0
1 162
164 1 753 284 0.9825537289695899 0.03120781872343995 0
14 5 0 6 2189107 32 1944494 57 891653 83 871203 109 1007195 134 779577 160 534667 185 508898 211 397493 237 655454 262 860689 288 1001585 289 0
0
165 3 1396 31 0.9949959998692443 0.13522297620419815 0
13 6 0 7 1600779 32 2081601 58 1704614 83 966227 108 758850 133 674980 159 543980 184 469198 209 624802 235 553740 260 663226 261 0
1 164
166 2 955 134 0.994600647688851 0.088473337660905 0
8 79 0 80 1894264 107 1552847 134 1171943 161 1044249 188 978367 215 895992 216 0
0
167 1 531 355 0.9823140553668541 0.14609317469982763 0
15 0 0 1 585708 25 895643 50 854059 75 645734 99 846426 123 986407 148 1053005 173 840048 197 730822 221 812181 246 1428095 271 3219671 295 5493386 296 0
1 166
168 3 1014 267 0.9800396154170916 0.1221003298385458 0
11 97 0 98 1536422 123 1732004 149 1190492 174 1176721 199 1739371 224 1972930 249 1873185 275 1730569 300 2426861 301 0
0
169 3 724 251 0.9873989834200532 0.13677235415169803 0
10 109 0 110 1427816 136 1620972 162 2170145 188 2465397 213 2490237 239 2063553 265 1578024 291 1689808 292 0
1 168
170 2 1005 309 0.9992473294092054 0.10302160550847721 0
13 32 0 33 2449493 58 2066861 84 1514578 109 1179006 135 740300 160 398671 185 381229 211 551365 236 764023 262 668059 287 536186 288 0
2 168 169
171 3 714 353 0.9850447046777814 0.14127456877301514 0
10 1 0 2 2290073 26 2922341 49 3354431 73 1026060 97 923680 121 770385 144 831405 168 689849 169 0
1 170
172 3 1251 351 0.998599375079704 0.07092010733147677 0
13 41 0 42 747510 68 899719 93 1080264 119 1463975 144 1163949 170 1909053 196 2199210 221 2051866 247 2139414 272 1585402 298 1551920 299 0
0
173 3 1081 48 0.9844554504240209 0.08023544840957496 0
9 101 0 102 2754548 127 1362532 152 1780112 177 1111437 203 763725 228 636064 253 826455 254 0
1 172
174 3 870 365 0.9849708287816796 0.10076836321662434 0
7 162 0 163 923571 191 1300739 219 1380611 246 1044870 274 810244 275 0
2 172 173
175 2 1337 175 0.9943972828962553 0.06012554787945972 0
12 32 0 33 2107996 57 1307866 80 1874967 104 2062916 128 1377898 151 1210253 175 875781 199 1054969 222 652886 246 500356 247 0
3 172 173 174
176 1 949 243 0.9879265577094605 0.11147898097767565 0
15 2 0 3 902615 28 971134 52 1303152 77 1469391 102 1329918 126 1098904 151 758691 176 806896 200 1173655 225 1018948 250 1348590 274 3735937 299 1786029 300 0
0
177 3 839 245 0.9879685042594665 0.05529879548221595 0
12 4 0 5 710493 30 656347 55 634617 80 451822 105 630444 131 1025249 156 1089350 181 1683403 206 1638397 231 2875493 232 0
2 176 179
178 3 794 192 0.985900436326952 0.00606939291822643 0
13 43 0 44 1539428 68 1098328 92 621084 115 673808 139 783323 163 924370 187 994913 211 1038537 234 794122 258 1142951 282 1221979 283 0
2 176 177
179 2 1339 38 0.9896630127168362 0.1431203018477742 0
10 82 0 83 2753564 110 1664879 136 870234 163 978440 189 599519 216 712744 242 926176 269 566334 270 0
0
180 1 1423 356 0.9961017390765593 0.019120012893958992 0
13 32 0 33 823000 59 1287353 84 1347886 110 1858987 135 1766722 161 1769330 187 1328589 212 1324554 238 1081502 263 1358973 289 1593061 290 0
0
181 1 1047 196 0.9885209118120307 0.04867165610140496 0
9 104 0 105 2083359 128 1901292 151 926505 173 1008735 196 939953 219 732707 242 541178 243 0
2 180 182
182 3 832 6 0.9871342908413748 0.1259756953659572 0
9 30 0 31 1069495 57 1205966 84 1220428 111 1342755 137 1012412 163 1245687 190 1838498 191 0
0
183 3 1269 8 0.9889239272300898 0.04463849579934138 0
9 62 0 63 1266770 87 920802 111 1020760 135 2052816 159 2283098 183 1911215 207 2130971 208 0
0
184 2 920 197 0.9844630182531062 0.0796941475647135 0
13 6 0 7 783661 31 508355 56 951017 80 863231 104 719958 129 792191 153 570082 177 641300 201 1137985 226 1457763 250 2114420 251 0
2 183 186
185 2 1411 140 0.9956810243789347 0.06113455479062909 0
8 58 0 59 1056360 84 1607374 110 1959349 135 1366087 161 1058188 186 1089285 187 0
0
186 3 1306 300 0.9914308889808687 0.06189969844636528 0
12 51 0 52 1419130 78 1082352 104 1215182 130 1758440 156 1744244 183 1097622 209 1026179 235 893607 261 606978 287 622977 288 0
1 185
187 3 1222 24 0.9993140709307317 0.06398001851465816 0
8 16 0 17 1476486 41 882925 65 1065638 88 869686 112 1178285 136 1272359 137 0
0
188 1 859 380 0.9817313418849618 0.025744264043286506 0
13 51 0 52 1040043 77 866716 101 600868 126 628237 150 607179 175 1428697 200 1805592 224 1789831 249 2095908 273 2302655 298 2324143 299 0
1 187
189 1 1015 348 0.9821501544972422 0.04229787622017247 0
10 28 0 29 1184248 55 1631209 81 1338425 107 1897419 132 1727720 158 1841451 184 2737499 210 1679756 211 0
0
190 2 531 371 0.9901293592726501 0.020226746386987644 0
11 41 0 42 1359568 66 1461705 89 1419703 113 1027093 137 1084168 161 1284758 185 1516487 208 1658027 232 2382976 233 0
1 189
191 2 576 138 0.9801351021789135 0.06541462372504218 0
13 46 0 47 2425427 71 1709205 96 1737904 120 1485388 144 2314777 169 1883349 193 1848002 217 1446088 241 1055559 266 1152389 290 1968617 291 0
1 189
192 2 1461 33 0.9989247903325833 0.14580343499250462 0
13 48 0 49 999177 73 822745 96 1121647 120 1007048 144 1168495 167 1926481 191 2411821 215 1928136 239 2247233 262 2677759 286 2178561 287 0
0
193 2 534 98 0.9837499631158566 0.02606830817920382 0
10 59 0 60 1437429 85 905751 109 1351008 134 1379080 159 1412103 184 1689554 208 2002791 233 2842089 234 0
3 192 194 195
194 1 1120 188 0.9878419235501479 0.029524006789054157 0
8 134 0 135 2861428 159 2192172 183 1863319 207 1263666 231 1208677 255 1307046 256 0
0
195 2 1175 102 0.9902047801235629 0.0006764627217602403 0
9 114 0 115 1035327 141 919103 166 978810 192 1151945 218 1277381 243 1970343 269 2492812 270 0
0
196 1 1104 144 0.9914388449584084 0.1358215117542195 0
9 80 0 81 1196876 105 1093975 128 1241237 152 1552780 176 1810934 199 1477867 223 1527689 224 0
0
197 2 1120 353 0.9924272915111514 0.03519890124172264 0
9 118 0 119 550956 144 1334908 168 1457404 193 1354218 218 1210071 242 1195477 267 1626113 268 0
0
198 1 1313 46 0.9901907196079285 0.0989577281361621 0
12 67 0 68 2788139 93 1769600 118 1767763 142 1843800 167 1575708 192 1304380 217 1320448 241 1514302 266 1057085 291 1993070 292 0
1 197
199 1 748 15 0.9971922265975648 0.10994186039250815 0
11 5 0 6 1365287 32 1043147 57 1599876 83 1980397 109 1721139 135 1469612 161 1827750 186 1247964 212 882572 213 0
1 197
200 3 696 190 0.9844406955077186 0.09439675145764802 0
9 122 0 123 1668236 146 1730227 170 998563 193 908241 216 561883 240 334796 263 310313 264 0
3 197 198 199
201 3 1223 279 0.9990734361525394 0.11820626983293599 0
9 64 0 65 1116328 91 907051 117 1421724 143 1204201 169 2076034 195 2173474 221 2865416 222 0
0
202 3 1109 274 0.9839087906339907 0.05619073225912326 0
8 117 0 118 1344971 143 1337485 167 1600816 192 1083323 216 1647116 241 1729310 242 0
1 201
203 2 658 251 0.9878842087593672 0.07925882338032939 0
13 7 0 8 420088 33 442677 59 777161 84 1785240 110 1310093 135 1021153 160 2025705 186 2586953 211 2667067 237 1377924 262 1383146 263 0
0
204 2 1128 168 0.9884129829398107 0.03949482461314292 0
12 76 0 77 3517087 101 3033637 124 1299985 148 1255193 171 847489 195 1091485 218 795208 242 959413 265 1509990 289 795823 290 0
1 203
205 1 1276 346 0.9878938995148391 0.10312217910705844 0
13 29 0 30 1637019 55 1373265 81 1639857 107 1471112 132 1419006 157 2068697 183 1709131 209 1082166 234 1643875 259 2545345 285 1879687 286 0
1 203
206 2 1475 286 0.9819085241741302 0.10521890302560055 0
14 4 0 5 2378565 29 1495114 54 2170788 78 1064103 102 1204174 126 865022 151 836420 175 1333303 199 2061200 223 2048411 248 1510440 272 1762537 273 0
0
207 2 1380 278 0.9998936577292398 0.056969936904467 0
12 31 0 32 1525280 58 1188380 84 1579401 111 1304216 137 1364507 163 1654733 189 1458523 216 1976315 242 1423297 268 1553274 269 0
1 206
208 3 1408 100 0.9931106026248506 0.01649400138335149 0
8 22 0 23 2609865 49 1337339 75 1631166 102 1164335 128 1027868 154 1372071 155 0
2 206 207
209 1 739 209 0.9945510191748979 0.07204848228538133 0
14 30 0 31 1730487 55 1195558 80 1224406 104 904190 129 1319347 153 812602 178 915627 202 1040327 227 1447900 251 1430325 276 1465485 300 1756516 301 0
1 206
210 2 1060 378 0.98697728308346 0.03307284597255506 0
12 55 0 56 1114365 82 1443800 108 1079177 134 1001766 160 1843760 187 2095848 213 1410870 239 2032984 265 2286379 291 2942580 292 0
0
211 3 1114 196 0.9951482097944193 0.10135293760460917 0
14 10 0 11 1620530 35 1288894 59 1062287 84 1500493 108 1028662 132 835256 156 1173098 180 1050837 204 882758 229 1100143 253 798551 277 730465 278 0
0
212 3 1176 122 0.9963487841656814 0.07666727989225307 0
10 48 0 49 1547740 75 1470512 102 1057819 128 1342489 155 2300634 181 1801711 208 1370301 234 1329238 235 0
0
213 1 1436 83 0.9951838443576029 0.030821540968299064 0
12 3 0 4 1807569 28 3065211 51 3590624 75 1903799 99 1505889 122 951646 146 831797 170 795350 193 851313 217 507932 218 0
1 212
214 1 976 98 0.99112698633088 0.10434514320102428 0
11 110 0 111 1684948 134 798845 158 446677 181 527410 205 831485 228 820607 251 1787065 275 1197279 298 979067 299 0
0
215 1 1288 151 0.9862948031814819 0.06156093622339381 0
10 125 0 126 801382 151 811188 175 1268025 200 1307273 224 2076252 249 2093607 273 2525800 298 2807443 299 0
1 214
216 3 1327 232 0.9993174610116553 0.10701178879526595 0
8 21 0 22 1497084 48 1102350 74 941359 100 992136 126 992000 152 690426 153 0
0
217 3 781 34 0.9962516774734119 0.00721896971825019 0
12 33 0 34 1794154 58 1633770 83 1612311 107 1534966 132 1472314 156 1570729 181 2266030 205 1549488 230 1384119 254 1806891 255 0
1 216
218 2 571 362 0.9806412689391973 0.018843579629322482 0
14 24 0 25 1018906 49 1274413 73 1196909 97 1517277 121 2040051 145 1713548 168 2757893 192 2307181 216 2165782 240 2210798 264 2565215 288 2192192 289 0
0
219 2 655 228 0.9889166892068819 0.1250074682690401 0
13 16 0 17 1495777 41 1506899 65 1057837 89 1548345 113 1035972 137 971168 160 1297521 184 978625 208 1074197 232 816018 256 795960 257 0
1 218
220 2 1232 291 0.9987886317203634 0.06366697727332926 0
10 65 0 66 2001710 91 2180416 115 2880176 140 2366147 164 1494854 189 1153009 213 1584641 238 1562480 239 0
1 219
221 3 1482 319 0.9815274257256998 0.12628096018588547 0
12 70 0 71 2611495 95 1663809 118 1037111 142 983546 165 1615891 189 876045 212 595926 236 475991 259 420599 283 765418 284 0
0
222 1 981 223 0.9862423391018975 0.021482732724338965 0
8 144 0 145 952213 172 1301458 199 1484695 227 1328782 254 1649755 281 1272649 282 0
1 221
223 2 950 251 0.9854697575268947 0.06430343149184642 0
10 15 0 16 2195762 40 1995482 63 849750 87 1206726 111 980953 135 2171136 158 2558922 182 2587999 183 0
1 221
224 1 1484 321 0.9854853482797805 0.1156086780367523 0
8 121 0 122 2929648 148 1568348 173 841849 199 772879 224 638595 250 766941 251 0
2 221 222
225 3 1111 365 0.9900769501525283 0.12141104095343555 0
7 73 0 74 835699 99 925251 124 1205851 149 1808097 174 2643652 175 0
0
226 3 774 23 0.9816307204341099 0.05506303524627165 0
14 11 0 12 640862 37 692026 63 545115 88 701902 114 871628 139 655855 165 923215 190 1199452 216 1886938 241 2143033 267 1438576 292 1715896 293 0
0
227 2 779 38 0.9923762078322927 0.0422234947214768 0
11 1 0 2 1036672 27 1323690 53 1148766 79 932851 104 1494926 129 2015705 155 2540138 181 1706742 206 1937437 207 0
0
228 3 973 256 0.9860705132128829 0.1488176151392613 0
14 2 0 3 843928 29 555965 54 1714983 80 2228222 106 1012452 132 855606 157 896681 183 1310012 209 2351210 235 1895603 260 2038570 286 2220105 287 0
2 227 229
229 2 950 209 0.9905243671815842 0.037298969378290144 0
11 64 0 65 705688 91 538175 116 622772 141 601830 167 878301 193 895700 218 1007428 243 1352724 269 1975726 270 0
0
230 3 1060 372 0.9983189857513638 0.034138953779867975 0
10 40 0 41 308839 65 442886 90 1227641 114 1349776 139 1481688 163 3146245 188 2178274 212 1820941 213 0
0
231 3 1473 139 0.9841408721824259 0.12067391810547025 0
13 2 0 3 401624 27 608270 51 824630 75 680359 99 894752 123 1254572 146 1502772 170 2166642 194 2332706 218 1985637 242 2310416 243 0
1 230
232 1 607 273 0.9877370299481176 0.1476158437776045 0
13 39 0 40 1246316 64 655303 88 730384 113 692879 137 660139 161 848417 185 1023230 209 1390056 234 1107851 258 1085943 282 1639705 283 0
0
233 3 688 164 0.9990382394331204 0.05844127324702562 0
12 52 0 53 2452084 77 1925246 100 1100543 124 1668400 148 1297296 171 1450684 195 1497333 219 612777 242 709766 266 858171 267 0
1 232
234 3 1014 345 0.9897536192286133 0.024938689708379397 0
8 60 0 61 1658139 87 2944194 113 2429892 138 1619102 164 1443618 190 860281 191 0
0
235 3 799 378 0.9816881784370957 0.0850953978988622 0
8 120 0 121 1905610 146 1212021 171 1661572 197 1397803 222 1519011 247 1640148 248 0
1 234
236 2 1421 273 0.9980897517485088 0.13722102698361355 0
12 52 0 53 1747029 77 1415974 101 2687382 125 2404438 149 2537248 172 1491050 196 1580061 220 1177768 244 898848 268 940654 269 0
0
237 3 1144 370 0.9924813940868245 0.03135382032727532 0
15 1 0 2 694155 26 835427 51 1452749 75 1741590 99 1575230 124 2229429 148 2258460 172 2317314 197 2242904 221 1711850 245 1739264 270 2338136 294 1384228 295 0
0
238 1 1236 207 0.9951587261052259 0.1333910227912818 0
12 41 0 42 3301219 68 1923880 94 1430390 121 1244701 147 1909821 173 2136093 199 1665728 226 1056612 252 1242317 278 1403410 279 0
1 237
239 2 1307 335 0.9838152281154775 0.05187151270899646 0
11 17 0 18 948519 42 729131 66 1199055 90 1389985 113 1485076 137 1654935 161 1594290 185 2070610 209 1155955 210 0
1 237
240 1 1264 37 0.9968758274178932 0.13104315020689147 0
15 0 0 1 471189 25 630761 50 675705 74 493212 98 554690 123 506578 147 519370 171 453501 196 810615 220 972415 244 1838481 269 2086713 293 1390473 294 0
3 237 238 239
241 3 510 273 0.9834826809225906 0.13174417670334862 0
12 49 0 50 1470723 76 1277933 102 1255208 128 1114852 154 1838043 179 1671930 205 1847110 231 1406253 257 1250928 283 1878851 284 0
0
242 2 934 371 0.986170207931116 0.07269261968613347 0
7 81 0 82 2498117 109 1655140 137 1712485 164 1792101 191 2090664 192 0
0
243 1 662 101 0.9845231034863166 0.06584517973664211 0
13 16 0 17 1195894 41 850403 66 591362 90 566848 115 946671 139 1060246 163 1589555 188 3796724 212 1854745 237 1990652 261 2128741 262 0
1 242
244 2 1042 166 0.999602096873782 0.0417535405051375 0
12 44 0 45 1695806 71 2039285 96 1856798 122 1736698 147 1566600 173 1742354 198 820576 224 730042 249 1404531 275 1652610 276 0
0
245 3 866 61 0.9930993716346569 0.1423123094964165 0
14 11 0 12 1746619 36 2065525 60 2874563 84 1752827 108 1207125 132 1236564 155 1900545 179 1445257 203 1263519 227 1601265 251 1443240 275 2246626 276 0
0
246 3 618 157 0.9902232264734944 0.04159667609956109 0
11 94 0 95 1188711 119 1671192 142 1859574 166 2142930 189 2742618 213 1737031 237 1415355 260 1786822 284 2190884 285 0
1 245
247 2 1313 247 0.9863515991044622 0.036080409927085284 0
7 184 0 185 1892674 210 1769215 235 1799340 259 1332095 284 912475 285 0
1 245
248 3 729 137 0.998849249585497 0.12032816053905826 0
13 3 0 4 958439 29 666177 53 720250 78 811575 103 1082643 127 1465241 152 1790229 177 1421610 202 2442916 226 2774351 251 2956304 252 0
2 246 247
249 2 1002 358 0.9992194939917581 0.13683814104314587 0
13 47 0 48 1378326 73 1013003 98 851927 122 1188419 147 1027281 172 1524438 197 791504 222 687488 246 591689 271 1021677 296 841774 297 0
0
250 2 1341 184 0.992023828016475 0.09109177222268756 0
13 0 0 1 2075200 26 2143367 51 2692891 76 1884501 101 1492189 125 1347146 150 1145810 175 1018373 200 1701601 225 1258009 250 1438144 251 0
1 249
251 3 820 254 0.9876801206677155 0.10879145146869293 0
10 23 0 24 1209593 49 1728426 75 1793255 100 1025840 126 933483 151 1165909 177 979531 202 1306096 203 0
2 249 250
252 3 704 23 0.9938383781510023 0.0018545115450072256 0
11 42 0 43 1370102 69 1288687 95 1073866 122 1896472 148 1604311 174 1405734 201 1071754 227 1195651 253 1484089 254 0
3 249 250 251
7 5 15032983274549824573
0.65038945819291305 0.34563956882504965 0.0039709729820371362 0 0 0 0 
0.29367291714300131 0.5797862507438768 0.11253142456916909 0.014009407543952867 0 0 0 
1.4131189430426344e-09 0.18905960051799561 0.44909739165434842 0.32239542530231813 0.039447581112218938 0 0 
0 0.043752041690362654 0.079271361143687852 0.87011603340370036 0.0033077052290538069 0.0035528585331954204 0 
0 0 0.015190350742277408 0.044334491311077411 0.90080171493640016 0.039640375730251982 3.3067279992976463e-05 
0 0 0 2.9123680876183852e-09 0.21976983161374733 0.68711791872304939 0.093112246750835195 
0 0 0 0 0.018677162951541051 0.41030647336908055 0.57101636367937847 
7 0 0 0 0 0 0 0
0.0178244705022493 0.9975224470605093 0.6554007947116309
