A
700
321 539
1 30.0 18.0
2 30.0 19.0
3 32.0 17.0
4 32.0 18.0
5 32.0 16.0
6 30.0 17.0
7 31.0 17.0
8 30.0 16.0
9 29.0 16.0
10 28.0 18.0
11 29.0 18.0
12 31.0 16.0
13 28.0 17.0
14 29.0 17.0
15 28.0 16.0
16 31.0 10.0
17 32.0 10.0
18 32.0 9.0
19 32.0 8.0
20 31.0 9.0
21 30.0 9.0
22 30.0 10.0
23 30.0 11.0
24 28.0 12.0
25 29.0 12.0
26 29.0 11.0
27 29.0 9.0
28 29.0 10.0
29 29.0 8.0
30 27.0 15.0
31 28.0 15.0
32 26.0 13.0
33 27.0 13.0
34 25.0 15.0
35 26.0 15.0
36 24.0 16.0
37 25.0 16.0
38 24.0 15.0
39 26.0 14.0
40 24.0 14.0
41 25.0 14.0
42 24.0 13.0
43 25.0 13.0
44 25.0 12.0
45 27.0 12.0
46 28.0 11.0
47 27.0 11.0
48 28.0 9.0
49 28.0 10.0
50 26.0 9.0
51 27.0 9.0
52 26.0 12.0
53 26.0 11.0
54 26.0 10.0
55 30.0 8.0
56 31.0 8.0
57 31.0 7.0
58 31.0 6.0
59 32.0 6.0
60 31.0 5.0
61 30.0 7.0
62 27.0 14.0
63 28.0 14.0
64 28.0 8.0
65 29.0 7.0
66 28.0 7.0
67 29.0 6.0
68 28.0 6.0
69 30.0 12.0
70 27.0 8.0
71 27.0 7.0
72 27.0 10.0
73 32.0 5.0
74 30.0 5.0
75 30.0 6.0
76 31.0 18.0
77 23.0 14.0
78 29.0 5.0
79 28.0 13.0
80 26.0 16.0
81 1.0 31.0
82 2.0 31.0
83 7.0 19.0
84 8.0 19.0
85 7.0 32.0
86 8.0 32.0
87 7.0 30.0
88 8.0 30.0
89 8.0 29.0
90 5.0 31.0
91 6.0 31.0
92 5.0 20.0
93 5.0 21.0
94 7.0 29.0
95 4.0 32.0
96 5.0 32.0
97 4.0 31.0
98 5.0 30.0
99 2.0 30.0
100 4.0 30.0
101 5.0 29.0
102 14.0 24.0
103 15.0 24.0
104 5.0 28.0
105 7.0 28.0
106 8.0 28.0
107 3.0 31.0
108 3.0 32.0
109 16.0 30.0
110 16.0 31.0
111 8.0 27.0
112 4.0 29.0
113 7.0 31.0
114 7.0 26.0
115 8.0 26.0
116 8.0 24.0
117 8.0 25.0
118 6.0 26.0
119 7.0 25.0
120 6.0 27.0
121 6.0 28.0
122 12.0 31.0
123 12.0 32.0
124 6.0 25.0
125 8.0 20.0
126 8.0 21.0
127 14.0 22.0
128 15.0 22.0
129 4.0 26.0
130 5.0 26.0
131 7.0 17.0
132 7.0 18.0
133 5.0 25.0
134 15.0 25.0
135 15.0 26.0
136 3.0 30.0
137 1.0 30.0
138 4.0 28.0
139 1.0 32.0
140 2.0 32.0
141 0.0 31.0
142 0.0 32.0
143 0.0 30.0
144 2.0 29.0
145 5.0 22.0
146 6.0 22.0
147 1.0 26.0
148 2.0 26.0
149 1.0 28.0
150 1.0 29.0
151 0.0 28.0
152 0.0 29.0
153 6.0 21.0
154 2.0 27.0
155 3.0 27.0
156 3.0 26.0
157 3.0 25.0
158 4.0 25.0
159 3.0 19.0
160 3.0 20.0
161 3.0 24.0
162 4.0 24.0
163 4.0 27.0
164 2.0 25.0
165 4.0 23.0
166 2.0 19.0
167 2.0 20.0
168 5.0 24.0
169 16.0 22.0
170 11.0 29.0
171 11.0 30.0
172 7.0 16.0
173 8.0 16.0
174 7.0 24.0
175 25.0 11.0
176 4.0 19.0
177 5.0 19.0
178 10.0 21.0
179 11.0 21.0
180 12.0 29.0
181 12.0 30.0
182 0.0 27.0
183 8.0 17.0
184 9.0 17.0
185 2.0 28.0
186 5.0 27.0
187 0.0 25.0
188 0.0 26.0
189 8.0 22.0
190 8.0 23.0
191 5.0 18.0
192 6.0 17.0
193 6.0 18.0
194 6.0 24.0
195 5.0 17.0
196 6.0 16.0
197 4.0 18.0
198 3.0 28.0
199 14.0 26.0
200 14.0 27.0
201 15.0 30.0
202 24.0 12.0
203 7.0 20.0
204 7.0 27.0
205 4.0 20.0
206 9.0 18.0
207 13.0 26.0
208 15.0 21.0
209 16.0 21.0
210 5.0 23.0
211 6.0 23.0
212 6.0 29.0
213 10.0 29.0
214 10.0 30.0
215 11.0 22.0
216 12.0 22.0
217 8.0 31.0
218 13.0 27.0
219 6.0 30.0
220 9.0 29.0
221 6.0 19.0
222 9.0 22.0
223 5.0 16.0
224 8.0 18.0
225 10.0 20.0
226 11.0 20.0
227 6.0 32.0
228 7.0 21.0
229 0.0 20.0
230 1.0 20.0
231 6.0 20.0
232 7.0 23.0
233 1.0 25.0
234 10.0 31.0
235 11.0 31.0
236 14.0 25.0
237 1.0 24.0
238 12.0 18.0
239 12.0 19.0
240 10.0 18.0
241 10.0 19.0
242 14.0 29.0
243 14.0 30.0
244 27.0 16.0
245 7.0 22.0
246 3.0 29.0
247 15.0 29.0
248 16.0 29.0
249 11.0 28.0
250 10.0 17.0
251 15.0 27.0
252 15.0 28.0
253 12.0 28.0
254 11.0 18.0
255 4.0 21.0
256 15.0 31.0
257 4.0 22.0
258 0.0 24.0
259 14.0 28.0
260 12.0 27.0
261 9.0 21.0
262 15.0 32.0
263 0.0 19.0
264 32.0 7.0
265 14.0 32.0
266 12.0 21.0
267 2.0 24.0
268 1.0 27.0
269 10.0 28.0
270 1.0 19.0
271 14.0 31.0
272 11.0 19.0
273 9.0 30.0
274 10.0 32.0
275 11.0 32.0
276 12.0 20.0
277 16.0 26.0
278 16.0 27.0
279 9.0 20.0
280 9.0 16.0
281 13.0 31.0
282 13.0 32.0
283 10.0 22.0
284 16.0 28.0
285 13.0 19.0
286 13.0 28.0
287 14.0 21.0
288 9.0 28.0
289 9.0 31.0
290 9.0 32.0
291 12.0 24.0
292 12.0 25.0
293 13.0 24.0
294 13.0 25.0
295 16.0 25.0
296 13.0 20.0
297 12.0 26.0
298 16.0 24.0
299 16.0 20.0
300 13.0 30.0
301 16.0 32.0
302 28.0 20.0
303 18.0 28.0
304 20.0 28.0
305 20.0 26.0
306 18.0 26.0
307 18.0 24.0
308 20.0 24.0
309 18.0 20.0
310 20.0 20.0
311 18.0 22.0
312 20.0 22.0
313 10.0 24.0
314 32.0 12.0
315 22.0 16.0
316 24.0 28.0
317 20.0 32.0
318 24.0 24.0
319 24.0 20.0
320 20.0 16.0
321 24.0 32.0
317 321 4
311 312 2
310 320 4
310 319 4
310 312 2
309 311 2
309 310 2
308 318 4
308 312 2
307 311 2
307 308 2
306 307 2
305 308 2
305 306 2
304 317 4
304 316 4
304 305 2
303 306 2
303 304 2
301 317 4
299 309 2
298 307 2
295 298 1
293 294 1
292 297 1
292 294 1
291 293 1
291 313 2
291 292 1
289 290 1
284 303 2
283 313 2
281 300 1
281 282 1
278 284 1
277 306 2
277 295 1
277 278 1
276 296 1
274 290 1
274 275 1
273 289 1
271 281 1
269 288 1
266 276 1
265 271 1
265 282 1
262 301 1
262 265 1
261 279 1
260 297 1
259 286 1
104 138 1
104 186 1
104 121 1
99 136 1
99 137 1
99 144 1
98 219 1
98 101 1
98 100 1
97 107 1
97 100 1
96 227 1
95 97 1
95 108 1
95 96 1
94 105 1
94 212 1
93 145 1
93 255 1
93 153 1
92 231 1
92 205 1
92 177 1
92 93 1
91 227 1
91 219 1
91 113 1
90 96 1
90 98 1
90 97 1
90 91 1
89 220 1
89 106 1
89 94 1
88 273 1
88 217 1
88 89 1
87 94 1
87 219 1
87 113 1
87 88 1
86 290 1
86 217 1
85 227 1
85 113 1
85 86 1
84 125 1
84 224 1
83 221 1
83 132 1
83 203 1
83 84 1
82 140 1
82 107 1
82 99 1
81 141 1
81 139 1
81 137 1
81 82 1
80 244 1
74 75 1
69 314 2
67 75 1
67 78 1
67 68 1
66 68 1
66 71 1
65 67 1
65 66 1
64 66 1
64 70 1
63 79 1
62 63 1
61 65 1
61 75 1
28 49 1
251 278 1
251 252 1
127 216 2
127 287 1
127 128 1
27 48 1
27 29 1
27 28 1
126 189 1
126 261 1
126 228 1
26 46 1
26 28 1
249 269 1
249 253 1
125 203 1
125 279 1
125 126 1
25 69 1
25 26 1
248 284 1
124 133 1
124 194 1
24 79 1
24 46 1
24 45 1
24 25 1
247 252 1
247 248 1
123 282 1
123 275 1
23 26 1
23 69 1
122 281 1
122 181 1
122 235 1
122 123 1
22 28 1
22 23 1
121 212 1
21 22 1
21 55 1
21 27 1
120 204 1
120 186 1
120 121 1
20 56 1
20 21 1
243 300 1
243 271 1
119 124 1
119 174 1
19 264 1
19 56 1
242 259 1
242 247 1
242 243 1
118 130 1
118 120 1
118 124 1
18 20 1
18 19 1
241 272 1
117 119 1
17 314 2
17 18 1
240 250 1
240 254 1
240 241 1
116 313 2
116 190 1
116 174 1
116 117 1
16 22 1
16 20 1
16 17 1
115 117 1
15 244 1
15 31 1
239 285 1
239 272 1
239 276 1
114 119 1
114 204 1
114 118 1
114 115 1
238 239 1
29 55 1
29 65 1
29 64 1
252 284 1
252 259 1
100 112 1
100 136 1
1 11 1
1 76 1
1 6 1
1 2 1
59 264 1
59 73 1
113 217 1
13 15 1
13 14 1
237 267 1
237 258 1
101 212 1
101 112 1
101 104 1
225 279 1
225 241 1
225 226 1
102 127 2
102 236 1
102 293 1
102 103 1
3 7 1
3 5 1
3 4 1
226 276 1
226 272 1
103 298 1
103 134 1
105 121 1
105 204 1
105 106 1
5 314 4
5 12 1
229 258 4
229 263 1
229 230 1
106 288 1
106 111 1
6 14 1
6 8 1
6 7 1
230 270 1
107 136 1
107 108 1
7 12 1
7 76 1
108 140 1
8 12 1
8 9 1
232 245 1
109 248 1
109 201 1
109 110 1
9 14 1
9 15 1
233 237 1
110 301 1
110 256 1
10 302 2
10 13 1
10 11 1
234 274 1
234 289 1
234 235 1
111 204 1
111 115 1
11 14 1
235 275 1
112 246 1
112 138 1
236 294 1
30 35 1
30 62 1
30 244 1
30 31 1
253 286 1
253 260 1
31 63 1
254 272 1
32 43 1
32 52 1
32 39 1
32 33 1
255 257 1
33 45 1
33 79 1
33 62 1
256 271 1
256 262 1
34 41 1
34 37 1
34 38 1
34 35 1
35 39 1
35 80 1
36 319 4
36 315 2
36 38 1
36 37 1
37 80 1
38 40 1
39 41 1
39 62 1
40 42 1
40 77 1
40 41 1
41 43 1
42 43 1
43 44 1
44 202 1
44 175 1
44 52 1
45 52 1
45 47 1
46 49 1
46 47 1
47 53 1
47 72 1
48 64 1
48 51 1
48 49 1
49 72 1
50 51 1
51 72 1
51 70 1
52 53 1
53 175 1
53 54 1
54 72 1
55 61 1
55 56 1
56 57 1
57 61 1
57 264 1
57 58 1
58 75 1
58 60 1
58 59 1
128 208 1
128 169 1
129 163 1
129 158 1
129 156 1
129 130 1
130 186 1
130 133 1
131 172 1
131 183 1
131 192 1
131 132 1
132 193 1
132 224 1
133 158 1
133 168 1
134 295 1
134 236 1
134 135 1
135 251 1
135 277 1
135 199 1
136 246 1
137 150 1
137 143 1
138 163 1
138 198 1
139 142 1
139 140 1
141 143 1
141 142 1
143 152 1
144 246 1
144 185 1
144 150 1
145 210 1
145 257 1
145 146 1
146 211 1
146 153 1
146 245 1
147 268 1
147 233 1
147 188 1
147 148 1
148 164 1
148 154 1
148 156 1
149 151 1
149 268 1
149 185 1
149 150 1
150 152 1
151 182 1
151 152 1
153 231 1
153 228 1
154 268 1
154 185 1
154 155 1
155 198 1
155 163 1
155 156 1
156 157 1
157 161 1
157 164 1
157 158 1
158 162 1
159 176 1
159 160 1
160 167 1
160 205 1
161 267 1
161 162 1
162 168 1
162 165 1
163 186 1
164 233 1
164 267 1
165 210 1
165 257 1
166 167 1
167 230 1
168 210 1
168 194 1
169 298 2
169 311 2
169 209 1
170 213 1
170 249 1
170 180 1
170 171 1
171 181 1
171 235 1
171 214 1
172 196 1
172 173 1
173 280 1
173 183 1
174 232 1
174 194 1
176 197 1
176 205 1
176 177 1
177 221 1
177 191 1
178 283 1
178 261 1
178 225 1
178 179 1
179 215 1
179 226 1
179 266 1
180 253 1
180 181 1
181 300 1
182 268 1
182 188 1
183 224 1
183 184 1
184 206 1
185 198 1
187 258 1
187 233 1
187 188 1
189 245 1
189 222 1
189 190 1
190 232 1
191 195 1
191 193 1
191 197 1
192 196 1
192 195 1
192 193 1
193 221 1
194 211 1
196 223 1
198 246 1
199 236 1
199 207 1
199 200 1
200 251 1
200 259 1
200 218 1
201 247 1
201 243 1
201 256 1
203 231 1
203 228 1
205 255 1
206 224 1
206 240 1
207 297 1
207 294 1
207 218 1
208 209 1
209 299 1
210 211 1
211 232 1
212 219 1
213 220 1
213 269 1
213 214 1
214 234 1
214 273 1
215 283 1
215 216 1
216 291 2
216 266 1
217 289 1
218 286 1
218 260 1
220 288 1
220 273 1
221 231 1
222 283 1
222 261 1
228 245 1
10
8 41 2 1 3
270 85 3 1 2 3
286 83 2 1 2
263 97 2 2 3
248 95 2 1 2
138 91 3 1 2 3
289 84 3 1 2 3
52 88 2 2 3
218 56 3 1 2 3
44 65 3 1 2 3
251
1 3 1330 196 0.927036118108762 0.0015161622792559393 0
25 31 0 32 653602 57 892303 81 1143948 105 1105042 130 790735 155 1040793 179 1331748 203 1636066 228 1983546 253 1944124 277 2969740 301 1812121 326 1517470 351 2304499 375 1379733 399 1636444 424 3282819 449 2594136 473 2696951 497 3038992 522 2443786 547 1080424 571 1046485 572 0
0
2 1 1228 287 0.9215203162875223 0.01681263655343051 0
22 124 0 125 901030 150 974787 174 796816 199 831153 223 1150308 248 1318167 272 1947550 297 1442948 321 1146689 346 1502197 370 1774129 395 1574316 419 807283 444 853384 468 647185 493 628077 517 900319 542 519085 566 564581 591 640391 592 0
0
3 1 553 137 0.921619259247813 0.0718406047945493 0
25 18 0 19 2547457 44 1987266 69 2133220 94 2217512 119 1704182 144 951610 169 1001771 194 1264661 219 991744 244 1425567 269 1030793 294 1062419 319 1176240 344 2580927 369 3155441 394 2845878 419 2068522 444 1542511 469 1270763 494 1108645 519 1193759 544 1981664 569 2359493 570 0
0
4 3 929 250 0.9143123866260743 0.07983603905017385 0
15 229 0 230 650134 256 1700056 281 3272973 307 3390224 333 3043917 358 2596581 384 1320608 410 1447421 435 1034021 461 884466 487 894432 512 1324061 538 1315682 539 0
1 3
5 2 1297 204 0.9240400130642115 0.11536357518448076 0
30 2 0 3 76288 28 144731 54 181220 79 272607 104 359298 129 545448 155 1103339 180 875544 205 641640 230 655343 256 538544 281 543898 306 401880 331 706108 357 1131539 382 2245406 407 2071845 432 1089303 458 1980019 483 2251286 508 3417010 533 3706012 559 3865079 584 2581283 609 3300277 634 2044768 660 2267697 685 1810148 686 0
1 4
6 2 824 210 0.9173779596530393 0.11897770966165258 0
25 137 0 138 1787371 163 1755035 187 1171696 212 1017152 236 1016009 261 1387894 285 1153313 310 764159 334 1049290 359 940091 383 840210 408 689596 433 756513 457 564770 482 739596 506 1166584 531 2517588 555 2127924 580 1315748 604 1263162 629 1397957 653 2727806 678 1386036 679 0
0
7 1 1181 312 0.9240808380735803 0.03843496387620549 0
11 426 0 427 1789594 452 1240115 476 1787853 501 1589217 525 913679 550 1308623 575 988650 599 1772514 624 1361411 625 0
1 6
8 1 1125 308 0.9232453766975067 0.04621561568753025 0
28 30 0 31 1330106 56 1638843 81 1506644 106 1305336 130 939354 155 911941 180 1287541 205 991788 230 1016842 255 1120471 279 1595601 304 1769838 329 1061871 354 779529 379 492279 404 881009 428 1339138 453 700720 478 885978 503 1107135 528 1430436 553 2175017 577 1904830 602 1849850 627 1713794 652 1585951 653 0
0
9 1 1317 138 0.92668706924177 0.00035142381426654933 0
12 53 0 54 1319976 80 1050472 105 1335667 131 2722720 157 2092577 182 2081609 208 2063198 234 2086234 259 1114780 285 1929477 286 0
1 8
10 2 799 158 0.9201345717558082 0.11420606063105695 0
27 54 0 55 862390 80 1133704 105 1501683 130 1664119 155 1296117 180 1153951 205 1782308 230 1319117 255 819224 280 1459472 305 1048559 330 1293946 355 811982 380 1473162 405 1262454 430 1563096 455 935818 480 465883 505 187026 530 131460 555 117275 580 66883 605 63916 630 57835 655 54798 656 0
0
11 1 1388 129 0.915556289384342 0.014092143420172265 0
13 300 0 301 858314 327 1487266 353 1255066 379 1782823 405 1676670 431 1329335 458 1532044 484 1664965 510 1484856 536 1426876 562 1312322 563 0
0
12 1 921 65 0.9150269802711879 0.018576989922404256 0
13 251 0 252 1625090 277 2143357 301 1846768 326 1716848 351 2750324 375 1721714 400 818017 425 559455 450 515089 474 789709 499 917981 500 0
0
13 2 1052 156 0.9122596301433235 0.08251060840910947 0
21 227 0 228 1527953 254 1048833 279 1304867 305 1073726 330 831531 356 1881863 382 2024374 407 1562474 433 1905208 459 2322529 484 1843031 510 1519629 535 1143051 561 940949 587 683901 612 605285 638 805315 663 1243477 689 691090 690 0
1 12
14 1 963 257 0.9212403953333709 0.0650773679585079 0
30 18 0 19 2197018 44 2024868 69 2278225 95 1752646 120 1740485 145 971836 170 1144713 196 1334567 221 1446370 246 1418574 271 1382179 296 1232225 322 1863701 347 1613190 372 1148397 397 1053751 423 952024 448 833155 473 1548778 498 1930498 523 2395378 549 1680194 574 1786203 599 2241413 624 1423079 650 1029051 675 1766881 700 1966794 701 0
0
15 2 1055 237 0.9195783153466895 0.0770435731513713 0
24 62 0 63 2567582 87 1646667 112 1649796 136 1135636 161 909831 185 767885 210 1525866 234 2142884 258 2455075 283 3569404 307 1974675 332 1173642 356 1508180 381 999826 405 1059266 429 2283607 454 1905923 478 1597279 503 1973078 527 1915843 552 1710991 576 1260990 577 0
0
16 3 1220 236 0.9257583974982938 0.002890868501659105 0
18 9 0 10 2368175 36 3584772 61 3783990 87 1435686 112 1287717 138 1442078 164 1770291 189 1809728 215 1275174 240 738707 266 806179 292 736809 317 223322 343 206264 368 423543 394 700351 395 0
1 15
17 3 596 321 0.9271873939250438 0.037731821876899815 0
27 69 0 70 3137556 95 2851870 119 3520654 144 3268225 169 1871938 193 1770061 218 1465225 243 1652096 267 1750175 292 1630358 317 1012779 341 1098796 366 982884 391 1657961 415 1776042 440 1482250 465 958034 489 630361 514 334440 539 316879 563 231357 588 168594 613 197638 637 151458 662 114713 663 0
2 15 16
18 2 713 209 0.9165133994877561 0.09729052972483399 0
19 310 0 311 1477127 335 2053339 359 2154005 384 1730846 408 2017232 432 1945647 456 1533048 480 1214105 505 1025471 529 896382 553 1292691 577 1650656 601 2134762 625 2723053 650 2521340 674 3152070 698 2608282 699 0
0
19 2 753 201 0.9286758522496582 0.012617810371534598 0
20 262 0 263 1277050 288 1817319 313 1718306 338 1032465 363 574957 389 827342 414 566788 439 576557 464 482743 489 544604 514 621709 539 464402 564 822085 590 1092522 615 1224083 640 1645211 665 1299568 690 813904 691 0
1 18
20 1 1023 204 0.924113437496541 0.120702179256387 0
28 56 0 57 1293913 82 1660847 108 929594 133 1936016 158 2398939 184 1466763 209 991305 235 1046825 260 898599 285 602854 311 621530 336 655207 361 495071 387 519755 412 958314 437 908498 463 713212 488 445970 513 196579 539 292776 564 421597 590 425431 615 870272 640 1095608 666 1665887 691 2074027 692 0
1 19
21 1 1350 252 0.9138349785394247 0.12488329911703558 0
11 18 0 19 1114559 45 1595986 71 1590311 97 1523466 123 1346586 148 1480206 174 1710606 200 1308597 226 827506 227 0
0
22 2 1003 32 0.9153525378957896 0.013349117194193655 0
21 111 0 112 3091609 136 2469166 161 2179338 185 2801425 209 2088420 234 1252533 258 2571919 282 2391970 307 2201695 331 1856952 355 2200691 380 1923352 404 1890585 428 1297980 453 1064728 477 1241807 501 1055512 526 1275801 550 850010 551 0
1 21
23 1 1123 313 0.9216800992215516 0.11899442893444061 0
27 64 0 65 298908 90 567072 115 870623 141 1324274 166 1868791 191 2063399 216 1554459 241 2606868 266 2698084 291 1691366 317 1303831 342 1075114 367 916427 392 1208788 417 1101413 443 1051531 468 950279 493 892982 518 1411544 543 1269087 568 796335 593 580834 619 637620 644 603044 669 509299 670 0
2 21 22
24 1 1462 99 0.9272647742092781 0.09294773128481973 0
9 522 0 523 1178193 550 1197812 576 1059636 603 1111999 630 1280487 656 669505 683 737005 684 0
0
25 2 1432 303 0.9104306020730895 0.03138794505363405 0
30 24 0 25 458841 50 275479 74 162782 99 143981 123 233449 148 78570 172 131387 197 141270 221 246621 246 237690 270 171077 295 235747 319 384009 344 674638 368 455351 393 909159 417 1009881 442 967266 466 700560 491 758018 515 1666453 540 1469660 564 3219672 589 4289918 613 2539210 638 1578774 662 1891015 687 1617734 688 0
1 24
26 3 1350 128 0.9221487117099756 0.05775530919637903 0
20 181 0 182 1247266 207 1160463 232 1882549 257 2697151 282 2614790 307 3008074 332 3201213 357 2095195 382 1952268 407 1709809 432 1298934 457 1073587 482 1458997 507 783415 532 871555 557 1224948 582 1880086 607 2051583 608 0
3 24 25 27
27 2 1451 123 0.92572213819616 0.030184890778087173 0
22 187 0 188 2204031 212 2430738 237 2357028 261 1881745 286 1296754 310 1377569 335 1119919 359 1651281 384 1315945 408 1185517 433 651353 457 797211 482 622222 506 592052 531 637519 555 396285 580 450731 604 527467 629 651934 653 613453 654 0
1 25
28 2 1052 56 0.9139318569721333 0.028899180838831348 0
20 101 0 102 1157523 127 1178759 152 1657821 176 2188371 201 1625035 226 1212765 251 1102724 276 950075 301 1033652 325 1403193 350 774747 375 1285450 400 1302563 425 1288589 450 748721 474 693863 499 752404 524 663972 525 0
0
29 1 1222 104 0.9160837057848306 0.06999905697934382 0
23 159 0 160 276488 184 373457 209 480693 233 884417 257 692689 282 498293 306 395638 330 394398 355 718089 379 481044 403 400657 428 411954 452 718217 477 814206 501 985997 525 2036824 550 2057303 574 1888944 598 1944907 623 2723060 647 2176798 648 0
1 28
30 1 1379 135 0.9230784563339806 0.11704914587165566 0
11 234 0 235 2005787 260 2419697 285 2140409 310 1755437 335 1933292 361 2135133 386 2099999 411 1236498 436 1533265 437 0
0
31 1 1397 73 0.9186710937455134 0.11828839661632334 0
19 27 0 28 653800 53 715595 79 799832 104 439511 130 605967 155 732281 181 1259829 206 1576427 231 1023401 257 1610371 282 1258424 308 889380 333 1114163 359 1278251 384 785222 410 1093187 435 1350894 436 0
1 30
32 3 874 27 0.9142914384379309 0.030293440865140908 0
7 356 0 357 570156 383 869325 409 1073916 435 1868265 461 2162601 462 0
1 30
33 3 1459 28 0.9187987557066779 0.10597858972239986 0
15 284 0 285 1599769 310 1694819 335 2119444 360 1103300 385 938243 410 1172612 435 1761610 460 1080597 485 1145559 510 835373 535 668929 560 818945 585 1533515 586 0
0
34 1 1144 20 0.9270477221039645 0.14644675344736463 0
22 47 0 48 3516997 73 2589064 97 1714680 122 1331179 146 1447891 171 1350701 195 1202697 220 1849784 244 2292023 269 3174389 293 2188646 318 1978348 342 1354296 367 557289 391 714480 416 869292 440 773360 465 1408685 489 2027010 514 2742456 515 0
1 33
35 1 1237 59 0.9222876369226641 0.013277554054816775 0
20 133 0 134 331749 158 248118 183 363584 207 738371 232 921400 256 1332480 281 1640511 305 2622492 330 3888055 354 1481684 379 1393008 403 823816 428 814784 452 1369822 477 1756032 501 2199742 526 2424997 550 2113528 551 0
2 33 34
36 2 1089 119 0.9108438818662687 0.027584096841695747 0
9 122 0 123 1785070 149 1886397 175 2346104 201 2108523 228 2260861 254 1806578 280 1456359 281 0
0
37 3 933 78 0.9149573216378302 0.1242682274143739 0
27 32 0 33 265965 57 331936 82 244188 107 276717 131 258188 155 156852 180 120037 205 108877 229 145414 253 195604 278 261241 303 380772 327 396440 351 552766 376 553564 401 808193 425 553844 449 580769 474 526836 499 718200 523 881608 547 2122881 572 2285205 597 5309197 621 4705116 622 0
2 36 38
38 2 697 77 0.9116659154429176 0.1177576596903747 0
21 148 0 149 1032858 174 1273815 199 918824 225 2137527 250 1839783 275 1925956 300 1892441 326 1658915 351 1095743 376 750632 401 875609 426 1150123 452 1408072 477 1162767 502 961785 527 709883 553 529881 578 481334 603 305561 604 0
0
39 2 930 3 0.9118939636205559 0.050213692390930355 0
22 128 0 129 3717783 154 2434730 179 2536206 204 1610555 229 2013569 253 2043429 278 1956729 303 2228247 328 1201820 353 948533 378 633386 403 518377 428 373769 453 272708 478 318269 502 370326 527 299567 552 246224 577 196249 602 128001 603 0
0
40 1 712 211 0.9277982077238836 0.05676409096322738 0
17 63 0 64 3600744 89 1862074 115 2956233 140 1667228 165 1077081 190 1132276 216 1173046 241 1179908 266 1322908 292 1830093 317 2059277 342 1099196 367 1444829 393 813836 418 1301375 419 0
1 39
41 3 1319 280 0.9140487118078281 0.08215779325515689 0
21 71 0 72 396605 97 511144 122 455836 147 803509 173 1336359 198 783333 223 709801 248 600780 273 857005 299 637400 324 524163 349 894277 374 1103793 399 933186 424 1414038 449 2024167 475 2284100 500 2058433 525 1792299 526 0
0
42 1 994 278 0.9160233066043494 0.12087688378242709 0
9 521 0 522 1907790 546 1906211 570 988560 594 1711141 618 1957209 642 1561379 666 1148985 667 0
1 41
43 2 1264 36 0.9122158660522746 0.09007943899648689 0
16 69 0 70 1758374 95 2076728 120 3696101 145 2082144 171 1709803 196 1812981 221 1717676 246 1762885 271 1595185 296 1281462 322 504600 347 689814 372 598627 397 468121 398 0
0
44 1 713 253 0.9122497424483238 0.041170048996795015 0
8 522 0 523 900994 549 633443 574 673032 600 1063138 625 1037350 651 2922481 652 0
1 43
45 1 1040 73 0.9241892266014301 0.03849830460672149 0
26 99 0 100 1580209 125 1327965 150 2239121 176 1541868 201 1809795 226 1488315 251 1576131 276 1486718 301 1022079 327 1514404 352 1509106 377 1458256 402 2039765 427 1416793 452 1592622 478 1000395 503 685288 528 457630 553 523436 578 340534 603 333618 629 305013 654 350337 679 772523 680 0
0
46 1 1189 194 0.921873906669774 0.008740569138378378 0
12 436 0 437 1526122 463 1607879 489 1103291 515 1093487 541 1259028 567 1759995 593 2410416 619 1735539 645 848264 671 1054272 672 0
1 45
47 3 866 167 0.9226510392041845 0.029516359376639066 0
26 92 0 93 217907 118 247089 144 170939 169 191102 195 185896 220 183460 246 280223 271 370935 296 464637 322 581995 347 933178 373 1560643 398 1563561 424 1803399 449 1628856 475 1376589 500 2016056 525 2329267 551 3041467 576 1722041 602 801693 627 1678573 653 2670732 678 3678824 679 0
0
48 3 864 174 0.92471723422162 0.058298097182117176 0
21 22 0 23 1905295 47 3017825 72 2267129 97 2684150 121 3350680 145 3501891 170 2772122 195 2460247 219 1409066 243 847767 268 644149 293 544761 317 675633 341 408331 366 488387 391 331859 415 287455 439 337659 464 280112 465 0
0
49 3 864 238 0.9194453423320693 0.006547804543181252 0
8 123 0 124 1077825 150 1265924 176 910009 203 1399246 229 1702224 255 1072477 256 0
1 48
50 1 1279 250 0.9115318584543965 0.03925524303651642 0
18 145 0 146 612479 171 410081 197 436605 222 399238 247 434266 272 746974 298 1022459 323 784294 348 710749 373 1056441 399 1146080 424 995523 449 1507202 474 1113883 500 1919955 525 1777246 526 0
0
51 3 1095 71 0.9217097849195519 0.06068303550855408 0
11 193 0 194 2247095 218 1658421 241 1156880 265 1375843 289 2000083 312 1870976 336 1240502 359 1713299 383 1638379 384 0
0
52 1 718 225 0.9288097925930799 0.024764824554731255 0
14 259 0 260 659198 284 983136 308 736661 331 803053 355 908590 379 831610 403 1652009 427 1857657 451 1560059 474 2845634 498 1637169 522 2593635 523 0
1 51
53 1 782 221 0.9115041430684405 0.13202994743198362 0
27 100 0 101 1078698 126 1363115 150 1130651 175 732853 199 552911 224 410241 248 541698 273 622457 297 548710 322 395333 346 448362 371 694317 395 1398766 420 1880228 445 2236262 469 2608610 494 1802477 518 1176597 543 1663096 567 1768541 592 1069543 616 998724 641 1411606 665 1667525 690 2143944 691 0
1 51
54 1 829 317 0.9120931297716126 0.1279837586988891 0
24 17 0 18 2406172 43 1384623 68 1559282 92 1309534 117 1504182 142 1503396 167 1218491 191 1757728 216 2080089 241 1839948 266 1499369 290 1996706 315 1629220 340 1770844 365 1547673 389 1645330 414 2017530 439 1107685 464 1441466 488 1736713 513 2194898 538 2294242 539 0
0
55 2 653 44 0.9137178794103274 0.12362476982048977 0
24 58 0 59 174016 84 244073 109 229695 134 302683 159 336556 184 236769 209 307127 234 344482 259 319540 284 298927 309 186357 335 165016 360 284444 385 547519 410 745596 435 1443349 460 1692442 485 2095629 510 2537243 535 2933928 560 4782802 585 2663648 586 0
1 54
56 2 1411 62 0.9179583812758738 0.05112467739184884 0
29 37 0 38 1386990 63 1315514 89 1215882 114 1446848 139 1780862 165 1866267 190 1908936 215 993157 240 495812 266 555979 291 425780 316 366337 342 609551 367 826583 392 825153 418 748390 443 925279 468 997360 494 1590807 519 1502819 544 1382679 569 1445008 595 1846462 620 2653864 645 2404014 671 3048178 696 4593677 697 0
0
57 3 934 13 0.9145120240363904 0.03304798086996557 0
20 95 0 96 768203 120 710556 145 1028586 169 672529 194 608216 218 903724 243 1058736 267 871133 292 772315 316 1390812 341 1491338 365 885336 390 1376435 414 1383453 439 1234730 463 2965988 488 2497520 512 3454467 513 0
1 56
58 1 768 151 0.9298881867855342 0.053711281748981814 0
7 46 0 47 1157351 73 821038 99 1211453 125 1734683 151 1252753 152 0
1 56
59 2 836 91 0.9283900600952982 0.019752216191539072 0
24 54 0 55 248486 80 229811 105 144466 131 295288 156 431191 181 554382 206 545196 232 696896 257 769942 282 687426 307 883548 333 1290887 358 1409466 383 1835789 408 2369351 434 1951190 459 1894593 484 1661353 509 1393543 535 2017606 560 1689838 585 1296417 586 0
1 56
60 1 646 259 0.9212454482940614 0.03413590349702568 0
26 100 0 101 821383 125 1730828 150 2547385 174 2657359 199 1368433 223 1586399 248 1796556 272 1462354 296 1034321 321 1490475 345 1073751 370 1353111 394 938130 419 1223135 443 898850 468 725368 492 826806 516 877513 541 1060793 565 1192545 590 1266829 614 1120459 639 1857046 663 1863513 664 0
0
61 2 810 43 0.92472925934048 0.08205253803732455 0
15 271 0 272 1310598 298 1271041 323 1072127 349 1009996 374 1048878 400 929030 425 1023779 451 1193649 477 892297 502 1209404 528 1087260 553 1158741 579 1035708 580 0
1 60
62 2 577 259 0.9238295552366812 0.04469155751783383 0
11 144 0 145 1144795 169 816914 193 562725 217 1272232 241 1631852 266 2687538 290 2040808 314 2140436 338 2730471 339 0
0
63 1 814 286 0.9294960245103182 0.02125695201489836 0
29 12 0 13 63912 38 82590 64 131496 89 154878 114 209167 140 312329 165 251442 190 462141 216 455067 241 573969 266 749051 292 1312548 317 958344 343 1599096 368 1845704 393 1324537 419 1499108 444 1507114 469 1355329 495 1203630 520 1565818 545 3438074 571 3972230 596 4413070 621 2539310 647 1730234 672 1230442 673 0
3 62 64 65
64 1 865 257 0.914641663924162 0.12688485123723178 0
22 209 0 210 3083827 235 3958919 260 3652222 285 2049520 311 1454368 336 1329978 361 1647700 386 2220435 411 2259766 436 1705843 462 1785563 487 1401973 512 998068 537 933869 562 813917 587 674667 613 647352 638 677838 663 706861 688 874134 689 0
0
65 3 1426 68 0.9235186434256759 0.03760780989776006 0
11 261 0 262 228520 287 341535 311 351594 336 818120 361 1346151 385 1475202 410 1700209 434 2193180 459 2528468 460 0
0
66 1 1069 314 0.927783944042636 0.021407195795102335 0
23 14 0 15 1946466 39 1606549 64 1193987 88 1599503 112 1306161 137 1632071 161 1333857 185 1244034 210 1762360 234 1509891 259 1604991 283 1314122 307 955357 332 1109942 356 1049973 380 708560 405 799550 429 888888 453 928368 478 1366409 502 1467366 503 0
0
67 2 1265 131 0.9275478338655188 0.048281307046853995 0
15 351 0 352 1862311 376 2598901 400 1748892 424 918592 448 543055 472 710035 497 701076 521 375902 545 406421 569 348216 593 539653 617 954139 641 1105766 642 0
0
68 3 1128 176 0.9201381783320601 0.04329127404695178 0
9 386 0 387 1505585 413 1252560 439 1504896 465 1413038 490 1571500 516 1260299 542 1147630 543 0
1 67
69 1 857 165 0.9152607506887152 0.09566524605041977 0
18 319 0 320 1769219 344 2148564 369 2112957 393 1369613 417 1971111 441 2531517 466 2142869 490 1560023 514 1593611 538 1668750 563 1478330 587 836702 611 795072 635 750114 660 1200505 684 1280865 685 0
0
70 1 941 98 0.9234939011066411 0.04798348634055759 0
23 120 0 121 607058 146 674559 172 595927 197 585436 223 779701 248 773980 273 846001 299 695078 324 866648 350 821183 375 1354541 400 934081 426 1896146 451 1506248 477 1136567 502 1342607 527 1484378 553 1321357 578 1023847 604 2075104 629 1749463 630 0
1 69
71 1 982 168 0.9174802029255995 0.10876576821994918 0
22 174 0 175 1548198 200 1134784 226 1650935 251 2692634 276 2773008 302 2233390 327 1570079 352 3480783 378 2971815 403 2650000 428 3015744 453 2161937 479 1356327 504 878964 529 355371 555 344856 580 307886 605 415850 631 607157 656 487458 657 0
2 69 70
72 3 1314 312 0.9272940139666664 0.04932903947000634 0
20 161 0 162 473215 187 596242 213 1186758 238 693210 263 1615175 289 1250890 314 1821480 339 1321400 365 1288034 390 1628403 416 1120292 441 830367 466 708805 492 456927 517 756720 542 933519 568 1377031 593 1430807 594 0
0
73 3 1426 28 0.9223959695847976 0.1398209007543018 0
29 18 0 19 1849940 44 2153567 70 1968871 95 2593571 120 1895912 146 2898256 171 2553257 196 1597415 221 2530737 247 2302767 272 1723800 297 1733462 323 1503571 348 898785 373 531588 399 261279 424 170961 449 210695 475 203272 500 282673 525 247196 550 319364 576 240054 601 153383 626 204869 652 108729 677 86917 678 0
1 72
74 1 720 3 0.9195083342015051 0.09377988944136656 0
13 214 0 215 1589177 239 2262862 262 1701671 286 2021602 310 1365305 333 1599042 357 1604529 381 1475194 405 1828212 428 2161451 452 1521035 453 0
0
75 3 718 161 0.9207382570347532 0.08776633710343167 0
12 397 0 398 2306709 422 1884123 446 1961325 471 1841582 495 1321452 519 1171733 543 1343604 568 1028802 592 926823 616 628859 617 0
0
76 2 805 92 0.910988789455547 0.07990894031898159 0
10 198 0 199 2548824 224 1577788 249 2046138 274 1610075 299 2115173 324 2517358 349 1284488 374 1865732 375 0
1 75
77 1 1285 10 0.9273660663929679 0.13859553410161513 0
7 542 0 543 3430894 569 1856780 596 1134477 623 1311960 649 1029599 650 0
2 75 76
78 1 565 236 0.9201121875523032 0.08841129326249561 0
30 6 0 7 1100669 32 777590 57 544944 82 784041 106 767682 131 608134 156 683204 181 769220 206 551848 231 838343 256 902395 280 1275249 305 1852530 330 2257821 355 2403499 380 2287193 405 1478168 429 1708808 454 1191482 479 1210625 504 1183260 529 857534 554 1079706 579 965085 603 882403 628 993879 653 953053 678 755397 679 0
0
79 3 1032 192 0.9259228898347779 0.06133968466254599 0
18 169 0 170 1435151 195 1349295 221 1571137 246 1196516 271 753581 296 581088 322 604772 347 926720 372 1441187 397 2004917 423 2536942 448 2902178 473 1572902 498 1528875 524 2007244 549 2369631 550 0
1 78
80 1 584 199 0.9255729117007373 0.08337583033773942 0
15 380 0 381 1142635 406 921702 431 621272 456 975765 481 1000355 506 1037736 531 1249251 555 1354384 580 1477617 605 1513844 630 1731375 655 2002411 680 1407289 681 0
1 78
81 3 1014 70 0.9228225891450248 0.002806647280893981 0
20 122 0 123 589365 147 747862 172 754193 196 614836 221 571091 245 592790 270 604927 294 646139 319 1024243 343 1655757 368 1320807 392 1326175 417 1340931 441 1099280 466 3116733 490 2680124 515 1678917 539 2042928 540 0
1 79
82 1 1359 78 0.9272144700334366 0.0952842140900031 0
10 473 0 474 868833 499 580671 525 840057 550 1297188 575 1497542 600 1857103 626 2522908 651 3400892 652 0
0
83 3 1144 22 0.9280231697836195 0.048716758980300263 0
19 135 0 136 1300066 160 1420346 185 1634674 209 1953673 233 1269493 258 1601859 282 1924155 306 2092064 331 2406711 355 2641789 379 1569534 403 1081800 428 793498 452 840075 476 437093 501 384544 525 385299 526 0
1 82
84 2 1075 308 0.9142185569102981 0.14586302223509398 0
28 70 0 71 2605735 96 2831112 121 3079636 146 2262849 171 2826670 196 3486978 221 2951527 245 2520673 270 2601670 295 1126307 320 1326480 345 823495 370 933419 395 473797 420 222809 445 185841 470 184666 495 132975 520 136257 544 160322 569 223371 594 242705 619 283163 644 451016 669 346262 694 227177 695 0
0
85 3 621 198 0.9154954030089467 0.026885747851574937 0
25 122 0 123 4413238 148 2984435 173 2927328 198 2656560 223 842111 248 928843 273 900501 298 804999 323 770216 348 916260 373 559829 397 485899 422 503087 447 548888 472 508826 497 536260 522 571084 547 412289 572 945678 597 943014 622 1379281 647 894365 672 711667 673 0
2 84 86
86 1 806 241 0.924496560569844 0.02243596142783765 0
10 69 0 70 1754995 96 1445446 123 994227 149 678738 176 804662 202 725070 229 1071311 255 1288528 256 0
0
87 3 1212 84 0.9224262338078576 0.028991917563005717 0
19 44 0 45 335699 70 681773 95 788691 120 928239 145 1064729 170 1888785 195 1983492 220 1501216 245 1616749 269 1285202 294 1313823 319 1137462 344 1118318 369 761852 394 928060 419 875614 444 1570318 445 0
0
88 2 1028 2 0.9261298315078947 0.04171477649425482 0
24 101 0 102 3853200 127 3219900 152 2412868 178 1584832 203 1443290 228 803702 253 707431 279 469227 304 559442 329 375244 354 307629 380 277600 405 276776 430 226717 455 348270 481 244043 506 283155 531 418748 556 374087 582 405050 607 460441 632 516686 633 0
1 87
89 2 765 246 0.9217959961139979 0.029707468048602113 0
17 99 0 100 2081949 125 2127453 150 2275811 174 2563046 199 2606986 224 2402016 249 1005945 273 771103 298 516281 323 564008 348 312682 373 224964 397 284605 422 396551 447 297501 448 0
0
90 1 699 133 0.9164440381774267 0.11494468875884624 0
10 393 0 394 2709665 421 2502206 447 1743281 474 1352279 500 1166377 527 1177663 553 1398009 580 1509309 581 0
1 89
91 1 527 2 0.9237634861685992 0.08964571333385678 0
14 257 0 258 837369 282 964685 306 976392 330 1225307 354 996261 378 773994 401 794876 425 1583480 449 1777990 473 1495376 497 2646070 521 3061303 522 0
0
92 2 806 215 0.9284273953486051 0.12025372992727118 0
16 345 0 346 1623828 371 1653286 396 1168426 421 786885 445 1066817 470 726280 495 738145 520 500589 545 1064788 570 1984069 594 1222440 619 2231734 644 2019763 669 1677375 670 0
2 91 93
93 2 1109 5 0.9277843752059891 0.03775556785457044 0
28 84 0 85 378256 110 405933 134 266313 159 211692 183 245362 208 201886 233 262733 257 565168 282 588882 306 514074 331 631106 356 722829 380 966420 405 1244319 429 1045072 454 987004 479 1124952 503 906459 528 1632122 552 1634983 577 820946 602 2521134 626 3348288 651 3181887 675 2914621 700 3772714 701 0
0
94 1 1137 142 0.926174355348484 0.09423242573773362 0
17 46 0 47 708439 72 1123792 97 1560001 121 2290677 146 1802337 171 947762 196 1141459 221 690701 245 704800 270 932885 295 879203 320 571601 344 602094 369 705714 394 316642 395 0
0
95 2 1307 237 0.9251723431330497 0.04253331621190051 0
16 247 0 248 2570410 274 2025318 299 1937263 325 1331718 350 1743478 376 1697357 402 1451994 427 2072022 453 1168130 479 808271 504 518661 530 311241 555 328761 581 302852 582 0
1 94
96 2 1041 117 0.9108709755954714 0.13654742777936552 0
27 77 0 78 395842 103 416600 129 725245 154 631549 179 385125 204 303767 229 216137 255 370765 280 464821 305 671260 331 443820 356 511039 381 714634 406 808052 431 788640 457 774129 482 860369 507 666562 533 821940 558 1357810 583 1985000 608 2232295 633 2837670 659 3951776 684 5895854 685 0
0
97 2 516 51 0.9121744719897068 0.019352423554920083 0
16 15 0 16 1005300 41 1836964 65 2077654 90 1669367 114 1780899 139 2084089 163 1742392 188 1351824 212 912503 237 956034 261 814020 286 803003 310 994077 335 869881 336 0
0
98 2 1249 70 0.9205933322261088 0.011004339112943606 0
8 1 0 2 2173904 28 1717894 54 1409464 79 2099942 105 2074770 131 1880838 132 0
2 97 99
99 2 1362 177 0.9209553044416768 0.13580802283977655 0
18 2 0 3 1173605 29 663855 54 815249 80 738282 105 678138 131 730226 157 716146 182 684239 208 1424518 233 1304336 259 1586669 285 1332784 310 1256984 336 1506225 361 2132737 387 2332329 388 0
0
100 3 1214 274 0.9140061425980702 0.06454824641455291 0
27 59 0 60 1616819 85 1089389 111 1555899 136 1102732 161 1400842 186 1542218 212 2648150 237 2976700 262 2814746 288 1712477 313 1031450 338 599625 363 416861 389 455347 414 374269 439 330481 465 229046 490 188015 515 192556 541 326754 566 290978 591 234903 616 419734 642 441314 667 424272 668 0
0
101 3 1362 284 0.914651041643042 0.057281869960712044 0
23 106 0 107 1607991 132 1436714 157 1816253 183 1643843 208 3018451 233 2399475 259 1328087 284 959054 309 798651 334 954956 359 981920 385 1089239 410 721734 435 698247 461 1025530 486 1141555 511 1649243 536 2517151 561 1332045 587 1770866 612 1537196 613 0
1 100
102 3 783 31 0.9208645871807017 0.1123053699362163 0
17 308 0 309 625975 334 867084 359 659826 384 584071 409 569273 434 676262 459 578549 483 694599 508 797264 533 578595 558 884172 583 1323559 608 1807587 633 2362928 658 2366106 659 0
0
103 2 1096 173 0.9292111995564245 0.1246459099898487 0
15 155 0 156 444780 181 552000 205 858436 229 611182 254 1141010 279 1164145 303 1147153 327 1174356 352 1504271 377 1728022 401 2151647 425 2763802 450 4169491 451 0
1 102
104 2 1419 272 0.9297061624745441 0.07220980762414227 0
15 206 0 207 897935 232 547534 256 614442 281 834220 305 1006597 330 1111271 355 1474588 379 1976226 404 1466730 428 1437219 453 1106640 477 2053330 502 2326090 503 0
2 103 105
105 3 1117 58 0.9132516444885436 0.041290231570679445 0
23 78 0 79 663486 104 945681 128 589960 153 634320 177 636685 202 602780 226 499897 251 566858 275 612814 300 1006400 325 1002911 349 889425 374 768740 398 1231899 423 1739942 447 1617689 472 1151654 496 1505876 521 1184301 545 934695 570 1216651 571 0
0
106 2 1479 183 0.9248224514535115 0.0036434746236699844 0
18 225 0 226 2390682 251 1733045 275 1919393 300 1433540 325 1336130 349 1457529 374 1361611 399 1162063 423 835748 448 709545 473 535153 497 451950 522 582861 547 370309 571 390965 596 327634 597 0
0
107 3 1365 186 0.9215077739166856 0.04077966032143807 0
14 146 0 147 2653118 171 1586180 195 1186060 220 1504268 244 1294500 268 687619 292 436449 316 528016 340 578685 365 558736 389 394328 413 788056 414 0
1 106
108 2 1437 75 0.9232961312849343 0.10176121988443491 0
31 1 0 2 1027333 27 908714 52 784658 76 1554693 101 2337243 126 2323551 151 1913369 175 2217583 200 2193968 225 3186260 250 2879958 275 2953264 299 3128640 324 1899857 349 1691514 374 1454473 399 1805877 423 1100898 448 775699 473 753605 498 584603 523 539344 547 299291 572 373033 597 692002 622 1130266 646 1262358 671 1386219 696 2220848 697 0
0
109 1 840 27 0.91109728374593 0.027542111061741547 0
27 25 0 26 1630771 51 1583067 75 1315488 100 1379849 125 1590676 150 1441519 175 1136198 199 1302838 224 1266086 249 1339749 273 1705644 298 1481084 323 2352042 348 1608049 373 805785 397 729292 422 1321431 447 899739 471 907585 496 821599 521 799393 546 901174 571 828123 595 553224 620 452970 621 0
0
110 2 1265 58 0.9137359791344651 0.07325472466110523 0
28 39 0 40 2423608 65 2850121 89 2408857 114 2181268 139 1722811 163 2150708 188 1877292 213 1820817 237 1582846 262 1816135 287 1269272 311 800360 336 409159 361 250953 386 326681 410 274782 435 266376 460 253187 484 366131 509 310054 534 288254 558 280974 583 337785 608 269687 632 216458 657 185951 658 0
0
111 3 1364 57 0.9241927417680638 0.10820402180162289 0
11 359 0 360 440245 385 476650 411 626345 436 955995 461 1105666 487 1882766 512 1621663 538 2504305 563 2684163 564 0
1 110
112 1 948 9 0.9208209564458351 0.012204714472904105 0
11 179 0 180 1228558 205 989929 230 1410643 255 1752418 279 2159815 304 2224091 329 1546385 354 1048262 379 779142 380 0
2 111 113
113 2 1247 62 0.9209464349833426 0.14589037279154662 0
13 185 0 186 2452624 210 1512984 234 1287120 258 1125918 282 1204309 307 1091133 331 590185 355 942169 379 1145011 403 1081919 427 1056435 428 0
0
114 2 1458 23 0.9183673238267589 0.1050534056182676 0
27 27 0 28 747081 53 1018633 78 1200246 103 1442878 129 1477917 154 2822499 179 3420311 204 1765336 229 809048 254 853322 279 823145 304 734932 329 872846 355 366106 380 755389 405 659329 430 380167 455 361215 480 526012 505 379409 531 308549 556 209543 581 221840 606 252160 631 180646 632 0
0
115 3 1225 96 0.9175072044219704 0.031446306474652026 0
10 487 0 488 1616928 514 2274991 539 1386281 565 1202166 591 1724284 617 1356748 642 2026306 668 1241774 669 0
0
116 1 874 296 0.9114864226533483 0.13398411782244846 0
22 106 0 107 720170 132 692340 157 936531 182 794820 207 664210 232 725598 257 538843 282 500931 307 670012 332 846666 356 956911 381 1308741 406 1492889 431 1296333 456 1225146 481 2156602 506 2579751 531 2130585 556 1862723 581 1502589 582 0
0
117 1 830 256 0.9282125836700832 0.1480777624516959 0
24 48 0 49 2870602 74 3854236 100 4756784 125 4104487 151 2734713 176 1578240 202 1598002 227 1093765 252 929504 278 772915 303 792307 329 891420 354 1204887 380 969744 405 679332 430 622019 456 548753 481 723462 507 1013788 532 822602 558 634807 583 684901 584 0
1 116
118 2 1468 128 0.920383691092949 0.09981871230660122 0
26 49 0 50 2493437 75 2793986 101 3860230 126 3473710 152 3432325 177 2862109 203 2078684 228 986370 253 1690791 279 1163348 304 908283 330 1024363 355 772958 381 1026736 406 1220747 432 1549025 457 1599967 482 1659136 508 1611969 533 1344532 559 1135502 584 720863 610 333420 635 371088 636 0
1 116
119 1 828 266 0.9249376845498687 0.09271639746298525 0
24 151 0 152 5860016 177 3518086 201 1844148 226 2453577 250 2007411 275 1727504 299 1763392 324 909898 349 443802 373 426380 398 353043 422 323116 447 384958 471 459446 496 695484 521 847616 545 755508 570 585260 594 371130 619 304560 643 287759 668 281033 669 0
0
120 2 1283 241 0.9105319079102875 0.10865883775336206 0
9 84 0 85 479303 110 620904 134 671429 159 811889 184 1255326 208 1432165 233 1627557 234 0
1 119
121 2 1391 8 0.9127276321849778 0.03445444818120203 0
12 289 0 290 3367600 315 1908880 340 2604521 364 1608284 389 1177337 414 1241854 439 940705 463 1137701 488 886537 513 1013089 514 0
0
122 1 919 32 0.9117496081188411 0.08865170049543762 0
27 41 0 42 350488 67 519589 93 439810 118 346728 144 336114 169 351445 195 336069 220 419136 246 510541 271 547739 297 804970 322 477813 347 441537 373 631775 398 525462 424 561724 449 798794 475 999016 500 966942 526 1070036 551 1450242 577 1490448 602 2705157 628 1992625 653 2179996 654 0
1 121
123 1 1442 96 0.9246111708593271 0.004629784073784731 0
16 238 0 239 1960692 264 1740833 289 2135744 313 2030732 338 2145393 363 1585050 388 1221336 412 1321794 437 1052461 462 995868 487 1269121 511 937007 536 1268509 561 1141414 562 0
1 122
124 2 645 88 0.9211790414607064 0.09063036579793265 0
17 198 0 199 517870 225 727251 250 1104075 276 1913822 302 1322011 328 1226716 353 1530602 379 1017754 405 1463400 430 973173 456 1130224 482 2027669 508 4051511 533 3356949 559 2722591 560 0
0
125 3 1154 156 0.92599249929881 0.07778413636698277 0
17 228 0 229 1404024 254 1329385 278 1272343 303 1409700 327 1256724 352 759429 376 1472277 401 1354258 426 1128216 450 1125902 475 1285017 499 2109666 524 2239009 548 2112856 573 1906254 574 0
2 124 126
126 3 790 114 0.9191077379933765 0.10629284676209387 0
23 73 0 74 1756621 98 999424 123 1088889 147 837281 172 863726 196 934648 220 979762 245 1046126 269 1419881 294 1707811 318 1688119 342 1759192 367 1222238 391 1198009 416 1133912 440 810266 464 1030268 489 860425 513 983254 538 1240728 562 1005422 563 0
0
127 1 1089 57 0.9235273584118229 0.041500871518248474 0
18 63 0 64 1286994 89 990316 115 961465 140 1156314 165 991400 191 962359 216 629588 241 792324 267 1517470 292 1748627 317 2721918 343 1948903 368 1885971 393 1420648 419 1463849 444 1392128 445 0
0
128 1 1394 275 0.9263852959435162 0.13945391343600663 0
18 319 0 320 889192 345 920639 371 1607414 396 2174652 421 2169347 447 1770016 472 1228009 497 1154505 523 573388 548 561807 573 652087 599 472355 624 432514 649 483606 675 768140 700 607470 701 0
1 127
129 1 804 284 0.9202022765864561 0.030254911604443657 0
19 263 0 264 1868339 289 2363731 315 2015731 341 1146673 366 1134857 391 1287718 417 1123428 443 1171736 468 1408690 493 866107 519 496883 545 882064 570 1097023 595 1518202 621 1568600 647 1760287 672 2206289 673 0
2 128 130
130 1 555 196 0.9167247376917146 0.0042424950218685415 0
12 336 0 337 1085826 363 865537 388 1029034 414 1213244 440 1356490 465 1272875 491 1116994 517 1025433 542 1284516 568 683513 569 0
0
131 1 1075 42 0.9140958724401586 0.12348456727097881 0
13 157 0 158 1642882 183 1798185 207 1644338 231 976230 256 1416553 281 1438642 305 2270220 329 2735546 354 2342288 379 1635681 403 2066965 404 0
0
132 3 915 92 0.9171102365033694 0.02521619662115405 0
30 18 0 19 2820097 44 2329144 69 1428239 95 1357573 120 1073789 145 950145 170 1229939 195 906455 220 1304457 246 2352405 271 2604781 296 1802483 321 1000488 346 875687 372 598503 397 591278 422 369968 447 456031 472 317555 498 340069 523 820367 548 990371 573 1910988 598 2905202 623 1829509 649 2424333 674 3243635 699 3536507 700 0
0
133 3 1175 148 0.9100057392147908 0.08819668917145053 0
16 168 0 169 1152289 194 1486940 220 1554577 245 1350645 270 1287848 296 999830 321 1255551 346 1064815 371 1854863 397 2660228 422 2027392 447 1878747 473 1993695 498 2093958 499 0
1 132
134 2 513 104 0.9170749062246327 0.06273281843619812 0
28 18 0 19 2032889 44 1585897 69 2444311 93 2409551 118 3433436 143 3609680 168 3409244 192 1806100 217 1740454 242 2057830 267 1310315 291 1436067 316 1036963 341 731195 366 1021178 390 956415 415 592524 440 496289 465 379754 489 315765 514 320823 539 437649 564 450012 588 460867 613 431656 638 363486 639 0
0
135 1 911 305 0.9203007571194944 0.1371589943099997 0
9 468 0 469 2522930 496 1765769 522 892630 549 889927 576 1041294 602 936570 629 1736000 630 0
0
136 3 1358 86 0.9116716327747832 0.10829695288684275 0
14 180 0 181 580712 205 441742 229 455504 254 677030 278 851743 302 797166 326 1476085 350 1839443 374 2600038 399 2507923 423 2876375 447 2889612 448 0
0
137 3 893 321 0.9267380450870439 0.013910022066409533 0
14 1 0 2 895046 26 895982 50 883073 75 1059085 99 1459790 123 769294 147 665082 171 1557915 195 1160366 220 959216 244 950390 268 1054249 269 0
1 136
138 1 843 197 0.9170726632296287 0.08239904005869093 0
30 28 0 29 935231 54 763157 78 591013 103 798338 127 1226022 152 1492937 176 1124784 201 1566108 225 1054486 250 571470 275 587065 299 615450 324 829783 348 877027 373 703080 397 1651289 422 1126708 446 1106226 471 558104 496 608578 520 656549 545 880744 569 1127286 594 1316631 618 2197418 643 2473750 667 1981753 692 1075870 693 0
2 136 139
139 2 539 38 0.911088451104974 0.12517515590856407 0
13 277 0 278 790087 303 506471 329 548946 355 423190 380 778953 405 1212844 431 1467310 457 1766219 482 1577343 507 1001379 533 965057 534 0
1 137
140 1 1229 3 0.9291467361439933 0.04307292221724538 0
25 51 0 52 927102 76 783109 101 1642588 125 1403900 150 1611609 174 2077274 198 3024016 223 1505874 247 1200566 272 693887 296 577707 321 1184202 345 1379476 369 1148240 394 1278924 418 790848 443 1577434 467 2278330 491 3198455 516 1817412 540 1352381 565 1387798 589 791552 590 0
0
141 3 1244 257 0.9196578735508604 0.11947313284244147 0
10 42 0 43 1532057 68 1781294 94 1342148 119 1243496 144 1229832 169 580670 195 338797 220 319067 221 0
1 140
142 2 1325 127 0.9209409535020934 0.022167891663237748 0
24 111 0 112 1451861 137 1475619 163 1499717 188 2802767 213 2342322 239 4926474 264 3560649 289 2165126 315 1761119 340 2074850 365 1152249 391 778273 416 841613 441 458690 467 682732 492 480037 517 533767 543 447877 568 460373 593 453109 619 310777 644 316147 645 0
0
143 3 839 75 0.9118588641413414 0.05960742424934754 0
18 43 0 44 1256672 69 1679877 93 942506 118 1174206 142 899806 167 487072 191 507666 216 810656 240 692306 265 1084893 289 2288081 314 1419325 338 824637 363 1050236 387 1059326 412 1988515 413 0
2 142 145
144 2 920 266 0.9226657654161851 0.12016288954919917 0
24 19 0 20 2394507 45 2435408 70 1446260 95 1307887 121 1132934 146 1024260 171 1466712 196 1840742 221 1246973 246 1055445 271 1452005 297 1419322 322 980381 347 910165 372 747960 397 628261 422 786691 447 414078 473 430965 498 499863 523 429194 548 408798 549 0
0
145 1 750 52 0.9120843802209047 0.13926103528568906 0
13 232 0 233 1578745 258 2405157 282 2641709 307 1949036 331 2270316 356 1818928 381 1582932 405 1882861 430 2228174 454 1841842 479 1390909 480 0
1 144
146 3 783 128 0.924805566151478 0.008046632116528606 0
17 89 0 90 1421369 116 1894033 142 2290792 167 1578546 193 1894352 219 1764314 245 1188154 271 1527586 296 1015622 322 1206953 348 1317680 374 830751 399 729575 425 1074521 451 1507391 452 0
0
147 2 993 30 0.9267042787726474 0.09896361492208486 0
30 10 0 11 3185663 36 4217033 61 3145363 86 2575909 111 2118919 136 2390540 161 2621738 186 1703019 211 1099741 236 1259243 261 1269495 286 1683134 311 2428773 336 1948964 361 1386812 386 1577047 411 1675951 436 998944 461 833329 486 727550 511 747977 536 700147 561 417099 586 693649 611 802663 636 526959 661 1158554 686 1551343 687 0
1 146
148 1 1058 204 0.920365356681941 0.020420211283890783 0
21 258 0 259 807243 283 1206767 308 1197625 332 1531980 357 1530067 381 1487597 406 1742992 430 1344748 455 802097 479 1027315 503 675196 528 653251 552 971106 577 740481 601 884763 626 1012828 650 1083686 675 600359 699 756282 700 0
0
149 2 513 81 0.9177906843069703 0.030916277700951116 0
19 144 0 145 2295725 171 1386005 196 1337418 222 2043618 247 2806945 273 844731 298 834607 324 607048 349 394179 375 321506 401 313713 426 241942 452 608871 477 558401 503 253518 528 261032 554 187124 555 0
2 148 150
150 2 1075 65 0.925462188469541 0.05795786189379512 0
10 450 0 451 1886228 475 2808230 499 2110183 523 2747174 546 1635430 570 1566085 594 973254 618 581150 619 0
0
151 1 551 202 0.9229966371212073 0.08504471328056647 0
27 39 0 40 1430844 65 1692285 91 2055004 116 1295036 141 1209072 166 1593135 192 1573308 217 2032735 242 2354713 268 2322523 293 2302453 318 2133398 343 3459241 369 2756545 394 1181272 419 1306797 445 536511 470 567709 495 466473 521 450060 546 873950 571 1027947 596 699660 622 726982 647 1439977 648 0
0
152 3 644 33 0.9272122797870733 0.10884331037693266 0
13 36 0 37 1558315 62 857219 87 1243634 113 978144 138 771204 163 974674 188 1016025 213 1039620 239 949433 264 729204 289 722460 290 0
1 151
153 1 675 321 0.9188890966027778 0.006273694800675689 0
21 213 0 214 1046281 238 1608879 263 919614 287 747303 311 1496428 336 1355169 360 2017658 384 2296393 409 2544465 433 2139395 457 1260486 482 1034241 506 1016923 530 1209882 555 576280 579 391833 603 866204 628 936764 652 1561805 653 0
2 151 152
154 1 620 109 0.9280166951553146 0.04959298464339427 0
29 15 0 16 314776 41 473088 66 687321 91 701997 115 607710 140 880137 165 858547 190 895856 215 1040196 240 1255996 264 1342713 289 1571875 314 1649973 339 1362681 364 1228148 389 1019648 414 1290173 438 993353 463 1440803 488 2071403 513 3083043 538 2462364 563 1895854 587 1854633 612 1742631 637 1429902 662 1502044 663 0
0
155 2 1261 79 0.9217976113209975 0.010212438137501683 0
12 104 0 105 435565 131 667932 157 990148 183 987436 209 745019 234 1216429 260 1474815 286 1424856 312 1344993 338 959261 339 0
1 154
156 2 824 22 0.9239732984358773 0.0233784601636829 0
17 122 0 123 876685 149 821742 174 1062141 200 933731 226 558096 252 512622 277 804781 303 1280047 329 1349469 354 1374814 380 1539685 406 1705780 432 2888433 457 2793744 483 3240936 484 0
0
157 2 1052 197 0.9102269627915587 0.1494635215624628 0
28 0 0 1 490826 26 726860 51 778510 76 391785 101 676768 127 875256 152 1230167 177 1409165 202 1683337 227 1480218 252 3298472 277 2570798 302 1988340 328 1619335 353 1180450 378 2054865 403 2771897 428 2655320 453 2147913 478 1422704 503 688207 529 730760 554 946786 579 1358523 604 1539679 629 1580097 630 0
2 156 155
158 1 1311 200 0.9207263828225797 0.09330131880275233 0
20 21 0 22 1549144 47 2941960 73 1036468 98 819395 124 991505 149 835651 174 950942 200 1762336 225 1634443 251 1641533 276 1253752 302 904362 327 589136 352 818642 378 856334 403 1257499 429 1586212 454 1352746 455 0
0
159 3 1222 311 0.9196252722661223 0.11132096180629172 0
12 278 0 279 986980 303 1330308 328 1693449 352 1902960 376 3285588 401 1674622 425 1597492 449 1198392 474 1104373 498 2049036 499 0
0
160 3 742 285 0.9216936838392012 0.07165415537046602 0
28 38 0 39 1159130 63 1123691 88 1551355 112 1497764 137 1261837 161 1804705 186 1464811 210 940854 235 1137937 259 1311636 284 908502 308 2111025 333 1270778 357 580751 382 695331 406 527134 431 550929 455 426210 480 569933 504 780115 529 1106797 553 1528707 578 1833896 602 1616509 627 1683405 651 1713860 652 0
1 159
161 2 1090 39 0.9254354360468087 0.10043010540666447 0
12 352 0 353 206942 379 231363 404 460293 430 433816 456 915705 481 635388 507 955710 533 1510856 558 1792191 584 1428829 585 0
0
162 1 743 32 0.9115056138253478 0.07294179957967117 0
30 11 0 12 1516928 37 2048163 62 2749533 87 2226296 112 2126841 137 2374191 162 2726206 187 1818499 212 802610 237 683665 262 627068 287 545784 312 450170 337 372218 363 370469 388 210466 413 399964 438 492414 463 681198 488 263943 513 165280 538 72620 563 160628 588 205924 613 500494 638 480739 663 286819 688 245658 689 0
0
163 2 1089 42 0.9229957861610163 0.06980099701280333 0
22 99 0 100 1070699 124 882047 149 1037798 173 982398 197 1073822 222 964249 246 1339047 271 830998 295 865703 319 1089181 344 1411976 368 1777401 392 1837878 417 1423203 441 2084826 466 1953123 490 1586448 514 1256445 539 1786514 563 1740811 564 0
2 162 164
164 1 1402 265 0.9244144810389674 0.09212787797937312 0
16 232 0 233 1952665 257 1571193 282 1058371 306 1437768 330 1050394 355 593553 379 1516260 403 1580465 427 2602597 452 2063704 476 1591858 500 1398717 525 1458233 549 1678679 550 0
0
165 2 966 144 0.9232200198992762 0.1199129670292519 0
15 176 0 177 1112141 201 1105490 225 987844 250 1665042 274 1831436 298 1177207 323 1599244 347 1035697 371 1953613 395 1934802 419 1304519 444 885668 468 889905 469 0
0
166 1 1078 201 0.9275954515297536 0.05083307914464023 0
15 132 0 133 501804 157 918773 181 1108351 205 1221410 229 794743 253 1129344 277 898499 300 1745044 324 1408979 348 2164859 372 1885722 396 1644192 420 1097883 421 0
1 165
167 2 763 214 0.9151070766339214 0.05663479148283439 0
14 198 0 199 690066 225 899824 250 868593 276 717148 302 674198 327 1079281 353 1266865 378 986424 404 1162375 430 1694737 455 1837136 481 1613659 482 0
1 165
168 1 749 3 0.9244543083868401 0.003267231085483918 0
15 76 0 77 1176440 103 1148884 129 1794830 154 1013847 180 1354487 206 1599953 231 2713280 257 2861167 283 2188932 309 1610099 335 1900290 360 2340327 386 2797052 387 0
0
169 3 823 94 0.9251706765686388 0.08763027933828438 0
29 39 0 40 1771596 65 2194023 90 2319667 114 3273558 139 2035521 164 2406855 189 1413469 213 1157153 238 1457159 263 1245885 288 1204586 312 1153227 337 1572727 362 1927969 387 1352987 412 941058 436 795034 461 1026228 486 1565129 511 2189096 535 1794891 560 1505180 585 1090843 610 1158858 634 668321 659 671812 684 1068085 685 0
0
170 1 1309 198 0.9243801711786761 0.00822784958151358 0
29 7 0 8 2109946 33 2054749 59 1122674 84 1062586 110 1044254 135 1375959 160 838853 186 627420 211 978712 236 644084 262 776342 287 1070685 313 1529926 338 1090404 363 756778 389 523387 414 588605 440 525214 465 751338 490 852225 516 744464 541 722686 566 613030 592 621633 617 632413 643 510929 668 428461 669 0
1 169
171 2 989 87 0.9298015094094799 0.0472436418396154 0
30 3 0 4 4019554 29 4922910 55 3501999 80 1839903 105 1620608 130 1099333 156 1259722 181 1326703 206 2108560 231 2169762 257 2236082 282 1931872 307 2070556 332 1166957 358 834515 383 424253 408 612004 433 284065 459 251099 484 183697 509 334190 534 383616 560 888624 585 471429 610 740970 635 757154 661 618623 686 665967 687 0
3 169 170 172
172 1 1463 44 0.9261880550241784 0.08399508581513387 0
30 7 0 8 1580686 33 2203287 58 2387669 84 1597371 109 2006219 134 1685394 159 1313168 185 783655 210 625267 235 588457 260 581690 285 661089 311 551589 336 450256 361 282420 386 538369 412 693398 437 860432 462 561340 487 692433 512 543231 538 494516 563 512811 588 1120299 613 1122273 639 730276 664 594487 689 475668 690 0
0
173 2 726 231 0.9120961360176141 0.06057234453929273 1
29 37 0 38 1611992 63 1501788 88 1489245 113 1906054 138 2307328 164 2376306 189 2155445 214 2683803 239 2363584 264 2062959 289 2550226 314 2222720 339 2123234 365 1289553 390 1874103 415 1642024 440 1413384 465 995267 490 1263963 515 1221570 540 856107 565 638146 591 522968 616 296507 641 243884 666 466310 691 364368 692 0
0
174 3 1481 268 0.9178077812148069 0.12943916931910573 0
19 25 0 26 1832354 51 1219885 76 873511 101 878254 126 961775 151 744611 176 935611 201 1467179 226 1712174 251 1704144 276 3407536 301 3523294 326 2542242 351 1981803 376 1512640 401 1596899 426 1584496 427 0
0
175 3 1488 23 0.9257018240320958 0.07601540225350427 0
15 144 0 145 279779 171 319501 197 341733 223 213238 248 195923 274 212073 300 623151 326 759318 352 1759406 377 1901911 403 1449832 429 1245922 455 1513196 456 0
1 174
176 2 721 67 0.9248118808542315 0.06458477028690557 0
24 62 0 63 93994 88 110912 113 137868 139 87640 164 125420 189 110388 214 152478 239 211060 265 392090 290 494926 315 565311 340 762854 365 1328454 390 1353205 416 1531670 441 2776328 466 2036484 491 1169879 516 1830882 542 1369612 567 2078285 592 1497454 593 0
1 175
177 1 1383 188 0.9272892629770896 0.09338500747813888 0
24 58 0 59 897952 84 1371500 109 1316207 134 1082075 159 1303986 184 1294261 210 997248 235 1184078 260 913301 285 1482759 310 1166493 335 1584301 360 1754255 385 2307796 410 2095635 435 2200597 461 1476118 486 1539713 511 1729371 536 1863995 561 1446426 586 1676116 587 0
2 175 176
178 2 1224 124 0.9262873511631516 0.024689213142622356 0
23 64 0 65 401990 90 337050 116 539890 141 1067132 166 684726 191 1184711 217 1009307 242 945402 267 837565 293 850484 318 1534032 343 1766151 369 1720990 394 1360348 419 1560360 445 1931107 470 1602119 495 2339856 520 1533459 546 1508018 571 1078802 572 0
0
179 3 1158 99 0.9143121378432816 0.13643748870356065 0
18 189 0 190 2030788 214 1479012 238 1925550 262 1195086 287 1237895 311 1163734 335 1005320 359 864315 383 1198695 407 1373016 431 1064517 455 1086820 480 966016 504 698152 528 313980 552 467244 553 0
0
180 3 1389 56 0.9242370777964056 0.01553639655696068 0
25 14 0 15 1022090 40 768404 66 856995 91 1771021 116 1678630 142 1339116 167 1041354 193 548624 218 647940 243 459514 269 384145 294 275940 319 670846 345 753677 370 807092 395 1125242 421 1436483 446 1242293 472 998022 497 745936 522 864164 548 1128133 573 806118 574 0
1 179
181 2 1354 259 0.9228247661546732 0.05001446890599238 0
21 178 0 179 2501597 203 1777534 228 1176145 252 1106809 276 1457496 301 884389 325 1198758 349 1565835 374 1264224 398 952540 422 864507 447 728063 471 794718 495 703320 520 407450 544 310373 568 287486 593 262230 617 330831 618 0
0
182 1 1150 31 0.9121808698093481 0.11377600566742821 0
16 167 0 168 2504006 193 1799686 218 2184928 243 2045047 268 1976069 293 1103486 318 879108 343 688252 368 1097540 393 908696 418 953883 443 1298681 468 1635088 493 1255627 494 0
1 181
183 1 1425 28 0.9106294732244969 0.08994791947272796 0
15 330 0 331 1393508 357 1814239 383 602658 408 857606 434 898793 460 1371927 485 995117 511 1053998 537 1711533 563 754445 589 1025991 614 623472 640 591392 641 0
1 182
184 2 833 3 0.9132472736733251 0.02507949737194922 0
30 34 0 35 749066 60 2148642 84 1893607 109 1482464 134 1295700 158 1231455 183 1620552 207 2150052 232 2166393 257 2066009 281 2415398 306 2973195 331 2317358 355 3193173 380 1475359 404 967353 429 1509419 454 1383742 478 1321614 503 1759929 528 998464 552 1675815 577 1538028 601 1604467 626 1909453 651 1777197 675 2357874 700 1719271 701 0
1 183
185 2 738 27 0.9200855257760294 0.11649387606777004 0
20 200 0 201 1905359 227 1900658 252 1819516 278 1954487 304 1040196 329 955335 355 1664971 381 1765376 406 1617476 432 1680817 457 1228644 483 1345404 509 1211818 534 1123061 560 914955 586 887983 611 848353 637 828946 638 0
0
186 3 556 107 0.9122582856941631 0.14604335644861152 0
21 156 0 157 880408 181 1208944 206 897477 230 864886 255 1151882 279 1190248 304 1450752 328 2348897 353 2412131 377 3111301 401 1941878 426 1712757 450 2135763 475 1602660 499 1773200 524 1301785 548 866635 573 909809 597 602678 598 0
1 185
187 2 811 191 0.920709434120966 0.031060109801158642 0
29 9 0 10 952913 35 891511 61 1279001 86 1034452 112 862770 137 703583 162 650615 188 695325 213 1145990 238 1251044 264 1720603 289 2251427 315 1634726 340 1016996 365 959859 391 813461 416 621717 442 839419 467 1040876 492 810318 518 1424741 543 734631 568 714469 594 836588 619 1038439 645 948411 670 843680 671 0
2 185 186
188 2 851 65 0.9244161890060171 0.009643218953576825 0
29 16 0 17 1822516 42 1701625 66 1223824 91 1033362 116 598392 140 900371 165 871305 190 933776 214 1205375 239 1130043 264 772751 288 598483 313 578320 337 599953 362 881623 387 1057698 411 650191 436 693254 461 621726 485 608531 510 980955 535 646985 559 1106636 584 2736630 609 2742096 633 2700111 658 2811867 659 0
3 185 186 187
189 1 1047 125 0.9243943527821692 0.06927678271881917 0
29 20 0 21 1913858 46 2464385 71 1575706 96 2567827 121 2725248 146 1786034 171 2810556 196 3325167 221 3059553 246 2686739 271 1558934 296 2477125 321 1836804 345 1163208 370 1408498 395 1358262 420 904928 445 1252898 470 1248747 495 634055 520 838871 545 1329302 570 784567 595 668372 620 793881 645 884141 670 1313563 671 0
0
190 1 737 119 0.9146032190722744 0.08667305131480647 0
31 1 0 2 1121512 27 1082097 52 708822 77 912779 101 799184 126 849774 151 1502432 176 2417253 201 2203918 226 1577039 251 1462953 275 1421449 300 1577780 325 970937 350 496712 375 625958 400 587977 425 505924 449 899815 474 797959 499 974721 524 423294 549 611090 574 422923 599 391468 623 418704 648 323581 673 269566 698 149637 699 0
1 189
191 1 948 115 0.9174693108873011 0.08187627147201167 0
22 2 0 3 899321 28 913514 53 778985 78 630162 103 704511 129 831132 154 1100717 179 883527 204 1898118 229 2099880 254 1664670 279 1363084 304 1329300 329 1453032 354 1657976 380 1172870 405 1208540 430 1308313 455 946883 480 1296784 481 0
0
192 3 1140 70 0.917593672756483 0.015215085600368682 0
11 205 0 206 1940299 230 2185836 254 2610317 278 1623421 302 1758933 326 2080035 350 2242603 374 1624850 398 1136519 399 0
0
193 2 1292 255 0.9276684165145187 0.08868054808301824 0
16 243 0 244 3170683 268 1639578 293 1745867 317 1577033 342 1950103 366 1505070 391 1476082 415 1499208 440 677280 464 951490 489 1111778 513 582541 538 489423 562 498212 563 0
1 192
194 1 991 32 0.9171260418130872 0.11335368082645891 0
25 120 0 121 1146664 146 959340 171 988091 197 1012140 222 779555 247 601114 272 465453 297 870931 322 779259 348 1087207 373 1067353 398 1293056 423 577475 448 699018 474 1228332 499 1327614 524 1511302 549 2953010 574 3335932 599 2521170 625 2568840 650 2636278 675 2297843 676 0
2 192 193
195 2 1011 299 0.9183492150793944 0.08828417737198889 0
27 22 0 23 2057810 48 1431606 74 1064425 99 1338828 125 617077 150 674913 176 598714 201 504581 227 550255 252 882918 278 1201843 303 1897023 329 2155048 354 2894130 379 2111444 405 1424806 430 1120694 456 1632491 481 2018834 507 2165703 532 995123 558 1933362 583 3010258 609 2739252 634 2901406 635 0
0
196 1 984 148 0.9139236520132497 0.08066184523652975 0
25 124 0 125 102726 150 172177 175 243096 200 368377 225 376793 250 367007 274 290104 299 401475 324 437100 349 474537 374 367596 399 340674 424 410131 449 638225 474 636269 499 907273 524 1391389 548 1992772 573 1786228 598 1650935 623 1947674 648 3543881 673 4717154 674 0
2 195 197
197 1 1210 280 0.9253596362828619 0.03253165850716767 0
19 131 0 132 900597 157 971790 181 1033942 206 1170469 231 1442697 256 1270331 281 1967648 305 1489722 330 878951 355 631483 379 834630 404 652894 429 945980 454 1016799 479 940812 503 1217762 528 2095836 529 0
0
198 2 1362 206 0.9179147255018839 0.02700343198386134 0
8 416 0 417 530349 443 1080662 469 801068 495 1446008 521 1559824 547 2028874 548 0
0
199 1 507 231 0.9199995077779395 0.007794502569447359 0
19 106 0 107 272632 132 149237 157 276467 181 242854 206 205217 231 269412 255 400343 280 454849 305 459692 330 511411 355 332387 379 538171 404 779498 429 869225 453 1362441 478 2287766 503 3333524 504 0
1 198
200 3 1329 281 0.9289420731115182 0.09465544646230813 0
26 75 0 76 5114822 101 2345880 125 2113131 150 1569544 174 1213374 199 1119767 223 1828485 248 1894361 272 2720611 297 1651502 321 1362086 346 1755540 370 1119368 395 745082 419 561557 444 394127 468 634749 493 472805 517 443748 542 350226 566 258941 591 237824 615 192252 640 280304 641 0
1 199
201 3 1196 31 0.9158901785670747 0.08319409292491162 0
18 50 0 51 3640415 75 3262079 100 1794517 124 1524070 148 1108735 173 1140185 197 941893 221 744906 246 691714 270 626652 294 1057008 319 897715 343 678240 367 586395 392 528325 416 721525 417 0
1 199
202 3 924 302 0.9187992481581218 0.040033482652608816 0
9 505 0 506 1326000 530 1486132 555 1463701 579 996265 603 1066348 628 804256 652 1329723 653 0
0
203 1 901 301 0.9104763793791496 0.008460127371627246 0
27 25 0 26 465718 51 413239 75 484150 100 461246 124 601786 149 836281 173 1136150 198 874501 223 915016 247 565137 272 1064930 296 855475 321 851723 346 1132541 370 1770648 395 3550615 419 2698798 444 1428965 469 1539855 493 1814755 518 3487794 542 3953581 567 3651098 591 2462848 616 2526689 617 0
1 202
204 1 903 58 0.9167420169350381 0.028586209397919907 0
22 71 0 72 1777753 97 1234455 122 911752 147 979960 173 1020491 198 1338857 223 1030115 248 1208653 273 1482362 298 1577831 324 2031447 349 1707312 374 2075677 399 1504129 424 1471923 449 1411217 475 2425166 500 2088839 525 2182115 550 1752446 551 0
0
205 3 1075 321 0.9165986070133345 0.112927907805449 0
22 101 0 102 1069604 127 1438564 152 996813 177 907940 202 1027566 228 953455 253 1102783 278 1013329 303 1164917 328 926549 353 990341 378 1132617 403 1057506 428 1416269 453 921364 479 1325716 504 540590 529 436083 554 445228 579 430460 580 0
1 204
206 2 937 202 0.9227996841436965 0.02510327127599945 0
27 80 0 81 999205 106 804849 131 462596 155 1017345 180 991323 205 773183 230 1339726 255 1223996 279 1684515 304 1812556 329 1488495 354 1658659 379 1916372 403 1796061 428 2029087 453 2223844 478 2047726 502 939459 527 806584 552 624081 577 563427 602 529821 626 577245 651 948167 676 819581 677 0
1 204
207 2 1449 18 0.915033015993958 0.06129458510197021 0
27 69 0 70 919523 95 1100628 120 1259223 146 1589873 171 1742480 196 1562762 221 1242563 246 2200047 272 2622782 297 1499422 322 604451 347 487051 373 494565 398 560297 423 450989 448 401945 473 533215 499 401028 524 306090 549 171099 574 172678 599 112794 625 83630 650 62620 675 47782 676 0
3 204 205 206
208 3 1130 130 0.9292183985291008 0.11598717136898215 0
18 284 0 285 1781340 310 1768408 334 1204207 359 1083287 383 1040141 408 1154212 433 1072560 457 714531 482 515588 506 669664 531 1323931 556 1737528 580 755371 605 746584 629 715612 654 816849 655 0
0
209 2 1379 166 0.9242021270881292 0.069183676039982 0
13 93 0 94 571538 119 866358 144 1382837 169 1491445 194 2624365 219 2703228 243 1954142 268 1322138 293 1656544 318 2536131 343 2526098 344 0
1 208
210 2 633 296 0.9157526010813403 0.04090243459833957 0
26 58 0 59 2448620 84 4773216 109 2855395 134 2361929 159 2684933 184 2258815 208 2083737 233 1575325 258 3002353 283 1732790 308 1935297 333 1865031 358 1594128 383 1533123 408 1719792 433 957524 458 1247981 483 1531346 507 916231 532 555878 557 333421 582 523464 607 463282 632 511892 633 0
0
211 1 1260 285 0.9259673261841758 0.08684371055776718 0
29 0 0 1 2551827 26 1440780 51 889514 76 1176308 100 1887666 125 2222618 150 1646952 175 1324630 200 958190 225 996480 249 938134 274 705083 299 555698 324 431029 349 368630 374 379227 399 311568 423 374296 448 318533 473 217007 498 149534 523 70878 548 70638 572 103010 597 92243 622 79571 647 81146 648 0
1 210
212 1 890 155 0.9192772945557597 0.09686127247761028 0
29 4 0 5 751105 30 949603 55 1036239 81 1667728 106 1466080 131 1099822 156 749093 181 952587 207 733245 232 836506 257 1366998 282 1447131 307 2167614 333 3870956 358 2946060 383 3535728 408 1643271 433 1682774 458 1478248 484 1160964 509 620746 534 789373 559 746439 584 1093501 610 2035061 635 1831648 660 1470240 661 0
0
213 1 730 146 0.9283142007012508 0.1211083220612498 0
9 417 0 418 2552131 442 1052921 467 1297901 491 1538624 515 1566541 540 1455755 564 1958894 565 0
0
214 3 1320 246 0.9283912395885269 0.05814074696082477 0
20 42 0 43 3924799 68 2777140 93 2083320 118 2330809 143 1856228 168 957374 193 548062 218 506223 243 623960 268 443513 293 249610 318 189935 343 195345 368 302166 393 288012 418 224062 443 322335 468 285101 469 0
1 213
215 1 682 215 0.9257782334183478 0.11978795616795916 0
14 183 0 184 1459838 209 1621461 235 1674003 260 1213291 286 927349 311 782292 337 1557846 362 1334260 388 1089129 413 818396 439 625092 464 533045 465 0
0
216 2 1166 154 0.9287912437499577 0.10107481021471804 0
15 220 0 221 960875 246 950834 272 1352476 297 1684361 322 1789349 348 2256739 373 2457804 398 1264061 424 1212863 449 896850 474 1017451 500 1043342 525 819396 526 0
1 215
217 3 1328 227 0.9129050439571795 0.04482927238673187 0
19 149 0 150 933995 174 1529325 199 2398826 223 2055531 247 1433583 272 2621779 296 2545429 321 2485309 345 3270824 369 2651557 394 1640745 418 1293987 443 1143290 467 1181927 491 1297243 516 1259817 540 1863940 541 0
0
218 2 1250 191 0.9114712464307485 0.12580955618836018 0
21 6 0 7 1170353 32 1372906 57 1643435 83 892064 108 1051039 133 1121466 158 993464 184 1220764 209 2106016 234 2082243 259 2003504 284 2006697 310 2472565 335 1684880 360 1428583 385 2446184 411 2249575 436 2557590 461 1761026 462 0
1 217
219 3 1013 78 0.9199009748659579 0.12972246592832304 0
31 0 0 1 1177870 26 1339398 51 1578470 76 1353093 101 1118724 126 1293403 151 1309361 176 1724779 201 1267421 226 1872987 251 703809 276 1214621 301 1817605 326 1229045 351 1535012 375 1304367 400 1493970 425 905617 450 1455203 475 1644672 500 2114753 525 1136228 550 1020595 575 1310481 600 1968232 625 2100121 650 1748807 675 1983924 700 2489376 701 0
0
220 2 1260 58 0.9202616218902583 0.06195537368828317 0
26 33 0 34 2090301 59 1181132 85 1521893 110 1466032 135 1049927 160 1536025 186 2036431 211 2319446 236 1156767 261 1560327 287 1128864 312 712422 337 604663 362 258870 388 294478 413 189529 438 189661 463 129724 489 76658 514 62486 539 56423 564 49023 590 91887 615 92153 616 0
2 219 221
221 2 784 277 0.9123730724507908 0.01917895706490232 0
11 479 0 480 633047 505 594186 529 1049878 554 1255914 579 1209323 604 927252 629 885165 653 1123977 678 1333561 679 0
0
222 2 841 290 0.9122088691879732 0.05689796690735371 0
14 309 0 310 2474538 335 1990887 360 1249643 385 903257 410 740717 435 675308 461 507524 486 794717 511 1147769 536 1337745 561 1950042 586 2590624 587 0
0
223 2 1034 115 0.9223759366777993 0.12834875918590075 0
21 71 0 72 2284438 97 1442844 122 2035996 147 1858362 172 982722 197 1341952 222 1783201 247 2218803 272 3289750 297 3044625 322 2294730 347 2249347 372 1775930 397 1447607 422 1954023 447 1523762 472 1327028 497 951049 522 1289543 523 0
2 222 224
224 1 803 156 0.9142311535395933 0.11787029576984176 0
11 164 0 165 2174823 189 1940864 213 2112314 238 1597644 262 891437 286 728206 311 608109 335 618753 359 504996 360 0
0
225 3 1451 26 0.9258018126118965 0.004066499108568167 0
28 54 0 55 1981364 80 1618376 105 2350837 130 4104822 155 2501719 181 1652752 206 1734627 231 1934224 256 2749380 281 2340773 306 1796968 331 1625075 356 1612704 382 1336474 407 1150023 432 977852 457 1154864 482 989300 507 1163653 532 1471924 557 1325009 583 1379761 608 1109716 633 1240306 658 1205045 683 673615 684 0
2 224 223
226 1 1441 51 0.9241078615733406 0.003750989001524446 0
13 339 0 340 915180 365 1119498 391 1340180 417 2229671 442 1795949 467 2004775 493 1777278 519 1296807 544 1877633 569 2900696 595 2452575 596 0
0
227 2 632 178 0.918486282315036 0.039407424081235244 0
21 243 0 244 4038570 269 2107112 293 2534254 318 1103708 343 3299988 367 1889497 392 2063755 417 1253870 441 1590230 466 1692822 491 1465243 515 535635 540 705012 565 728136 589 993823 614 1051188 639 2022616 663 1404636 688 1226354 689 0
1 226
228 2 914 85 0.9131061448475972 0.017464368741368374 0
31 2 0 3 322452 28 284503 52 237716 77 458779 102 486553 127 829061 151 1089702 176 2642304 201 1913286 225 1995661 250 1006172 275 976136 300 750074 324 503912 349 516788 374 605712 398 488234 423 397272 448 492959 473 577271 497 869725 522 1269174 547 1124030 571 1580667 596 2835362 621 2557078 646 2944273 670 3242841 695 5084640 696 0
1 226
229 2 735 227 0.9128581321931392 0.10141212330706473 0
24 76 0 77 1361322 102 1685838 128 1661553 153 1586327 178 2575090 203 2533293 229 3282099 254 1550764 279 1197813 305 1223470 330 1196468 355 572803 380 461853 406 787130 431 554132 456 611212 482 489589 507 797624 532 326754 557 424167 583 216061 608 219566 609 0
2 226 227
230 1 1483 262 0.9100287007590793 0.06808524095770822 0
12 94 0 95 900359 119 1199286 142 1479188 166 1575319 189 1766567 213 1627235 236 1557529 260 1691993 283 1467944 307 906340 308 0
0
231 3 568 133 0.9282285751843524 0.021322944937326498 0
20 61 0 62 1917815 87 2990201 113 2014346 138 1547749 163 1634145 188 1481629 214 1585552 239 1540063 264 1648001 290 2224611 315 1899011 340 1650631 366 1742040 391 1899940 416 1233471 441 862403 467 743415 492 771001 493 0
0
232 1 1171 118 0.9111255005541459 0.1416914781220338 0
21 243 0 244 3821867 269 2320063 295 2057119 320 1016782 345 787379 370 593673 396 1177990 421 1455336 446 1910865 471 1329845 497 1740420 522 1506272 547 2010623 573 1392839 598 1348741 623 1723054 648 1516129 674 1859996 699 1758831 700 0
0
233 1 1468 204 0.9175375962655589 0.014899434127775179 0
8 355 0 356 1036515 378 1189650 401 1326243 423 1498404 446 1568188 468 1956641 469 0
0
234 2 1350 13 0.9257387159865161 0.014560447275720355 0
24 108 0 109 1297764 133 1770677 158 2048888 182 1554217 207 2011349 231 2045987 256 3267958 280 2845944 304 2644744 329 2306249 353 2242410 378 2068768 402 1699798 427 2402393 451 1965127 475 1442744 500 694033 524 755298 549 682060 573 577404 598 680061 622 573052 623 0
1 233
235 3 1190 12 0.9207092410430945 0.13819890943811183 0
23 187 0 188 2297957 213 1875812 237 1704442 261 2313219 286 2562524 311 2266159 335 1956152 359 3379721 384 2520474 409 1721255 433 1633251 457 1806854 482 1619909 507 1703710 531 1405804 555 1478821 580 1540729 605 1651345 629 1283536 653 1834579 678 1089659 679 0
1 233
236 1 1422 212 0.9103464013902355 0.08878249094930601 0
18 110 0 111 1574900 136 1286008 161 1406451 186 1806016 211 1396076 236 615807 261 456978 286 501633 310 726784 335 648174 360 904528 385 824741 410 875565 435 1915349 460 1830012 485 2394262 486 0
0
237 3 833 231 0.9196699779467946 0.046319873248356645 0
18 150 0 151 1198406 176 1332544 201 1537129 226 1112739 251 1402437 276 1423501 301 1651349 326 2004418 350 1675919 375 1688886 400 1026190 425 1075220 450 631487 475 981455 500 986502 525 1456142 526 0
1 236
238 1 1352 214 0.923132214730382 0.02073880664151808 0
30 10 0 11 5143598 36 3483990 61 2053476 87 2663915 112 2182400 137 1517306 162 1077961 187 889797 212 603070 238 655762 263 464867 288 464490 313 404278 338 569225 364 517051 389 692532 414 790825 439 1172694 464 1692630 490 1372613 515 1738282 540 898123 565 946565 590 872122 615 1074024 641 1275534 666 1274134 691 1819267 692 0
0
239 3 1033 211 0.9181943111219371 0.10143733588409812 0
16 21 0 22 1232945 46 1420881 71 1712550 95 2544292 120 1716362 144 799031 168 1046499 193 1115237 217 1484888 241 1183857 266 966420 290 1747514 315 1768366 339 1935137 340 0
1 238
240 2 712 248 0.9213329096738471 0.10912365014910323 0
23 141 0 142 97707 167 110794 191 95948 215 120727 240 144780 265 128559 289 203744 313 308630 338 280683 363 408973 387 496976 411 824343 436 698755 461 1656662 485 1809035 509 1833352 534 3302821 559 2837571 583 2497940 607 1695111 632 1159970 633 0
1 239
241 2 674 94 0.9285413677005966 0.10665863957376007 0
16 323 0 324 2640248 350 1363872 375 1153003 401 1065317 426 1114426 452 591329 478 611651 503 843262 529 1114353 555 1538805 580 3789591 606 3168086 631 2282579 657 1588571 658 0
0
242 3 516 48 0.9170696755081856 0.007567451501002631 0
18 302 0 303 1368387 328 1593392 352 990392 377 1177600 401 1484279 426 1325629 450 862822 475 827980 499 1296145 524 1961218 548 1048726 573 517114 597 459205 622 274118 646 300581 671 312839 672 0
2 241 243
243 2 1228 256 0.9175102384572629 0.06297800098935653 0
26 46 0 47 1796908 72 2066513 96 1694417 121 1434776 146 1060502 171 1429610 195 985013 220 980865 245 857438 270 714056 294 1067320 319 1137635 344 1894988 369 1518968 393 957993 418 1028468 443 1133682 468 1153380 492 775393 517 672455 542 584579 567 597205 591 318069 616 284471 617 0
0
244 3 1089 220 0.9172810530902018 0.08315657674116116 0
22 109 0 110 2746357 136 2014358 161 911411 187 911151 212 1248964 238 1173519 263 1820241 289 2268761 314 2708468 340 2531686 365 1484931 391 2586853 416 2500243 442 2217593 467 1529122 493 888372 518 996745 544 1155838 569 1448124 595 1276267 596 0
0
245 3 1212 284 0.9293960357068837 0.09669890710160499 0
7 510 0 511 1368166 539 1297199 567 1665635 594 1349200 622 1632071 623 0
1 244
246 1 1444 185 0.9269267466222452 0.05209737187764591 0
8 517 0 518 1289050 541 1637728 564 1183108 587 1219606 610 1344036 633 1274224 634 0
1 244
247 2 569 107 0.9150863469000484 0.13444389417855304 0
20 257 0 258 1487351 283 1385751 308 1791560 333 3832458 358 2426120 384 1919922 409 2681411 434 1004510 459 798553 484 414599 509 346778 534 275591 559 324234 585 213324 610 243259 635 384716 660 258437 685 89719 686 0
0
248 2 818 299 0.9102329077543098 0.0803239003773651 1
24 4 0 5 1955160 30 976132 54 773039 79 726803 103 819155 128 1569808 153 1446794 177 2014280 202 1597021 227 1220917 251 1097991 276 663520 300 671811 325 522721 350 956951 374 921656 399 990886 424 1136258 448 1580608 473 1609658 497 1302120 522 1374222 523 0
0
249 1 1473 316 0.9213725528050165 0.14545351134352477 0
8 83 0 84 3148176 108 1230652 132 721394 157 568653 181 1155645 205 1481551 206 0
1 248
250 1 718 119 0.9138013214740515 0.0066515696473578075 0
14 187 0 188 1031240 213 835985 238 806390 262 792543 287 1025824 312 1056324 337 1573846 362 2334564 387 2697280 411 1635279 436 1129054 461 1540804 462 0
0
251 1 1172 196 0.9209970897223283 0.07447198081870064 0
21 150 0 151 3717104 177 2768498 202 2173303 228 2561112 253 2306444 279 1477468 304 1075182 330 1382725 355 1486204 381 755277 407 899803 432 882051 458 632346 483 754105 509 1136418 534 1053140 560 1050699 585 852093 611 1419506 612 0
1 250
7 14 4006851013751919270
0.65038945819291305 0.34563956882504965 0.0039709729820371362 0 0 0 0 
0.29367291714300131 0.5797862507438768 0.11253142456916909 0.014009407543952867 0 0 0 
1.4131189430426344e-09 0.18905960051799561 0.44909739165434842 0.32239542530231813 0.039447581112218938 0 0 
0 0.043752041690362654 0.079271361143687852 0.87011603340370036 0.0033077052290538069 0.0035528585331954204 0 
0 0 0.015190350742277408 0.044334491311077411 0.90080171493640016 0.039640375730251982 3.3067279992976463e-05 
0 0 0 2.9123680876183852e-09 0.21976983161374733 0.68711791872304939 0.093112246750835195 
0 0 0 0 0.018677162951541051 0.41030647336908055 0.57101636367937847 
7 0 0 0 0 0 0 0
0.020190839122695033 0.9975293835212584 0.5429510088945194
