A
1000
397 680
1 32.0 26.0
2 32.0 27.0
3 30.0 28.0
4 31.0 28.0
5 31.0 25.0
6 32.0 25.0
7 32.0 24.0
8 31.0 26.0
9 31.0 24.0
10 30.0 27.0
11 30.0 26.0
12 28.0 28.0
13 29.0 28.0
14 29.0 27.0
15 28.0 27.0
16 29.0 26.0
17 30.0 25.0
18 29.0 25.0
19 28.0 26.0
20 28.0 25.0
21 28.0 31.0
22 28.0 32.0
23 27.0 31.0
24 27.0 32.0
25 26.0 31.0
26 26.0 32.0
27 26.0 30.0
28 26.0 29.0
29 27.0 29.0
30 27.0 28.0
31 25.0 29.0
32 26.0 28.0
33 27.0 26.0
34 26.0 26.0
35 25.0 28.0
36 25.0 27.0
37 26.0 27.0
38 25.0 26.0
39 24.0 28.0
40 24.0 26.0
41 24.0 27.0
42 32.0 23.0
43 31.0 23.0
44 31.0 22.0
45 30.0 22.0
46 31.0 21.0
47 29.0 24.0
48 30.0 24.0
49 30.0 23.0
50 28.0 24.0
51 28.0 22.0
52 28.0 23.0
53 29.0 21.0
54 30.0 21.0
55 29.0 20.0
56 30.0 20.0
57 29.0 22.0
58 28.0 20.0
59 27.0 22.0
60 28.0 21.0
61 26.0 22.0
62 27.0 21.0
63 26.0 21.0
64 25.0 21.0
65 24.0 22.0
66 25.0 22.0
67 24.0 21.0
68 27.0 18.0
69 28.0 18.0
70 28.0 16.0
71 28.0 17.0
72 26.0 18.0
73 26.0 17.0
74 27.0 17.0
75 26.0 16.0
76 27.0 16.0
77 25.0 20.0
78 26.0 20.0
79 24.0 20.0
80 25.0 19.0
81 24.0 19.0
82 25.0 16.0
83 29.0 23.0
84 25.0 17.0
85 23.0 32.0
86 24.0 32.0
87 23.0 31.0
88 24.0 31.0
89 24.0 30.0
90 22.0 31.0
91 23.0 30.0
92 31.0 27.0
93 31.0 20.0
94 23.0 29.0
95 24.0 29.0
96 22.0 29.0
97 22.0 28.0
98 23.0 28.0
99 21.0 32.0
100 22.0 32.0
101 21.0 31.0
102 24.0 17.0
103 24.0 18.0
104 25.0 18.0
105 20.0 28.0
106 21.0 28.0
107 28.0 29.0
108 19.0 25.0
109 20.0 25.0
110 20.0 24.0
111 18.0 26.0
112 19.0 26.0
113 17.0 25.0
114 18.0 25.0
115 17.0 24.0
116 18.0 24.0
117 16.0 25.0
118 16.0 26.0
119 25.0 30.0
120 23.0 20.0
121 23.0 19.0
122 27.0 27.0
123 23.0 18.0
124 22.0 18.0
125 22.0 19.0
126 22.0 20.0
127 20.0 20.0
128 21.0 20.0
129 21.0 18.0
130 21.0 19.0
131 22.0 17.0
132 21.0 17.0
133 22.0 16.0
134 20.0 17.0
135 21.0 16.0
136 17.0 20.0
137 18.0 20.0
138 20.0 16.0
139 18.0 18.0
140 18.0 19.0
141 16.0 20.0
142 17.0 19.0
143 18.0 17.0
144 17.0 17.0
145 18.0 16.0
146 17.0 16.0
147 16.0 18.0
148 17.0 18.0
149 16.0 17.0
150 16.0 16.0
151 15.0 24.0
152 16.0 24.0
153 16.0 23.0
154 27.0 20.0
155 15.0 23.0
156 16.0 22.0
157 14.0 24.0
158 14.0 23.0
159 15.0 22.0
160 20.0 26.0
161 16.0 21.0
162 15.0 21.0
163 14.0 22.0
164 15.0 20.0
165 13.0 23.0
166 13.0 21.0
167 14.0 21.0
168 12.0 22.0
169 13.0 22.0
170 15.0 19.0
171 16.0 19.0
172 14.0 20.0
173 14.0 19.0
174 15.0 18.0
175 15.0 17.0
176 14.0 18.0
177 15.0 16.0
178 13.0 19.0
179 12.0 20.0
180 13.0 20.0
181 12.0 19.0
182 13.0 18.0
183 14.0 17.0
184 13.0 17.0
185 14.0 16.0
186 12.0 21.0
187 11.0 20.0
188 12.0 18.0
189 17.0 26.0
190 11.0 10.0
191 11.0 11.0
192 7.0 1.0
193 8.0 1.0
194 11.0 9.0
195 12.0 9.0
196 9.0 12.0
197 10.0 12.0
198 9.0 9.0
199 10.0 9.0
200 8.0 10.0
201 9.0 10.0
202 10.0 11.0
203 8.0 9.0
204 20.0 29.0
205 21.0 29.0
206 14.0 6.0
207 14.0 7.0
208 8.0 13.0
209 9.0 13.0
210 15.0 7.0
211 15.0 8.0
212 15.0 6.0
213 16.0 6.0
214 14.0 8.0
215 13.0 7.0
216 19.0 24.0
217 14.0 4.0
218 14.0 5.0
219 32.0 20.0
220 12.0 6.0
221 13.0 6.0
222 9.0 5.0
223 10.0 5.0
224 12.0 5.0
225 13.0 5.0
226 16.0 3.0
227 16.0 4.0
228 28.0 30.0
229 15.0 4.0
230 15.0 5.0
231 14.0 3.0
232 15.0 3.0
233 15.0 1.0
234 15.0 2.0
235 14.0 1.0
236 14.0 2.0
237 9.0 6.0
238 12.0 12.0
239 13.0 12.0
240 13.0 0.0
241 14.0 0.0
242 7.0 8.0
243 8.0 8.0
244 12.0 2.0
245 13.0 2.0
246 2.0 9.0
247 2.0 10.0
248 12.0 1.0
249 13.0 1.0
250 12.0 7.0
251 12.0 8.0
252 10.0 8.0
253 11.0 8.0
254 11.0 7.0
255 16.0 7.0
256 10.0 7.0
257 9.0 8.0
258 27.0 30.0
259 13.0 8.0
260 12.0 13.0
261 9.0 4.0
262 10.0 4.0
263 32.0 28.0
264 4.0 10.0
265 4.0 11.0
266 10.0 2.0
267 11.0 2.0
268 9.0 7.0
269 12.0 10.0
270 13.0 10.0
271 15.0 0.0
272 16.0 0.0
273 10.0 6.0
274 22.0 30.0
275 8.0 7.0
276 32.0 22.0
277 20.0 18.0
278 8.0 6.0
279 8.0 5.0
280 16.0 1.0
281 8.0 4.0
282 8.0 2.0
283 8.0 3.0
284 11.0 3.0
285 12.0 3.0
286 0.0 11.0
287 0.0 12.0
288 11.0 4.0
289 11.0 12.0
290 14.0 10.0
291 15.0 10.0
292 10.0 3.0
293 8.0 11.0
294 11.0 21.0
295 5.0 12.0
296 6.0 12.0
297 32.0 21.0
298 3.0 9.0
299 4.0 9.0
300 3.0 10.0
301 3.0 11.0
302 3.0 12.0
303 16.0 2.0
304 7.0 12.0
305 1.0 11.0
306 9.0 2.0
307 3.0 8.0
308 4.0 12.0
309 2.0 8.0
310 20.0 19.0
311 9.0 0.0
312 9.0 1.0
313 2.0 11.0
314 1.0 10.0
315 7.0 4.0
316 12.0 0.0
317 1.0 12.0
318 7.0 0.0
319 8.0 0.0
320 12.0 4.0
321 13.0 4.0
322 6.0 4.0
323 15.0 13.0
324 15.0 14.0
325 6.0 9.0
326 7.0 9.0
327 7.0 10.0
328 7.0 11.0
329 7.0 2.0
330 7.0 3.0
331 4.0 8.0
332 5.0 8.0
333 11.0 1.0
334 5.0 11.0
335 6.0 11.0
336 8.0 12.0
337 2.0 12.0
338 11.0 0.0
339 10.0 0.0
340 10.0 1.0
341 11.0 6.0
342 5.0 10.0
343 9.0 3.0
344 5.0 9.0
345 15.0 9.0
346 0.0 10.0
347 24.0 16.0
348 26.0 19.0
349 4.0 4.0
350 5.0 4.0
351 19.0 28.0
352 6.0 0.0
353 9.0 11.0
354 4.0 3.0
355 6.0 3.0
356 16.0 8.0
357 16.0 9.0
358 16.0 10.0
359 6.0 8.0
360 16.0 5.0
361 6.0 10.0
362 16.0 13.0
363 13.0 11.0
364 15.0 11.0
365 15.0 12.0
366 10.0 10.0
367 10.0 13.0
368 12.0 11.0
369 8.0 14.0
370 13.0 9.0
371 14.0 9.0
372 14.0 12.0
373 14.0 13.0
374 11.0 13.0
375 11.0 19.0
376 21.0 30.0
377 16.0 11.0
378 14.0 11.0
379 20.0 30.0
380 16.0 12.0
381 14.0 14.0
382 16.0 14.0
383 9.0 14.0
384 26.0 24.0
385 24.0 24.0
386 0.0 8.0
387 22.0 26.0
388 18.0 28.0
389 22.0 24.0
390 32.0 32.0
391 32.0 16.0
392 0.0 16.0
393 0.0 4.0
394 0.0 20.0
395 0.0 0.0
396 4.0 16.0
397 32.0 0.0
393 395 4
392 396 4
392 394 4
391 397 16
387 389 2
386 393 4
385 389 2
384 385 2
377 380 1
376 379 1
372 378 1
372 373 1
370 371 1
365 380 1
365 372 1
364 377 1
364 378 1
364 365 1
363 378 1
363 368 1
362 382 1
362 380 1
358 377 1
357 358 1
356 357 1
349 393 4
349 354 1
349 350 1
346 386 2
345 371 1
345 357 1
342 361 1
342 344 1
339 340 1
338 339 1
335 361 1
334 342 1
334 335 1
333 340 1
333 338 1
332 359 1
332 344 1
331 349 4
331 332 1
330 355 1
329 330 1
328 335 1
327 361 1
327 328 1
326 327 1
325 361 1
325 344 1
325 359 1
325 326 1
324 382 1
324 381 1
323 373 1
323 365 1
323 362 1
323 324 1
320 321 1
318 352 1
318 319 1
317 337 1
316 338 1
315 330 1
315 322 1
314 346 1
313 337 1
312 340 1
311 339 1
311 319 1
311 312 1
309 386 2
308 396 4
307 331 1
307 309 1
306 312 1
306 343 1
305 313 1
305 317 1
305 314 1
304 328 1
304 336 1
302 337 1
302 308 1
301 313 1
301 302 1
300 301 1
299 344 1
299 331 1
298 307 1
298 300 1
298 299 1
296 335 1
296 304 1
295 334 1
295 308 1
295 296 1
293 328 1
293 353 1
293 336 1
292 343 1
291 364 1
291 358 1
291 345 1
290 378 1
290 371 1
290 291 1
289 374 1
288 320 1
287 392 4
287 317 1
286 346 1
286 305 1
286 287 1
285 320 1
284 292 1
284 288 1
284 285 1
283 330 1
283 343 1
282 329 1
282 306 1
282 283 1
281 283 1
281 315 1
280 303 1
279 281 1
278 279 1
277 310 1
276 297 1
275 278 1
274 376 1
273 341 1
272 397 16
272 280 1
271 272 1
270 290 1
270 370 1
270 363 1
269 368 1
269 270 1
268 275 1
267 333 1
267 284 1
266 340 1
266 292 1
266 306 1
266 267 1
265 334 1
265 308 1
265 301 1
264 342 1
264 300 1
264 299 1
264 265 1
263 390 4
262 292 1
262 288 1
261 343 1
261 281 1
261 262 1
259 370 1
127 137 2
127 310 1
127 128 1
126 128 1
125 130 1
125 126 1
124 125 1
124 131 1
124 129 1
123 124 1
121 125 1
121 123 1
120 126 1
120 121 1
117 152 1
117 118 1
116 216 1
115 152 1
115 116 1
114 116 1
113 115 1
113 189 1
113 117 1
113 114 1
112 160 1
111 388 2
111 114 1
111 189 1
111 112 1
110 127 4
110 389 2
110 216 1
109 160 1
109 110 1
108 114 1
108 216 1
108 112 1
108 109 1
107 228 1
106 205 1
105 160 2
105 351 1
105 204 1
105 106 1
103 123 1
103 104 1
102 347 1
102 103 1
101 376 1
99 100 1
97 387 2
97 106 1
97 98 1
96 205 1
96 274 1
96 97 1
94 98 1
94 96 1
94 95 1
93 219 1
91 274 1
91 94 1
90 274 1
90 101 1
90 100 1
89 95 1
89 119 1
89 91 1
88 89 1
87 91 1
87 90 1
87 88 1
86 88 1
85 100 1
85 87 1
85 86 1
84 104 1
84 102 1
82 347 1
82 84 1
81 103 1
81 121 1
80 348 1
80 104 1
80 81 1
79 81 1
79 120 1
78 154 1
78 348 1
77 80 1
77 79 1
77 78 1
75 82 1
75 76 1
74 76 1
73 84 1
73 75 1
73 74 1
72 104 1
72 348 1
72 73 1
71 74 1
70 391 4
70 76 1
70 71 1
69 71 1
68 74 1
68 72 1
68 69 1
67 79 1
65 385 2
65 67 1
65 66 1
64 77 1
64 66 1
64 67 1
63 78 1
63 64 1
62 154 1
62 63 1
61 384 2
61 66 1
61 63 1
60 62 1
29 258 1
29 107 1
29 30 1
28 32 1
28 31 1
28 29 1
27 258 1
27 28 1
27 119 1
26 86 2
25 27 1
25 26 1
24 26 1
23 25 1
23 258 1
23 24 1
22 390 4
22 24 1
21 228 1
21 23 1
21 22 1
20 50 1
19 33 1
19 20 1
18 47 1
18 20 1
17 48 1
17 18 1
16 18 1
16 19 1
15 19 1
15 122 1
14 16 1
14 15 1
1 6 1
1 8 1
1 2 1
2 263 1
2 92 1
3 13 1
3 10 1
3 4 1
4 92 1
4 263 1
5 17 1
5 9 1
5 8 1
5 6 1
6 7 1
7 42 1
7 9 1
8 92 1
8 11 1
9 43 1
9 48 1
10 92 1
10 14 1
10 11 1
11 16 1
11 17 1
12 107 1
12 15 1
12 30 1
12 13 1
13 14 1
30 122 1
30 32 1
31 119 1
31 95 1
31 35 1
32 37 1
32 35 1
33 122 1
33 34 1
34 384 2
34 37 1
34 38 1
35 36 1
35 39 1
36 41 1
36 38 1
36 37 1
37 122 1
38 40 1
39 41 1
39 98 1
39 95 1
40 387 2
40 385 2
40 41 1
42 276 1
42 43 1
43 49 1
43 44 1
44 276 1
44 46 1
44 45 1
45 57 1
45 54 1
45 49 1
46 297 1
46 54 1
46 93 1
47 83 1
47 50 1
47 48 1
48 49 1
49 83 1
50 384 2
50 52 1
51 57 1
51 60 1
51 59 1
51 52 1
52 83 1
53 60 1
53 55 1
53 57 1
53 54 1
54 56 1
55 58 1
55 56 1
56 93 1
57 83 1
58 69 2
58 154 1
58 60 1
59 62 1
59 61 1
128 130 1
129 277 1
129 132 1
129 130 1
130 310 1
131 133 1
131 132 1
132 135 1
132 134 1
133 347 2
133 135 1
134 277 1
134 138 1
135 138 1
136 142 1
136 141 1
136 137 1
137 140 1
138 145 2
139 277 2
139 148 1
139 143 1
139 140 1
140 142 1
141 171 1
141 164 1
141 161 1
142 171 1
142 148 1
143 145 1
143 144 1
144 146 1
144 149 1
144 148 1
145 146 1
146 150 1
147 171 1
147 149 1
147 174 1
147 148 1
149 150 1
149 175 1
150 382 2
150 177 1
151 155 1
151 157 1
151 152 1
152 153 1
153 156 1
153 155 1
155 159 1
155 158 1
156 161 1
156 159 1
157 158 1
158 163 1
158 165 1
159 162 1
159 163 1
160 387 2
161 162 1
162 167 1
162 164 1
163 167 1
163 169 1
164 170 1
164 172 1
165 169 1
166 186 1
166 169 1
166 180 1
166 167 1
167 172 1
168 186 1
168 169 1
170 174 1
170 173 1
170 171 1
172 180 1
172 173 1
173 176 1
173 178 1
174 175 1
174 176 1
175 183 1
175 177 1
176 183 1
176 182 1
177 185 1
178 180 1
178 182 1
178 181 1
179 181 1
179 187 1
179 186 1
179 180 1
181 375 1
181 188 1
182 188 1
182 184 1
183 185 1
183 184 1
186 294 1
190 366 1
190 194 1
190 269 1
190 191 1
191 202 1
191 368 1
191 289 1
192 318 1
192 193 1
193 319 1
193 312 1
193 282 1
194 253 1
194 199 1
194 195 1
195 370 1
195 269 1
195 251 1
196 336 1
196 209 1
196 353 1
196 197 1
197 367 1
197 289 1
197 202 1
198 257 1
198 203 1
198 201 1
198 199 1
199 366 1
199 252 1
200 327 1
200 203 1
200 293 1
200 201 1
201 366 1
201 353 1
202 366 1
202 353 1
203 326 1
203 243 1
204 205 1
205 376 1
206 221 1
206 218 1
206 212 1
206 207 1
207 210 1
207 215 1
207 214 1
208 369 1
208 336 1
208 209 1
209 383 1
209 367 1
210 212 1
210 255 1
210 211 1
211 214 1
211 345 1
211 356 1
212 230 1
212 213 1
213 255 1
213 360 1
214 371 1
214 259 1
215 250 1
215 259 1
215 221 1
217 321 1
217 229 1
217 231 1
217 218 1
218 230 1
218 225 1
219 391 4
219 297 1
220 224 1
220 341 1
220 250 1
220 221 1
221 225 1
222 261 1
222 279 1
222 237 1
222 223 1
223 273 1
223 262 1
224 320 1
224 225 1
225 321 1
226 232 1
226 303 1
226 227 1
227 229 1
227 360 1
228 258 1
229 232 1
229 230 1
230 360 1
231 236 1
231 232 1
232 234 1
233 235 1
233 271 1
233 280 1
233 234 1
234 236 1
234 303 1
235 241 1
235 249 1
235 236 1
236 245 1
237 278 1
237 273 1
237 268 1
238 289 1
238 368 1
238 260 1
238 239 1
239 363 1
239 372 1
240 249 1
240 316 1
240 241 1
241 271 1
242 359 1
242 326 1
242 243 1
243 257 1
243 275 1
244 248 1
244 267 1
244 285 1
244 245 1
245 249 1
246 309 1
246 298 1
246 247 1
247 314 1
247 300 1
247 313 1
248 316 1
248 333 1
248 249 1
250 254 1
250 251 1
251 253 1
251 259 1
252 256 1
252 257 1
252 253 1
253 254 1
254 341 1
254 256 1
255 356 1
256 273 1
256 268 1
257 268 1
10
284 35 2 1 3
143 61 2 1 2
351 78 2 1 2
275 59 1 1
328 90 3 1 2 3
280 67 2 2 3
186 61 2 1 3
300 96 1 1
224 86 1 1
70 68 1 2
251
1 3 643 286 0.9250348297053985 0.13146988880527838 0
40 55 0 56 464258 81 557569 106 421803 131 676001 157 596970 182 665994 207 698394 232 836773 257 810354 282 512329 307 723752 332 837757 358 1256731 383 1528326 408 1403359 433 1154259 458 1564906 483 2226583 508 2536671 534 982322 559 503748 584 639202 609 832401 634 749161 659 731795 684 1360704 710 1426050 735 2524016 760 1658013 785 1748055 810 2500091 835 4254476 860 2194789 885 1231677 911 1059290 936 1082636 961 744313 986 625702 987 0
0
2 3 665 84 0.9246013411184832 0.09639627700948653 0
25 154 0 155 747628 180 387237 205 252808 230 285571 255 275678 280 223497 305 169001 330 292774 355 285232 380 244496 405 217522 430 339044 455 249488 480 431683 505 409815 530 537962 555 835053 580 995252 605 1630117 630 2607505 655 2239539 680 1941632 705 1837454 706 0
1 1
3 1 552 89 0.9110273720803431 0.07745953137838554 1
30 272 0 273 3590136 298 3007907 323 2317019 348 1437080 372 1495926 397 1637710 422 962481 447 1120129 472 1155098 497 1690467 522 1693649 546 1051587 571 1628837 596 592246 621 804690 646 636327 671 1375891 695 1274096 720 1300852 745 1257165 770 1402278 795 1255166 820 944898 845 1297759 869 740194 894 1194659 919 1502371 944 1733842 945 0
1 2
4 3 654 205 0.9230935764545031 0.06928214138579351 0
19 280 0 281 5182642 306 3700402 332 3188087 357 1423323 383 1401189 408 1712791 434 972409 459 1040155 485 1756840 510 1480637 535 844493 561 516420 586 612429 612 402929 637 277217 663 458774 688 380463 689 0
1 3
5 1 996 128 0.9252527454550785 0.11696566441660773 1
42 33 0 34 487632 59 464988 84 276511 108 350665 133 159871 158 210010 183 189477 207 303288 232 458519 257 370442 282 558270 306 434597 331 367733 356 364289 381 896245 406 775930 430 657469 455 556353 480 776516 505 453178 529 484639 554 628161 579 550053 604 519799 628 501951 653 762116 678 782538 703 789473 728 573068 752 762378 777 1963536 802 2695758 827 2260874 851 1149294 876 2719703 901 1632007 926 1579442 950 1334420 975 1265083 1000 1217800 1001 0
0
6 3 534 241 0.9236776787463201 0.06861936123518621 0
32 165 0 166 384637 191 603920 215 833277 240 1070938 265 1094627 289 1129582 314 1380205 339 1414441 364 2504084 388 1072907 413 982329 438 976117 462 805914 487 983745 512 1273547 536 840529 561 802027 586 1053062 610 1391903 635 1227861 660 1468501 684 2278649 709 1549720 734 1034561 759 1638911 783 1085780 808 852687 833 877824 857 978850 882 1226294 883 0
1 5
7 3 534 21 0.9176883702349775 0.09960271890644487 0
16 192 0 193 717461 217 950343 241 636875 266 417143 290 260062 314 390315 338 592229 363 474501 387 537010 411 1247490 435 2425579 460 1283616 484 1196963 508 1759040 509 0
0
8 2 1362 24 0.9184238669871636 0.04335518661733621 0
21 45 0 46 1530284 71 1104450 96 1353960 121 1469297 146 1185727 171 1651950 196 1000429 221 606513 246 537993 271 582273 297 783131 322 703232 347 471607 372 471271 397 469801 422 791898 447 758454 472 1037495 497 1198796 498 0
1 7
9 1 1307 315 0.9232267893330047 0.05641890344336648 0
7 220 0 221 1030233 247 1225852 272 1832342 297 1502029 323 2003758 324 0
0
10 3 896 261 0.9245079232503312 0.00994913434924899 0
25 441 0 442 957738 467 1363641 492 1419073 517 1515245 542 1387445 567 2737635 593 2165123 618 2405290 643 2793942 668 3209005 693 3679881 718 2910981 743 2765705 768 1752832 793 949246 818 544302 843 594950 869 985081 894 1114819 919 1239492 944 1706602 969 1616778 994 1412461 995 0
1 9
11 2 1414 248 0.925970515479461 0.027749796120400388 0
23 60 0 61 1580117 85 1714509 110 1418908 135 1586115 159 1285999 183 2050166 208 1328159 233 1103321 257 1287960 281 1450133 306 998798 331 1461813 355 2047933 379 2083782 404 1751596 429 918761 453 695829 477 686365 502 400868 527 552876 551 874697 552 0
0
12 1 1011 59 0.9250937282069358 0.1134916786281808 0
18 216 0 217 626155 241 979809 266 1609616 290 1271005 315 934538 339 725311 363 510496 388 412151 412 532178 437 374150 461 451838 485 963508 510 1531556 534 2197811 559 1861044 583 2325651 584 0
0
13 2 1333 140 0.9186051094660984 0.03863540854140245 0
31 138 0 139 146967 164 190418 190 174641 215 261405 241 258304 266 326178 291 444982 317 456044 342 585229 368 875137 393 636110 418 672968 444 889816 469 1150685 495 1315885 520 782619 545 1270717 571 1746463 596 1819394 621 1653285 647 1368525 672 1171177 698 2116425 723 2683312 748 2110640 774 3300908 799 3103988 825 3567032 850 5059830 851 0
1 12
14 2 1210 2 0.9118409530060305 0.1099899012033139 0
38 100 0 101 3642050 126 2928699 151 2235939 175 4625871 200 2616830 225 3213074 250 1920930 275 1817782 300 1468996 324 1357311 349 1151135 374 1698468 399 2186160 424 1937243 449 1172414 473 736595 498 684898 523 960951 548 460478 573 550445 598 365260 622 438299 647 702407 672 453742 697 370168 722 387250 747 297036 771 282462 796 326817 821 368968 846 890820 871 777172 896 819046 920 1493675 945 1990432 970 1615516 971 0
1 13
15 1 895 191 0.9236956347414964 0.0023120931377525688 0
34 127 0 128 120919 153 177047 178 110988 204 176458 229 206086 254 247075 279 193618 305 239161 330 218150 355 304684 380 458756 405 704433 431 660351 456 629174 481 902944 506 475419 532 594560 557 844576 582 910344 607 1275621 633 1486866 658 1125026 683 762985 708 1352458 733 1381549 759 1918499 784 2353736 809 2882003 834 3571865 860 1655693 885 2270078 910 3072497 911 0
0
16 2 610 379 0.9165810453484984 0.13679702818189549 1
39 76 0 77 7047785 102 5217669 127 3974013 152 1694262 176 1651491 201 2018749 226 1130428 251 977018 276 691491 301 718216 326 509612 350 400450 375 272527 400 315202 425 239509 450 348519 475 349662 500 337096 525 189967 549 202280 574 170597 599 242901 624 137212 649 96340 674 72290 699 48335 723 48188 748 46160 773 71656 798 69133 823 85462 848 130378 873 86700 897 69178 922 36421 947 29041 972 30935 973 0
0
17 3 1363 164 0.9287442701471268 0.08978943865697166 0
11 628 0 629 1088266 655 1820285 681 1203363 707 1121593 733 1083118 759 1149799 785 1026775 811 1028420 837 1536259 838 0
2 16 18
18 3 1127 164 0.9254654729267572 0.09128252820513896 1
10 75 0 76 1625504 102 1813092 129 1515738 155 1302667 181 1845118 207 1932434 234 2909007 260 2232410 261 0
0
19 3 594 288 0.9136641178003263 0.040922628512364286 0
35 165 0 166 1229005 191 797720 216 1029319 241 1688715 267 1480157 292 1026891 317 1216438 342 1589250 367 1558407 392 1231634 417 1749074 442 2095149 467 1553657 493 2369273 518 1844715 543 1217256 568 1158496 593 657959 618 487258 643 425101 669 421500 694 267281 719 133913 744 244594 769 196705 794 180328 819 153154 844 191543 869 261068 895 166146 920 290019 945 199249 970 242211 971 0
0
20 2 1301 97 0.9186307688313909 0.14477291846720183 0
7 479 0 480 1430905 506 1329861 532 758768 558 1263327 584 1370671 585 0
1 19
21 2 1242 22 0.9186859863277543 0.024834741408216624 1
13 752 0 753 534671 777 768847 801 881098 826 841125 850 904272 874 567179 898 930219 922 1359066 947 969520 971 1657372 995 2099251 996 0
0
22 2 1077 107 0.9168624490884543 0.12715075581859994 0
29 218 0 219 3323662 244 3461991 269 3679273 294 2121665 319 1656461 344 1526547 369 1015555 395 1252436 420 1484134 445 683163 470 1197982 495 1146767 520 688065 545 1046135 570 1229552 595 1546261 620 1506016 645 903608 670 947328 695 1439786 721 1625156 746 1316091 771 1201943 796 1239074 821 1182135 846 1803775 871 1109951 872 0
1 21
23 3 1179 42 0.9238748635775756 0.04370681151692703 0
23 460 0 461 543843 485 503675 510 526594 534 537523 559 605267 583 672040 607 671919 632 945590 656 659481 681 955331 705 1374565 729 1732473 754 1342058 778 1444095 803 1747238 827 938479 851 1408280 876 1924897 900 1283422 925 1519732 949 1746779 950 0
0
24 1 1254 17 0.9222640091852095 0.09799834506179551 0
30 0 0 1 1667485 26 1471466 51 1385829 77 1280642 102 1669406 127 3334274 152 2629378 177 2651064 202 2357820 228 2175019 253 1622383 278 1758775 303 947514 328 1348022 354 2579140 379 1636180 404 2375924 429 1392356 454 1813229 480 1885769 505 2014866 530 1365141 555 1619520 580 2119725 605 2598868 631 1910918 656 1723667 681 2508006 682 0
0
25 3 1119 56 0.9279791869389318 0.10984599495687353 0
13 276 0 277 2232482 301 2430895 325 1857355 348 1912448 372 1028865 396 1843603 420 1914848 444 2246605 467 1692209 491 1435390 515 1329066 516 0
1 24
26 1 676 128 0.9220964432967574 0.1290097256822163 1
30 252 0 253 753399 278 832177 302 1058678 327 1045282 352 1119737 377 1193528 401 903289 426 810514 451 573901 475 487668 500 479265 525 524041 549 1439581 574 1913067 599 1997509 624 1246233 648 992531 673 1023678 698 1029645 722 1069995 747 997499 772 821342 796 705494 821 1115061 846 866940 871 817922 895 922475 920 950233 921 0
0
27 3 1483 353 0.92660292740554 0.016716380078352123 1
14 554 0 555 1371825 581 1386860 607 2285338 633 2440290 659 2317549 685 1447729 710 1524552 736 1324322 762 1181383 788 1312311 814 2112602 840 1726203 841 0
0
28 3 892 192 0.9139947806078105 0.07814872693199472 0
37 43 0 44 3574395 69 3557281 94 3069968 119 1592714 143 1476071 168 835643 193 827608 218 830358 243 732269 268 479722 293 478209 317 665654 342 661662 367 547832 392 761831 417 1124960 442 994328 467 948380 491 1325009 516 1010275 541 1034093 566 697180 591 382363 616 277874 640 266995 665 179841 690 245495 715 185776 740 133618 765 246144 790 255345 814 320811 839 267002 864 251306 889 291326 890 0
1 27
29 1 1087 293 0.9148627015026201 0.13380269198631367 0
39 54 0 55 394019 80 292518 105 460301 129 258103 154 297141 179 307384 204 279584 229 306184 253 675740 278 1215991 303 1551189 328 2322037 353 1719557 377 1716188 402 1606005 427 1139213 452 510335 477 388194 501 520201 526 1244656 551 745334 576 1424632 601 1379458 626 1112967 650 1965250 675 1016264 700 865587 725 1252046 750 1419611 774 1045538 799 974792 824 485131 849 364204 874 312541 898 389157 923 506283 948 806000 949 0
0
30 3 593 104 0.9293645826129876 0.044341240073150094 0
26 167 0 168 1531625 193 2258251 217 1656292 242 2007443 267 1519879 291 819211 316 389643 341 388571 365 580836 390 442864 415 567554 439 625249 464 474788 488 926260 513 558881 538 471084 562 418574 587 546846 612 694839 636 1011032 661 758313 686 558081 710 615861 735 685085 736 0
2 29 31
31 3 810 85 0.9281902676013181 0.05840669406396127 0
41 19 0 20 396042 45 598962 70 323736 95 243222 120 419190 146 319621 171 672076 196 615915 221 530087 246 1207165 271 1873875 296 2890578 321 2177524 346 1667197 371 1087943 397 1093930 422 1450179 447 1851913 472 2680531 497 1951107 522 1653423 547 1553184 572 2012178 597 1921082 623 1252347 648 1401366 673 1783768 698 1784539 723 3372432 748 5165041 773 3197034 798 2580718 823 1450453 848 1494986 874 875071 899 994503 924 963036 949 919035 974 951606 975 0
0
32 2 589 22 0.9196620375667626 0.08770925272532441 0
34 39 0 40 300880 65 433729 90 538967 115 795745 140 1157837 165 1495868 190 2027321 215 2680189 241 1843502 266 1234336 291 2020022 316 1172202 341 1687278 366 1189385 391 812371 416 582626 441 465459 466 826234 491 1810757 516 1486348 541 1821868 566 2335135 591 1825662 616 1365186 642 1407878 667 2970405 692 1882100 717 1759746 742 1845606 767 2430783 792 2481116 817 3639122 818 0
0
33 1 1062 165 0.9102845427171539 0.08906777769296008 0
8 125 0 126 1254799 149 1188895 172 900562 196 1002555 219 968207 242 827328 243 0
2 32 34
34 2 697 347 0.923263309821318 0.032667373308725094 0
40 47 0 48 6383840 73 5425579 98 4451856 124 3020929 149 2506894 174 2062402 199 1418977 224 1369471 250 603020 275 864157 300 1264214 325 1828338 350 1707516 375 1265881 401 404364 426 362771 451 301110 476 411121 501 607409 527 250650 552 126001 577 119917 602 231764 627 241935 653 227792 678 175551 703 184659 728 224103 753 210244 778 130275 804 205911 829 203358 854 333559 879 277239 904 482060 930 528244 955 358231 980 378623 981 0
0
35 1 533 366 0.9141274241124749 0.06341676383039185 0
25 232 0 233 448851 258 272524 284 468527 309 450454 334 469303 360 419478 385 635487 410 1049014 436 1589404 461 1778659 486 1562522 511 1984652 537 2224861 562 2597554 587 2676631 613 2485167 638 1552379 663 1807318 689 2860129 714 1571036 739 1104690 765 2018445 790 2539334 791 0
1 33
36 1 515 189 0.9221226509947841 0.1323057113393841 0
39 63 0 64 669278 89 718953 113 704860 138 708461 163 630193 188 396168 213 405329 237 737886 262 1173323 287 516668 311 581828 336 623178 361 1299505 386 2122504 411 1837345 435 1183966 460 1516657 485 1746775 509 1613164 534 2346708 559 1174543 584 629893 609 1077538 633 806161 658 809657 683 1033400 707 942772 732 1084846 757 1066829 782 800159 807 1173958 831 1172049 856 1878060 881 2277697 905 2815862 930 1895916 955 1358441 956 0
0
37 3 891 292 0.9193866074332032 0.058621594066970976 0
9 766 0 767 1688050 791 1793486 815 2211866 839 2375766 863 1038136 887 859162 911 1056582 912 0
0
38 3 1422 221 0.9290168411464401 0.0604455141675091 0
29 80 0 81 137079 106 261821 131 223286 156 323058 181 216589 206 276767 231 358780 256 291745 281 266734 306 410931 331 453383 356 539148 381 823982 405 1527959 430 1290892 455 1810384 480 1253821 505 1789691 530 2631141 555 2852616 580 3815017 605 2864430 630 3010645 655 4107982 680 3134752 705 2718110 730 2472876 731 0
1 37
39 2 1056 185 0.9277602109625911 0.06881469721496151 0
34 114 0 115 1388615 140 1600684 165 2212937 191 1352051 216 1859838 241 2388469 266 2276965 292 1687040 317 2140671 342 2312757 367 2850847 392 4248035 418 5334335 443 2943541 468 2188241 493 1339113 519 1469035 544 774283 569 603269 594 565425 620 1129834 645 505126 670 447756 695 366023 720 601682 746 909627 771 1132297 796 1414504 821 1063099 847 1268486 872 998187 897 1063411 898 0
0
40 2 533 2 0.9299914463282505 0.03964969945333216 0
23 74 0 75 1212401 99 1181268 124 1310756 148 1122212 173 920650 197 1058591 222 919208 246 736409 271 727079 295 971402 319 670669 344 554484 368 765667 393 721630 417 789386 442 1197700 466 836069 491 1541052 515 1158526 540 1503364 564 3045582 565 0
1 39
41 1 593 352 0.9223680255151337 0.029485961414355676 0
36 75 0 76 1324281 101 1158081 126 828762 151 1011723 176 750205 202 491355 227 565813 252 373769 277 326356 302 343818 327 372565 352 400880 377 462471 403 845802 428 938554 453 2764094 478 2478715 503 2937128 528 1888718 553 1933217 578 1412193 604 1619234 629 1743341 654 1520319 679 1681301 704 1754795 729 1294152 754 1823743 779 1732280 805 2224576 830 2613371 855 1811906 880 4522555 905 4914190 906 0
0
42 1 1065 51 0.9264224371452914 0.05626082573619147 0
17 399 0 400 961768 425 1652830 451 2318861 476 2058616 501 1963716 526 2279958 552 1997637 577 1971077 602 1552235 628 858462 653 1052431 678 1033681 703 1185271 729 923140 754 975401 755 0
1 41
43 2 1343 249 0.920634286719847 0.03804987032180534 0
10 458 0 459 1682065 483 2478174 507 2393284 531 1352790 556 968443 580 1744792 604 1116948 628 1266472 629 0
0
44 3 1141 166 0.9278763943860563 0.08035128841891229 0
35 163 0 164 2409324 189 899873 214 895986 239 988514 264 702199 289 677319 313 337256 338 330715 363 291595 388 400381 413 285462 438 253747 463 325101 488 460675 513 274641 538 95534 563 115575 587 158179 612 177596 637 423289 662 450353 687 1186752 712 1886310 737 1871775 762 2308636 787 1514658 812 1872364 836 1341808 861 2354790 886 2825400 911 1903646 936 1738589 961 2231580 962 0
1 43
45 1 1411 94 0.9198042003630789 0.10259316427399297 0
9 156 0 157 1705736 181 1048533 206 1281989 231 774175 255 874737 279 1318154 304 866866 305 0
0
46 2 968 3 0.9151076850461919 0.0004461111500257075 0
19 270 0 271 425397 296 459791 320 448070 345 520305 370 1045703 394 2532959 419 4341340 444 2514084 469 1075525 493 1437351 518 1518401 543 2568411 567 1573255 592 1146400 617 1081262 641 1517406 666 981002 667 0
0
47 3 1311 358 0.918629712086879 0.048471038970578244 0
27 84 0 85 4194466 110 2320176 135 1560059 160 1096413 185 1584330 210 1204254 235 1260531 261 1218481 286 1009363 311 833994 336 733780 361 626726 386 616592 411 839099 436 633764 461 947219 486 465944 511 559364 537 473176 562 642669 587 634435 612 530748 637 660916 662 913636 687 887543 688 0
1 46
48 1 879 17 0.9248524233456817 0.12239653583547565 0
26 311 0 312 1923732 337 3033645 362 2377478 388 2441832 413 3175846 438 2308339 463 1608263 488 1368685 513 1471630 539 1592729 564 1289095 589 701635 614 1079839 639 1122730 664 1137170 690 1596586 715 1685566 740 1589186 765 1624528 790 925804 815 1384479 841 1474310 866 1726569 891 2011095 892 0
0
49 3 785 174 0.9271613229714365 0.10578912957920708 0
43 5 0 6 2852067 31 2137937 55 1514159 80 1210809 105 1562472 130 1976903 155 1551648 179 1394427 204 809556 229 391578 253 764208 278 912950 303 943329 328 1259153 353 1661141 377 2189508 402 1738549 427 2477913 451 3351875 476 1968361 501 2728703 526 1141081 551 938630 575 567084 600 679999 625 673754 649 1087975 674 788221 699 1121189 724 800813 749 1057327 773 700494 798 717670 823 750780 847 360903 872 658556 897 927718 922 1866609 947 1861245 971 1640831 996 1851389 997 0
1 48
50 3 666 119 0.9205950932292616 0.12889562937271007 0
19 528 0 529 3311698 554 3178705 579 2512416 603 1808718 628 1628332 653 2290236 678 1464806 703 1249322 727 1061396 752 1150542 777 952419 802 1291859 827 867671 852 683590 876 932064 901 612978 926 529607 927 0
0
51 3 1072 376 0.9175995416929664 0.11524627056661643 1
31 176 0 177 603972 202 624000 228 721759 253 1221801 278 1433718 303 1875102 329 2267314 354 2488839 379 2033531 405 2597585 430 2479996 455 1835024 480 1791628 506 1903126 531 1399983 556 1824691 582 2131571 607 1586867 632 1470434 657 1509447 683 1896498 708 1460322 733 2343891 759 2738531 784 2467979 809 1273025 834 1682648 860 1555112 885 1312048 886 0
1 50
52 3 902 283 0.9272310152599922 0.010454335671714965 0
11 151 0 152 1357932 176 1351323 199 1203098 223 1166394 247 1280662 271 1646484 295 1526280 318 1900070 342 1763292 343 0
2 50 51
53 3 973 103 0.9115689970252278 0.10478306285501171 0
17 255 0 256 1166983 282 1045353 307 1308076 333 1094412 358 1358833 384 1564794 409 1674569 435 1579000 461 1574206 486 1757902 512 2238102 537 1623905 563 1732149 588 1256964 614 1261008 615 0
3 50 51 52
54 3 1258 334 0.9185055973778338 0.1410205906089013 0
36 130 0 131 386650 156 340937 182 300149 207 167403 232 148247 258 181782 283 279266 308 693597 334 942858 359 693024 384 614683 410 793650 435 1572165 460 1238649 486 773057 511 540629 536 370153 562 385864 587 499256 612 838624 638 807923 663 1094983 688 1318403 714 1744427 739 1864656 764 1958539 790 1531559 815 1902773 840 2827386 866 2300949 891 2412775 916 3964020 942 5246248 967 3838634 968 0
0
55 2 1241 324 0.9281092708828979 0.11198112520696546 0
21 2 0 3 2155529 28 2428576 52 1800831 77 2436904 101 2185305 126 2627694 151 2108046 175 1782272 200 1222184 225 1010855 249 1088737 274 1837776 298 1752681 323 1559789 348 1335981 372 1209004 397 1062641 421 992373 446 916146 447 0
0
56 3 799 130 0.9153482338164775 0.1269961332767838 0
35 17 0 18 1082946 43 1232282 68 2344823 93 1144304 118 1182725 143 921542 168 932019 193 823861 219 333040 244 296928 269 130676 294 240587 319 469427 344 1008222 369 1112885 394 1142149 419 1527956 444 806979 469 699183 494 603826 519 596167 544 1006236 569 836095 594 1147677 619 848768 645 1208633 670 1741131 695 1583159 720 1339874 745 2576866 770 2419398 795 1043052 820 1123653 821 0
2 55 58
57 1 1368 295 0.9204991353935406 0.09790964359418011 0
7 193 0 194 1281856 219 746179 245 1299875 271 1614355 296 2815802 297 0
2 55 56
58 1 1480 252 0.9236721487938357 0.07723907348951763 0
40 33 0 34 6055460 59 2684689 84 1677113 109 1421173 133 1216857 158 945339 183 607248 208 359872 233 275377 258 132197 283 151389 308 136499 332 78852 357 161336 382 295105 407 412573 432 421778 457 375489 482 535124 506 585227 531 710449 556 321203 581 357631 606 416209 631 636366 656 762599 680 1094679 705 847319 730 725672 755 941005 780 444413 805 280372 830 271332 855 509718 879 695440 904 759108 929 1199198 954 1164613 955 0
0
59 2 1389 381 0.9243454049422288 0.04299832302534329 0
22 304 0 305 80757 330 70239 355 56802 379 57737 404 67624 429 74907 454 66020 479 91465 503 203844 528 230751 553 281975 578 341170 602 721648 627 747555 652 1057059 677 1086092 702 963062 726 2319041 751 3988566 776 1909436 777 0
0
60 3 636 199 0.9237337830924749 0.11080602411013026 1
24 67 0 68 3291999 93 1946914 119 1453892 144 2156429 169 2129905 194 1846467 220 1737494 245 2399858 270 2128736 296 1291335 321 1644133 346 1424391 371 999821 397 889120 422 368750 447 464760 473 304812 498 335204 523 292487 548 282281 574 331417 599 296864 600 0
1 59
61 2 1441 302 0.9271606834475808 0.1367312561837793 0
13 466 0 467 2069164 492 2743728 516 1520147 541 1391337 566 769869 591 1083274 615 1409636 640 1101809 665 940222 689 813306 714 1026183 715 0
0
62 3 1170 304 0.9235558996643809 0.11629374551796251 0
24 165 0 166 2077932 191 1387372 215 1123347 240 1526841 264 1834059 289 1321582 313 2685016 338 3157813 363 2315671 387 3120829 412 1763496 436 1218399 461 540847 485 352543 510 250714 535 195878 559 194933 584 235576 608 392393 633 436045 657 863363 682 1343116 683 0
0
63 1 916 370 0.9101509585108204 0.027071867865276517 0
30 115 0 116 726288 141 1508857 166 1507890 191 1523329 215 1289451 240 979839 265 1522289 290 1214860 315 1546549 340 620652 365 844572 389 652802 414 898548 439 580054 464 497019 489 577396 514 791427 538 852306 563 982544 588 1734148 613 1359730 638 2013160 663 2830380 688 2853827 712 1600162 737 941295 762 1084402 787 756154 788 0
0
64 3 1346 377 0.9139442908925766 0.1152257113719477 0
14 26 0 27 1020817 52 997347 76 768740 101 1300130 125 1056580 150 856373 174 1228979 199 1454579 223 1189777 248 1184990 272 1246138 297 828344 298 0
1 63
65 2 645 315 0.9243385283288545 0.040846042906109985 1
28 356 0 357 4995148 382 3036535 406 1932512 431 1914750 455 1311083 480 973873 504 708033 529 963566 553 847078 578 817162 603 859592 627 837845 652 1033880 676 736540 701 400744 725 308857 750 311189 775 416847 799 401559 824 384681 848 463789 873 410141 897 282335 922 666759 946 662401 971 1004920 972 0
2 63 64
66 3 1410 368 0.923564571554447 0.018710423519264014 0
41 30 0 31 2336153 56 2589285 81 2918004 106 2998049 131 2803968 156 2746696 181 2591561 206 2148653 231 1378389 256 1496212 281 971667 306 708586 331 572435 356 667683 381 676240 406 639245 431 565627 456 588118 481 1129649 506 1518615 531 1829432 556 2024087 581 2194670 606 2102672 631 1484020 656 1045838 681 649263 706 1077868 731 847846 756 909961 781 1155599 806 906485 831 766593 856 993276 881 939640 906 1203167 931 1002809 956 932992 981 1092920 982 0
0
67 1 1185 368 0.927727564226677 0.14529877331380853 0
42 4 0 5 87866 30 69965 55 104752 80 149430 106 137197 131 128532 156 148605 181 212578 206 113326 231 153678 256 211462 281 182258 307 245716 332 296772 357 229657 382 216203 407 246388 432 266561 457 300572 482 254184 508 364377 533 377336 558 397684 583 530816 608 848867 633 598441 658 1082795 683 989044 709 1203592 734 2625003 759 3211312 784 3500940 809 3857833 834 3723412 859 3848455 884 3863223 910 2785310 935 3123536 960 1850304 985 1397218 986 0
0
68 2 1172 204 0.9284954993421269 0.028742360519914648 0
12 701 0 702 1964038 727 1248857 751 1402462 776 2185692 800 1214824 825 931698 849 706328 874 987983 898 514107 923 625269 924 0
1 67
69 1 613 211 0.929741850228119 0.0427376983659333 0
41 0 0 1 1761747 26 3105509 51 4181054 76 3738300 101 2664339 126 1628451 151 1086118 176 662070 201 787573 226 512555 251 545252 276 577374 301 454810 326 478398 351 245145 376 115200 401 93927 426 142736 451 211113 476 172276 501 170475 526 146795 551 162214 576 221198 601 573481 626 477274 651 405965 676 448089 701 201671 726 197012 751 234634 776 173322 801 233791 826 247285 851 310004 876 304678 901 612752 926 375152 951 256303 952 0
2 67 68
70 2 1207 29 0.9260472220868186 0.033494620368166056 0
9 632 0 633 1460887 658 1542002 682 1685346 707 1063718 732 975857 756 960719 781 843496 782 0
3 67 68 69
71 3 1246 350 0.9144081692538478 0.010035973352480743 0
15 148 0 149 1426822 174 1250684 199 1876348 224 2011096 249 2005413 274 1371778 299 1982393 324 3110674 349 2213467 374 2391101 399 1290937 424 1579401 449 2251239 450 0
0
72 3 1256 1 0.9119179488973618 0.09188519595220716 0
17 294 0 295 795202 321 989080 346 542645 372 732081 398 952819 423 1162994 449 1108992 475 2744463 500 2148357 526 1872683 551 1478197 577 1629994 603 1492655 628 1767626 654 1939754 655 0
1 71
73 1 1490 341 0.9215616670882008 0.09905828294151012 1
27 240 0 241 1919535 266 2004705 292 2362254 317 2466089 342 2382871 368 2137838 393 2750868 418 2016478 444 2039930 469 2694079 494 1988757 520 1886875 545 2505121 570 2335215 596 1279217 621 801080 646 909395 672 1008052 697 627318 722 739982 748 668393 773 683335 798 830146 824 1019308 849 681524 850 0
2 71 72
74 3 1359 210 0.9248516568780456 0.05469328943398637 0
37 35 0 36 1673519 61 1875138 87 1726933 112 2366759 137 3822649 163 4732797 188 4278879 213 1981629 239 2386145 264 1545090 289 1419058 315 1907304 340 1932029 365 2727809 391 2098557 416 1571068 441 969286 467 1423299 492 1405602 517 1054509 542 1105521 568 954901 593 483960 618 220843 644 274929 669 261993 694 146268 720 99547 745 107826 770 109981 796 102120 821 73566 846 51210 872 43506 897 75918 898 0
0
75 1 876 13 0.9209682218243106 0.02076418179439789 0
13 252 0 253 358776 278 524857 303 730867 328 835657 353 978111 379 788542 404 1335398 429 1360991 454 1653652 479 1583738 504 1389317 505 0
1 74
76 2 929 173 0.9150219881630736 0.06166836478846655 1
41 5 0 6 1616049 31 1901781 56 2045952 81 1763692 107 2690050 132 3008419 157 2411461 182 1992187 207 1893194 232 1330912 257 1631132 282 1643674 308 2023255 333 1493483 358 2657667 383 2201656 408 2912808 433 3180882 458 3075699 483 3315973 509 2592529 534 1219599 559 1298952 584 1127274 609 995151 634 880696 659 1220014 685 742762 710 791729 735 752952 760 967648 785 759077 810 928096 835 1045043 860 869167 886 1243194 911 1003870 936 970584 961 985821 962 0
0
77 1 531 133 0.9122324319638897 0.143096749753931 0
23 69 0 70 2542577 95 2472602 120 2238803 145 2661667 170 1456761 195 802345 220 751288 245 553382 270 1244525 295 1240692 319 842162 344 1119379 369 1854667 394 3610436 419 2452905 444 2511150 469 3115499 494 1750209 519 1551962 544 1694581 569 1738496 570 0
0
78 3 548 159 0.9198496695825823 0.08998353808783124 0
13 522 0 523 732094 549 792805 574 1003384 599 1672177 625 1380542 651 2087051 676 1411478 701 1637480 727 1666252 753 1389875 778 784098 779 0
0
79 1 1242 329 0.9273434248384809 0.020239655098187058 0
21 454 0 455 416220 479 441949 504 592232 529 354306 553 461832 577 1115506 602 1008529 627 875289 651 749436 675 1620535 700 1332496 725 1074363 749 1091904 773 1036539 798 1467529 823 1512967 847 1227936 871 1014204 896 977891 897 0
1 78
80 3 900 158 0.912027168222725 0.14256201365299756 0
41 5 0 6 681116 31 901159 56 653013 82 581755 107 719188 132 589030 157 758167 182 427655 207 544657 233 933102 258 1017600 283 1336060 308 1168674 333 1117786 359 1214638 384 2192384 409 2522016 434 2035868 459 1057367 485 1086055 510 3901310 535 1469632 560 1473564 585 806913 610 893155 636 1091213 661 580521 686 794975 711 1333521 736 611052 762 462031 787 543388 812 786885 837 526512 862 473500 887 548951 913 1647409 938 1348812 963 1457546 964 0
1 78
81 3 1243 334 0.9160982735492582 0.04537345775202277 0
20 41 0 42 507049 67 393720 92 761915 116 684054 141 1031347 166 1038507 191 1264190 216 1628879 241 1236914 265 2780460 290 3458752 315 2516249 340 2412362 365 2248063 390 1503213 414 2036826 439 1925051 464 1864386 465 0
0
82 1 1361 234 0.9192855164438355 0.10706601050836906 0
26 161 0 162 499588 186 332796 211 625823 235 482616 260 567837 284 540160 309 627010 333 859235 358 903342 382 900051 407 1057342 431 1108752 456 1697918 480 1806602 505 2036662 529 1781097 554 3181580 578 1381897 603 1409995 627 1538784 652 1916252 676 4348811 701 4016339 725 4362870 726 0
1 81
83 3 878 65 0.9205054074053989 0.11636317330415105 0
16 380 0 381 3220638 405 1726596 430 1805527 454 1365078 479 903005 503 918336 527 1054881 552 1104106 576 723481 600 878692 625 1423654 649 1421384 674 1229858 698 1142161 699 0
0
84 2 1453 7 0.9193483980388705 0.04401315246751528 0
38 92 0 93 3004174 118 2257562 142 1609809 167 1196230 192 753751 216 684161 241 926711 265 1195521 290 1440800 315 2144527 339 1262849 364 1283609 389 1777600 413 1888846 438 3003275 462 2588322 487 1628081 512 1471336 536 2584832 561 3307173 586 2624285 610 2283657 635 2934397 659 2067349 684 1412466 709 1330976 733 1678371 758 1671941 783 1678799 807 1312304 832 2168708 856 2216861 881 1394075 906 1084746 930 1548665 955 910050 956 0
2 83 86
85 2 1105 89 0.9162895453998179 0.1455846870233619 0
36 45 0 46 3106233 71 2160249 96 1533698 120 1428072 145 1306188 170 1665548 195 1491143 219 1775336 244 2077101 269 1758487 294 1803848 318 2544409 343 2743406 368 2978892 393 2153674 417 1990579 442 1760051 467 1191293 492 986713 516 889299 541 1418588 566 860652 591 653290 615 696132 640 626202 665 400237 690 315942 714 362060 739 554231 764 610144 789 620344 813 616191 838 363164 863 371567 864 0
1 83
86 1 1378 96 0.9102264241649084 0.14594154582857083 0
9 519 0 520 1348519 543 1114490 566 895750 589 904383 612 731701 635 1191400 658 814183 659 0
0
87 3 1187 181 0.9277377382161516 0.0007054520611002923 0
15 105 0 106 331615 130 391478 154 584293 178 412403 202 584247 226 587580 250 427078 274 338040 298 349015 322 823086 346 2600331 370 3234659 394 3309278 395 0
0
88 1 1331 71 0.9110854644985362 0.050184333012279266 0
26 9 0 10 6508725 35 3211411 60 2802708 85 2110966 110 2251118 135 1745238 159 1605338 184 1350193 209 561244 234 338901 259 245293 284 225932 309 339617 334 433927 359 465619 384 357782 409 294492 434 401690 458 668529 483 494522 508 383028 533 310903 558 612392 583 957886 584 0
1 87
89 3 1303 289 0.913737200999178 0.14542787352030406 0
42 22 0 23 1216416 48 1410580 72 693976 97 821341 122 1145425 147 1073652 171 1356443 196 1635121 221 1626277 245 1325869 270 1186268 295 1028051 320 1272567 344 1005261 369 1412716 394 1897051 418 2118579 443 1428710 468 1869256 493 2359439 517 2005853 542 1966637 567 1875012 592 1327424 616 817159 641 618717 666 523017 690 624533 715 479304 740 554383 765 431657 789 475650 814 917059 839 1618299 863 1083015 888 908441 913 857664 938 517781 962 361181 987 404570 988 0
1 87
90 3 1088 98 0.9228125211823631 0.003129302459958161 0
29 92 0 93 1548574 118 2227022 143 2620592 168 2761718 193 2477472 218 1921744 243 1526623 267 1251130 292 925229 317 1518367 342 1294593 367 1492039 392 1716549 417 1641924 442 1172349 467 622954 492 989633 517 1275306 542 1428015 567 2711599 591 3057866 616 2790550 641 2432343 666 2363319 691 2304730 716 2072354 741 1884983 742 0
0
91 2 689 237 0.9117174355752373 0.10429362673761682 0
8 821 0 822 1693748 848 1634227 874 1381888 901 807829 927 960872 953 739437 954 0
1 90
92 3 1422 286 0.9152446128997218 0.13686529866053024 0
42 2 0 3 197289 28 307214 52 307604 77 197626 102 132529 126 193388 151 253026 176 703983 201 1045036 225 809803 250 832835 275 760414 299 1033622 324 765395 349 1019200 373 1368804 398 1988917 423 2378269 447 2687310 472 2365192 497 1269235 522 822547 546 715412 571 1312326 596 2649472 620 2317616 645 2327019 670 3576780 694 3735770 719 2331119 744 3020765 768 4226689 793 2974175 818 2159623 843 1577540 867 1596563 892 886471 917 651868 941 282919 966 200424 967 0
1 90
93 3 722 283 0.9166332046610838 0.13957564736235128 0
29 294 0 295 1042611 320 1774183 344 1680557 369 942432 394 1157784 419 870956 443 1074460 468 1117592 493 1389589 518 1019071 542 964550 567 876180 592 668821 617 1164602 641 1345406 666 1116511 691 1629684 715 1994797 740 1064189 765 1142101 790 1699555 814 1371874 839 1369219 864 1340942 889 1762135 913 3107100 938 2049559 939 0
2 90 91
94 1 1256 387 0.9153182056250632 0.12646836947927445 0
31 246 0 247 2586173 272 1225227 297 1095323 322 1278487 346 934215 371 835914 396 1105638 421 2016231 446 1640246 471 2020471 496 901409 520 576326 545 756336 570 567774 595 431470 620 297535 645 351253 670 388011 694 506938 719 629316 744 519452 769 805580 794 863401 819 818689 844 900412 868 1321641 893 1009791 918 739795 943 602501 944 0
0
95 1 738 248 0.9150623327867734 0.08116850935238759 0
27 217 0 218 1021685 243 698849 269 1248435 294 636218 320 676847 345 644548 371 451784 396 565046 422 568842 447 382799 473 412748 498 418548 523 466149 549 657708 574 676115 600 806420 625 553018 651 856061 676 896394 702 1757374 727 3220331 753 3511948 778 4643384 804 3704431 829 3294172 830 0
2 94 96
96 3 502 241 0.9271443440214366 0.04736047455800149 0
8 826 0 827 2206193 850 2066666 873 1112548 895 1171870 918 836599 941 663753 942 0
0
97 2 823 231 0.9164017333705642 0.0027128537856097256 0
25 198 0 199 976794 224 872699 249 700815 274 717378 299 581670 324 630657 349 552094 374 630681 399 615733 424 1040050 449 1171067 474 1262373 499 1249341 524 2597605 549 2319808 574 4036320 599 3405537 624 1962241 649 1705433 674 1808837 699 1903366 724 2010166 749 2655629 750 0
0
98 3 1365 261 0.9161810649782407 0.11997590940714342 0
22 470 0 471 229504 495 191865 520 283916 544 367030 568 332860 593 561697 617 692972 642 708570 666 742698 690 741588 715 765712 739 915832 763 1134193 788 1471149 812 2303806 837 1217581 861 1135128 885 1969488 910 2633535 934 2993653 935 0
0
99 2 1075 339 0.9288984534195183 0.10389509527778014 1
11 449 0 450 2581234 476 1990537 501 2092433 527 1555145 553 1723312 578 2088091 604 1897851 629 1162600 655 525565 656 0
0
100 2 592 351 0.9273112175355842 0.09104747169450857 0
32 149 0 150 5590736 175 4818808 200 3458730 225 2201580 250 1942591 275 2546963 300 1792025 325 1993992 350 1150931 375 1387320 400 673103 425 456168 450 479204 475 324152 500 300270 524 302796 549 237799 574 183651 599 151840 624 125357 649 122814 674 164792 699 152841 724 198360 749 168409 774 115466 799 101322 824 100710 849 112611 874 133751 875 0
1 99
101 1 1347 145 0.9226383504733504 0.08116545523883986 0
40 46 0 47 1689086 72 1038568 97 1155775 122 837303 148 638199 173 1088020 198 536600 223 659260 248 834695 273 1246776 298 1107880 323 1383132 349 956525 374 1362193 399 1422757 424 1308057 449 1442128 474 2246145 499 1834183 525 1217849 550 1048283 575 1143531 600 1582659 625 1551267 650 1629620 675 1768135 701 1670706 726 1970072 751 1591317 776 2649859 801 1643694 826 1551625 851 1988417 876 2306119 902 2308480 927 1819022 952 2274838 977 2311357 978 0
2 99 102
102 2 1472 368 0.9199383090108723 0.11206593782072295 0
27 299 0 300 1645859 325 1991246 349 2922859 373 2726106 398 2312268 423 2184156 447 2365444 471 1466498 496 1198765 521 1455083 545 1442890 569 1791827 594 2115945 619 2119927 643 2604156 667 2370397 692 2540522 717 1925988 741 1564741 765 890351 790 1208224 815 689946 839 936072 863 597612 888 1247482 889 0
0
103 3 823 106 0.9113761002553378 0.034248141243199165 0
22 318 0 319 1343554 344 805472 368 1397541 393 1627811 417 2442804 442 3288870 466 1516038 491 798995 515 863852 540 591320 564 533904 589 443591 613 676934 638 420733 662 704704 687 1233773 711 799296 736 1148006 760 893232 785 701996 786 0
0
104 1 1467 79 0.912105731864348 0.12040737571010436 0
15 351 0 352 996901 378 1151759 404 1105084 430 938494 456 1454929 482 1553621 507 1818889 533 1558276 559 1435523 585 1590612 611 1697366 637 1818992 663 3500265 664 0
0
105 2 521 151 0.9236640123406812 0.11562502579261326 0
30 181 0 182 409815 207 458782 233 436911 258 633095 283 855517 308 922951 334 1874555 359 3383232 384 5264300 410 4725077 435 2947148 460 3963253 486 1697044 511 756733 536 840253 561 671277 587 541260 612 443484 637 603731 663 924606 688 1024850 713 660156 739 435416 764 532539 789 233001 814 188295 840 207306 865 164608 866 0
0
106 2 1424 34 0.9230096332443744 0.005312832327583999 0
29 229 0 230 400952 255 527915 279 990453 303 1418842 328 1489241 353 2291184 377 1735180 401 3502893 426 3892247 451 2995633 475 3469870 499 2029205 524 2259730 549 1863005 573 1137641 597 1193871 622 1272737 647 855438 671 577814 695 800668 720 580691 745 656058 769 660010 793 643607 818 380787 843 506066 867 665724 868 0
1 105
107 3 1273 101 0.9284461881573213 0.02830688021983637 0
41 41 0 42 1261152 67 1087785 92 999269 117 1298005 142 872079 166 769783 191 873817 216 1235779 241 2062386 266 1505649 291 1005343 316 935625 341 709389 366 547860 391 628537 415 561708 440 786863 465 615944 490 541105 515 820325 540 944975 565 800709 590 752895 615 766522 639 616859 664 897257 689 1707077 714 1039260 739 799625 764 682479 789 533407 814 838131 839 1287663 864 1802456 888 1959048 913 2172688 938 3742226 963 4541959 988 3175633 989 0
1 106
108 3 875 169 0.9153990443829001 0.12562715187588044 0
22 70 0 71 774821 96 484391 121 707077 145 458170 170 455974 195 599055 220 804745 245 1845212 269 2195889 294 3288723 319 2198508 344 1608153 368 1209847 393 1207506 418 519296 443 941085 468 1338616 492 1342216 517 1562187 542 2384645 543 0
0
109 3 596 214 0.9187545105033275 0.11838303183370154 0
14 110 0 111 678335 135 735862 160 768285 184 744864 208 568482 232 725317 257 950156 281 616041 305 1388183 329 1728598 354 1739270 378 1151184 379 0
0
110 2 1068 163 0.9161670018848704 0.060967522955557046 0
36 65 0 66 231670 91 373045 116 630725 142 924917 167 1108035 192 971855 217 1438115 243 1454626 268 1483087 293 1393250 318 1341073 344 798279 369 798604 394 1173300 419 1881628 445 1983790 470 1970719 495 1941402 520 1274118 546 2003239 571 1289098 596 2466162 621 2933398 647 2245780 672 2366829 697 2100695 722 1779852 748 1336876 773 1315656 798 1424287 823 727380 849 500255 874 342155 899 379666 900 0
0
111 2 1382 41 0.9269562483877536 0.06295795764584708 0
8 470 0 471 1310205 494 1007506 516 826460 539 841539 561 2698581 584 2934918 585 0
1 110
112 3 876 261 0.9203555388434331 0.09237896697006767 0
37 37 0 38 2905211 63 1594529 87 1834218 112 1475346 137 3383481 162 1797891 186 2155149 211 996596 236 778135 260 857901 285 860086 310 798211 334 839368 359 606958 384 371861 409 219671 433 568226 458 668880 483 1046174 507 1223320 532 1489902 557 2230161 582 3062542 606 3110810 631 2343254 656 1962069 680 2072057 705 2809305 730 1620651 754 1096541 779 777732 804 1367230 829 826597 853 475635 878 336883 879 0
1 110
113 3 1275 208 0.9126944645195164 0.12052717486693014 0
8 671 0 672 2097829 695 2379037 718 2305413 741 1830883 764 1111114 787 1168920 788 0
0
114 2 1283 13 0.9157504291749217 0.029691958224798726 0
35 144 0 145 1874274 170 1820291 195 1441723 220 945325 245 968364 270 722968 295 1090137 320 1143297 345 1796544 369 2286476 394 2111846 419 1446917 444 1458766 469 1939422 494 952862 519 1147305 544 1333116 569 1146235 594 962334 619 636596 644 422576 669 293330 694 316820 719 514513 743 318993 768 621049 793 722288 818 586575 843 655854 868 729701 893 868214 918 572251 943 556276 944 0
1 113
115 2 836 91 0.921245993915765 0.11513771084637012 0
22 76 0 77 1526703 103 1115167 128 1203225 154 1504117 179 1184837 205 1277442 230 1485703 256 1506891 281 1199759 307 1054518 332 870566 358 1161977 383 756997 409 581956 434 552196 460 374064 485 502373 511 263183 536 181729 562 187839 563 0
0
116 3 665 362 0.9191855485234399 0.027014528545501147 0
14 172 0 173 769784 197 975593 222 1582216 246 2162842 271 2585977 295 2505108 320 2333891 344 1423728 369 2027928 393 2237205 418 1543808 442 1554795 443 0
1 115
117 2 1391 317 0.9293802030052388 0.14948595682615703 1
41 3 0 4 2406755 29 2435884 53 2407297 78 1469255 103 1975662 128 985056 152 1231479 177 819513 202 522487 226 1004044 251 1541100 276 1427865 301 1613641 325 2184694 350 1401376 375 2386039 399 1619521 424 1534866 449 1144518 473 1745260 498 2324346 523 950975 548 788993 572 391103 597 585661 622 384010 646 679647 671 619540 696 291947 721 319949 745 274532 770 237741 795 202618 819 393160 844 317494 869 301290 894 226128 918 149572 943 133910 944 0
1 116
118 1 763 94 0.9103215598412385 0.10696150270490548 0
26 187 0 188 3626772 213 2547144 237 2690191 262 2859354 287 1535408 311 1638139 336 1523530 361 1364440 386 705415 410 1171777 435 848485 460 553541 484 555241 509 373834 534 360806 558 490473 583 553987 608 389250 633 666305 657 522774 682 359008 707 239972 731 210236 756 215860 757 0
0
119 2 1042 210 0.9213356890061337 0.002826496698348613 0
36 33 0 34 2482375 59 1846115 84 1919206 109 2191207 134 1024516 159 1328842 184 1347814 209 1424570 234 1243703 260 1096055 285 1103753 310 1100811 335 1163179 360 1183316 385 822730 410 797317 435 583023 460 551232 485 617641 510 365660 535 313137 560 279391 585 416022 610 308639 635 492231 661 528896 686 818323 711 803872 736 701700 761 889831 786 914917 811 1238967 836 921551 861 766711 862 0
0
120 1 566 340 0.9185860185777288 0.041037871504966315 0
19 307 0 308 1759719 333 2829700 357 2394796 382 1375584 407 1129500 431 1307853 456 1048247 480 829904 505 491736 530 497993 554 473156 579 357430 603 491529 628 379769 653 291964 677 367908 702 330233 703 0
0
121 1 1052 78 0.9193347539477958 0.015827294336024554 0
11 696 0 697 933366 720 1284900 744 814827 767 428260 791 950929 814 833349 837 1595900 861 2297765 884 2379724 885 0
1 120
122 3 550 365 0.9230715596136877 0.09682986318192495 0
36 124 0 125 2501463 150 1868885 175 1447207 200 1622364 225 1650164 249 1648762 274 1848470 299 1310882 324 952810 349 1042225 374 1247725 399 785100 424 1406406 448 1331454 473 1407134 498 1004231 523 966230 548 793533 573 435697 598 514959 623 642188 647 576543 672 513247 697 361179 722 388339 747 427733 772 494207 797 482929 822 437701 846 263603 871 287874 896 339312 921 771025 946 824913 947 0
1 120
123 3 1093 25 0.920692730008018 0.026517060738849674 0
17 302 0 303 4953811 327 3740063 351 1683617 376 932256 400 639952 424 700457 448 906796 473 633714 497 338622 521 545663 545 333338 569 235102 594 65395 618 53429 642 38685 643 0
1 120
124 2 881 101 0.9193836040269238 0.08368727823477626 0
41 28 0 29 781650 54 973828 79 1529758 104 677122 129 896289 154 604135 179 783238 203 988259 228 657441 253 890515 278 1452307 303 1779437 328 1261250 353 1432334 378 1101692 403 1304940 428 1506368 453 1458177 478 1813109 503 1053855 527 2300753 552 2234644 577 2601673 602 3951518 627 1799929 652 2352708 677 1602318 702 1108913 727 946707 752 1496269 777 1796438 802 1320000 826 1059488 851 1126345 876 726005 901 262729 926 246428 951 239366 976 356691 977 0
0
125 1 616 254 0.9213616929975631 0.13250747098931226 0
41 3 0 4 708129 29 1148468 54 1882938 79 906888 104 661667 129 362978 154 453481 179 861853 204 1201464 229 1028771 254 744382 279 779708 304 984456 329 1179789 354 999686 379 1042456 404 821291 429 1113770 454 851378 479 1292011 504 1271213 529 1062803 554 1129630 579 1086130 604 758238 629 1137420 654 966471 679 1713711 704 2393752 729 2274640 754 2027730 779 1846403 804 1570772 829 1291628 854 1299009 879 1188510 904 1506639 929 1175437 954 836400 955 0
1 124
126 3 915 63 0.9261147504112633 0.01824549867348163 0
38 71 0 72 726675 97 541645 121 900752 146 1088677 171 1644198 196 1564988 220 2285563 245 1400732 270 1122932 294 1589880 319 1740307 344 1685068 369 1697394 393 2384640 418 2099699 443 1553817 467 1211478 492 1394331 517 1834291 542 2665639 566 2808001 591 2831686 616 1937299 640 2010599 665 1716497 690 1332803 715 1250135 739 1604071 764 1706966 789 1537041 813 2021730 838 1005977 863 978698 888 651228 912 440398 937 259958 938 0
3 124 127 125
127 2 1215 50 0.9270834235720892 0.018964035108659617 0
32 221 0 222 495532 247 649443 271 602805 296 566454 320 578804 345 1011785 370 845174 394 546572 419 436274 443 871037 468 1064372 492 1798573 517 912593 542 721149 566 731039 591 855139 615 1134847 640 989411 665 717758 689 1110175 714 2456465 738 2010873 763 847702 787 832235 812 939386 837 1428445 861 1891410 886 2355429 910 2209686 935 1750277 936 0
0
128 3 646 145 0.9176262259411445 0.003680540398569204 0
41 36 0 37 1073125 62 1375640 87 1360857 112 2177789 137 3096983 162 2197106 187 2006544 212 1234103 237 1526905 262 1785721 286 2497443 311 2925451 336 2831443 361 1440596 386 1701446 411 1463840 436 1676668 461 1338555 486 1651842 511 1355704 536 832473 561 640502 586 572613 611 904807 636 1705090 661 1739492 686 2019052 711 1747561 736 1663709 760 913064 785 1067427 810 1727960 835 1679614 860 1750095 885 1208710 910 1086765 935 1459875 960 1859445 985 2165753 986 0
0
129 2 534 108 0.9194633627707254 0.06435013576939051 0
26 223 0 224 448146 249 517879 273 397541 298 448163 323 423910 347 355077 372 565960 397 632020 422 643099 446 566940 471 780570 496 692938 520 736866 545 1639686 570 1855617 594 1454544 619 1262753 644 1585047 669 2451995 693 2016506 718 2129586 743 1690377 767 1840818 792 1705720 793 0
0
130 2 966 378 0.9182327275834007 0.11167538867041617 0
35 39 0 40 1030284 65 1550631 90 1141841 115 1269353 141 1870795 166 1958550 191 2144311 216 2616452 241 1890087 266 1262301 292 794847 317 487115 342 531034 367 701119 392 792344 417 1227235 443 1291427 468 891313 493 643070 518 381907 543 325945 568 172777 593 120499 619 64745 644 57279 669 39075 694 34433 719 59688 744 58753 770 54380 795 49937 820 95490 845 86661 846 0
1 129
131 2 803 239 0.9228963410913813 0.031997307561752904 0
9 639 0 640 3636834 667 1759046 693 1854219 719 1362924 746 1460482 773 1246431 799 836786 800 0
0
132 2 689 92 0.9129466180161043 0.001080816285098246 0
22 256 0 257 299401 283 305556 308 372362 334 420108 359 673866 385 918539 410 1210166 436 1007080 461 815195 487 1251761 512 1295282 538 1202149 563 1680841 589 972113 614 1012029 640 1225131 665 1663862 691 859046 716 1216905 742 875027 743 0
1 131
133 2 561 173 0.9129097104435573 0.054627009105408054 0
39 77 0 78 3737422 103 2567258 129 2940377 154 3259310 179 1225459 205 746217 230 719718 255 346452 280 152978 306 123102 331 106162 356 116183 382 108641 407 74872 432 75445 458 213113 483 179725 508 194904 533 164694 559 125047 584 96067 609 82667 635 145193 660 145206 685 84771 711 56577 736 35722 761 21539 787 26316 812 22528 837 16381 862 12687 888 19986 913 23728 938 21392 964 24712 989 30860 990 0
1 132
134 2 1399 349 0.9186875657877387 0.012768768255201285 0
35 118 0 119 1183759 144 2201518 168 1168461 193 1235953 218 1761586 243 1963291 267 1502232 292 1399670 317 1694864 341 1000027 366 596715 391 403483 416 375942 440 496056 465 571420 490 606043 515 787952 539 991500 564 747499 589 1000274 613 824558 638 708105 663 448508 688 570041 712 707555 737 766059 762 825109 786 724197 811 1063412 836 896028 861 1144965 885 731947 910 654877 911 0
0
135 1 648 178 0.9119840338732174 0.12717315822511668 0
10 808 0 809 809883 833 1116187 857 1509755 881 1050655 906 1386610 930 1526599 954 2431544 978 1818130 979 0
1 134
136 3 1381 65 0.9114126494893313 0.07997166567820135 0
9 305 0 306 500026 329 1279657 352 1786552 375 1506137 397 1238478 420 1268577 443 1448375 444 0
3 134 135 137
137 1 1420 12 0.917488469443364 0.10316703485221229 0
26 54 0 55 79085 80 117195 105 67091 130 115013 155 151275 180 355754 206 332283 231 244408 256 271862 281 563931 306 1100614 331 1318057 356 1739323 381 3287885 406 3662522 431 2937414 456 2415070 481 1136361 507 1561069 532 1646886 557 2131053 582 2553923 607 5018456 632 2656803 633 0
1 135
138 1 615 355 0.9109056689105853 0.07115764548085174 0
13 432 0 433 1365644 458 1052628 482 999103 507 1316627 532 1296519 557 1394140 581 1140769 606 1665145 631 2123524 655 2933031 680 3759709 681 0
0
139 3 864 3 0.9262726773540756 0.12979332476180197 0
30 63 0 64 1382432 89 1112175 113 1326941 138 1611570 162 1801218 187 2023057 211 929836 236 936012 260 825040 285 1348867 310 2237545 334 1544660 359 1527461 383 1178491 408 1178944 432 1385308 457 873528 481 889807 506 649681 531 515350 555 616812 580 794678 604 930374 629 1037335 653 1015089 678 903479 702 1391836 727 2848412 728 0
0
140 2 951 56 0.9246407378917412 0.09680101218485725 0
18 522 0 523 1502434 548 1757069 574 1696130 599 1378307 625 1026274 650 1617807 676 1453150 701 2512291 727 1291377 752 1061618 778 1154462 803 898036 829 620873 854 549538 880 584887 905 583214 906 0
1 139
141 3 929 301 0.9131848301048565 0.04805090251140801 0
29 265 0 266 279205 291 348165 316 432834 341 689007 366 720823 390 572251 415 511053 440 474187 465 529599 490 622724 515 581986 540 779213 565 815387 589 912536 614 1254285 639 1669440 664 1416880 689 1993460 714 1767558 739 1704727 764 1776572 789 1685078 813 2521665 838 4338555 863 2737020 888 2449029 913 2451748 914 0
2 139 140
142 1 693 4 0.9214986682566109 0.0001734157292472782 0
11 326 0 327 481708 353 946312 380 879343 406 986224 433 1435171 459 1730427 485 1150154 512 1502488 538 2343094 539 0
0
143 1 605 98 0.914161120116553 0.02602252960205692 0
13 208 0 209 797658 233 1234165 257 1236743 281 692349 305 1581308 329 3092836 354 1640602 378 1116750 402 1629697 426 1755603 450 1372954 451 0
0
144 1 1479 323 0.9263522269712219 0.04759641106659056 0
34 33 0 34 1887849 59 1423237 84 1836039 109 1405747 134 1674660 159 2279556 184 2731865 209 1952252 234 1074052 259 1406695 284 1083805 309 848396 334 999912 359 960166 384 1761336 409 1560061 434 1362802 459 1567579 484 1676366 509 2115522 534 723587 559 1037630 584 1292525 609 1036936 634 1131167 659 1323560 684 1941966 709 1706510 734 1287962 759 1495239 784 724818 809 469412 810 0
0
145 2 927 49 0.9232140968549651 0.06631030580770468 0
10 141 0 142 2430066 166 1474541 191 1241756 215 2140242 240 1215626 264 2877212 289 1527064 313 1701946 314 0
3 144 146 147
146 1 1002 133 0.9101943898753554 0.12967929307838505 0
38 87 0 88 2882591 113 2623100 138 1357269 163 1826179 187 1927935 212 1629992 237 2606635 262 2047869 287 849085 312 1456556 337 1239835 361 1238610 386 1814330 411 2045790 436 2011480 461 1307533 486 1327146 511 934878 535 898884 560 971435 585 581219 610 787321 635 777473 660 1026891 685 1286413 709 2355479 734 2444799 759 1884138 784 1925346 809 1741086 834 1945812 859 2197288 883 1899552 908 1997155 933 1552232 958 707728 959 0
0
147 3 841 52 0.9105187076159271 0.12116936558676585 0
39 86 0 87 1331482 112 2882261 136 3799541 161 3996812 186 6210707 210 2522945 235 3495905 260 2845352 284 1648673 309 1408548 334 1295665 358 1196098 383 1184723 408 1210400 432 668664 457 521457 482 708073 506 972474 531 772165 556 346203 580 353487 605 285668 630 196987 654 460318 679 722616 704 618217 728 442144 753 399700 778 376477 802 277802 827 178784 852 106225 876 151227 901 210900 926 168968 950 161917 975 322634 976 0
0
148 2 848 321 0.9179941906440547 0.09336305982666886 0
12 349 0 350 447138 375 655150 400 721687 425 774950 450 614781 474 720571 499 747450 524 1566260 549 2000878 574 2771080 575 0
0
149 3 1012 41 0.9132483062636709 0.14282832448142396 0
8 118 0 119 2426897 142 2422444 165 2036069 189 1000146 212 1485725 235 982612 236 0
2 148 150
150 2 758 244 0.9214870376036991 0.11691873635621011 0
11 507 0 508 2493428 533 2454111 558 2699074 583 2045319 608 1520612 633 1609551 658 962575 683 815010 708 702723 709 0
0
151 1 707 264 0.9208626308194451 0.14197069926015943 0
28 92 0 93 1249273 117 2015285 142 3174085 166 2137039 191 1418548 215 1219548 240 1284003 264 1104724 289 906418 313 966859 338 606057 362 628893 387 480354 411 594092 436 505524 460 329437 485 357588 509 377558 534 408120 558 312972 583 199070 607 231830 632 233435 656 479658 681 430308 705 543377 706 0
0
152 1 1092 127 0.9192604373349674 0.008474735032430413 1
42 12 0 13 3303855 38 3155941 63 3217394 88 1814401 112 1854083 137 3071773 162 2596368 187 1702006 212 2211474 237 2003021 261 1255851 286 1229107 311 907917 336 957377 361 963496 386 747400 411 758342 435 650246 460 796905 485 765876 510 457134 535 337639 560 331018 584 267813 609 156698 634 127013 659 136418 684 131273 709 116327 734 116567 758 138911 783 132660 808 57983 833 64385 858 80515 883 55570 907 64705 932 71761 957 80014 982 71026 983 0
1 151
153 1 728 28 0.9142627639748065 0.06384005585060123 0
12 652 0 653 994807 679 1094211 704 672103 730 786861 756 1047347 781 1841575 807 1627530 833 1527743 858 1302087 884 1287158 885 0
0
154 2 655 240 0.9111269182347417 0.04196200645774174 0
14 150 0 151 3343451 176 2545069 200 2041806 225 1770855 249 867898 274 595889 298 995332 323 1869579 347 1151435 372 1143589 396 2749672 421 2259800 422 0
1 153
155 1 638 288 0.9120266177627862 0.13470545626405425 0
34 201 0 202 1208763 227 1286022 253 1845120 278 2741190 303 1703661 329 1749290 354 1537046 379 1830943 405 1867916 430 2003089 455 1802723 481 2075900 506 3105238 531 1594461 557 1707936 582 1325094 607 1009856 632 1035545 658 451365 683 258315 708 211492 734 233726 759 274340 784 281046 810 353711 835 652421 860 478223 886 663438 911 608638 936 407445 962 454272 987 882750 988 0
2 154 156
156 3 931 199 0.9209503554731726 0.009257851095380798 0
17 111 0 112 625364 137 677122 162 666508 186 1043060 211 1364694 236 801976 261 1174863 285 1148228 310 617945 335 379910 360 430798 385 628106 409 850231 434 1631080 459 2591588 460 0
0
157 2 848 119 0.9259740677765773 0.06978068546580757 0
21 410 0 411 1322240 436 928228 461 947433 486 1138544 511 1680398 537 1535230 562 1541464 587 1771354 612 1779177 637 928637 662 1334034 687 1599893 712 1087128 737 1284094 763 1109341 788 3079221 813 2722387 838 2351443 863 1649917 864 0
0
158 2 1445 395 0.9229090818897034 0.11424648137380429 0
37 6 0 7 1241270 32 613795 58 433508 83 202811 108 341910 133 323636 159 383931 184 368321 209 469636 235 744582 260 588084 285 465445 311 424450 336 689327 361 1028168 386 914988 412 1381917 437 1400574 462 1175457 488 1218473 513 1767559 538 1901823 563 2009729 589 4229338 614 4181915 639 2884967 665 2216529 690 2348251 715 2898728 741 1141075 766 1073034 791 905333 816 713947 842 585066 867 543938 868 0
1 157
159 2 876 89 0.9286820401722937 0.03224702430278764 1
23 242 0 243 780292 268 899583 292 1368101 317 1320938 341 1100667 366 1110017 391 1503263 415 1734593 440 2014204 464 2388451 489 1597043 514 2394831 538 1441833 563 2014967 587 1508268 612 2348085 637 2140924 661 1727618 686 1859313 710 2172578 735 1773971 736 0
2 157 158
160 2 888 171 0.9226024005659109 0.12758178045435725 0
38 78 0 79 608277 104 607657 129 871116 154 756719 179 677403 204 527952 228 435038 253 248173 278 331457 303 392403 328 459202 353 706756 378 592853 403 930616 428 902678 453 1009402 478 1557080 503 1640810 527 1624022 552 1304535 577 1150300 602 1398647 627 1929946 652 1623937 677 1139938 702 1376080 727 1671767 752 1344615 777 1535004 802 2351631 826 3116912 851 4523782 876 3163151 901 2543067 926 5663862 951 3636844 952 0
0
161 3 1107 31 0.9284132260340583 0.04429840699912209 0
40 24 0 25 875884 50 759134 75 502885 101 475767 126 825887 151 926949 176 585620 201 508914 227 1028108 252 1235328 277 1119081 302 2457071 327 2212333 352 1537395 378 1768893 403 2384930 428 2060613 453 1462112 478 1340669 504 1144790 529 1080593 554 1779236 579 1760517 604 1447504 630 1442456 655 725431 680 565751 705 603940 730 583400 755 561991 781 1035563 806 1199439 831 799855 856 672847 881 755743 907 648338 932 358070 957 259931 958 0
3 160 162 163
162 3 660 373 0.9186552443527526 0.12568463081319292 0
40 62 0 63 1043682 88 818518 114 1108984 139 652734 164 816186 189 846335 215 754640 240 973296 265 1041075 291 1062076 316 1395815 341 1398128 367 1005523 392 886222 417 847531 442 1030461 468 791641 493 964090 518 894908 544 833640 569 809437 594 837388 620 1285091 645 2113339 670 3402340 695 1828527 721 1145248 746 1290762 771 1411529 797 2082526 822 2564996 847 1721339 873 1398436 898 1031859 923 842659 948 826370 974 982878 999 594846 1000 0
0
163 3 1264 322 0.9262583747612855 0.11303154210787973 0
33 107 0 108 191364 133 184536 159 172316 184 148931 209 133759 234 133668 260 186492 285 454644 310 507211 335 752704 361 972784 386 787531 411 1189285 436 1816704 462 3074610 487 3717938 512 2633254 538 1374794 563 1130976 588 639824 613 389336 639 306044 664 312046 689 201847 714 124666 740 271699 765 486731 790 338521 815 365450 841 222092 866 212965 867 0
1 162
164 2 1446 236 0.9160393371735984 0.057832709566471865 0
11 722 0 723 1207398 749 1671994 774 1853132 799 1616910 825 923691 851 968558 876 1373741 901 1223440 927 1594183 928 0
0
165 1 580 92 0.9267051271824822 0.1178344347453079 0
13 314 0 315 2046548 340 1619629 365 2176444 389 2672259 414 2792839 439 1649606 464 2206033 489 1712462 513 1539261 538 1287706 563 829790 564 0
1 164
166 3 1363 391 0.913845569801908 0.13501655704850107 1
18 549 0 550 1288697 575 1482541 600 1322074 625 1623819 650 1407812 675 2318893 700 2153750 725 1104473 749 904760 774 1007328 799 731710 824 709671 849 1369257 874 2923164 899 3166093 924 3061398 925 0
3 164 165 167
167 2 1312 155 0.9215616767070036 0.03299817844925812 0
22 391 0 392 969421 416 1229090 441 1349369 465 1006248 490 1017008 514 1146480 539 1189433 563 1206402 587 953168 612 1117405 636 1816809 661 1923067 685 1912382 709 2005482 734 2774450 758 2357989 783 1982317 807 4270243 832 2763743 856 1924382 857 0
0
168 2 1197 111 0.9290109678703986 0.05251952067187465 0
13 245 0 246 2164134 272 2241574 297 2221731 323 2077584 348 2049507 374 1145163 400 1274461 425 1543077 451 1681296 476 1907694 502 1580899 503 0
0
169 2 957 345 0.9146714199700383 0.009850971523050239 0
12 351 0 352 587015 377 843989 402 797776 428 1346710 453 462602 478 778743 503 953857 529 1740402 554 1627114 579 1908687 580 0
1 168
170 1 637 119 0.9218625452253719 0.11944428869662806 0
20 251 0 252 751180 277 1067765 302 731783 327 840143 352 748162 377 1330183 402 1793019 427 1666810 452 824437 478 884102 503 642634 528 848866 553 1245045 578 1578749 603 2162211 628 2315501 653 2123959 678 2491858 679 0
0
171 3 1292 83 0.9106142497092029 0.07996412057273099 0
18 162 0 163 1880128 189 1617884 214 901377 240 964245 265 1435559 291 1895814 316 1963934 342 3180835 367 2594841 393 1184086 418 875682 444 635769 469 647457 495 575985 520 806853 546 1017650 547 0
1 170
172 3 1133 306 0.9276947038490317 0.10885115099990306 1
41 40 0 41 875735 66 931476 91 673222 116 491160 141 688879 166 1367065 191 1773768 216 2921499 241 1389230 266 2006660 292 2100737 317 2130454 342 1388702 367 1324841 392 1744142 417 2144719 442 2489227 467 2029325 492 1320033 517 1435215 542 1503814 567 1056358 592 521939 617 678981 642 589047 667 698778 692 585288 717 975606 742 1357553 768 1655431 793 1519151 818 1383043 843 1579400 868 1105910 893 1471460 918 942713 943 1230419 968 1018217 993 1530579 994 0
0
173 2 622 240 0.9295063780444286 0.000670175420543434 0
9 297 0 298 901936 323 1115660 347 1191219 371 1341856 396 1931996 421 1283672 445 1939490 446 0
1 172
174 2 598 301 0.9246708574199212 0.01431334513012667 0
42 9 0 10 447409 35 605817 60 811846 85 817882 110 2096609 135 2433126 160 2405106 185 1878502 210 1046984 235 1348677 260 1412047 285 1050702 310 3104288 335 4363707 360 3313309 385 2564223 410 1860111 435 1620538 460 1184397 485 1267149 510 1077859 535 610752 560 783659 585 696471 610 743085 635 627957 660 790047 685 767666 710 784630 735 1284131 760 830864 785 579311 810 574062 835 543018 860 569825 885 438604 910 480600 935 487626 960 333166 985 232407 986 0
2 172 175
175 3 805 275 0.9195680587054255 0.06598778890471381 0
23 441 0 442 505706 467 543663 492 970585 517 1914904 541 1167405 566 1343991 591 1592573 616 1452662 641 2037890 666 1457726 691 1469911 715 802850 740 834616 765 702530 790 1291057 815 1118424 840 1191214 864 2175581 889 1719613 914 2076828 939 3127962 940 0
0
176 3 892 367 0.9299674479280834 0.0443772033524445 0
32 205 0 206 777310 231 744488 255 736900 280 814080 304 1061928 329 719805 354 917153 378 726056 403 614220 427 650948 452 588945 476 676656 501 726869 526 627206 550 445281 575 676260 599 1002313 624 1354726 649 2041562 673 3205704 698 1704472 722 2045081 747 1633148 771 1994124 796 1822969 821 1279131 845 2223681 870 3102460 894 3405336 919 1670195 920 0
0
177 3 1352 138 0.9123924200759933 0.13818724446622174 0
12 208 0 209 1848340 235 1198410 261 1047783 288 1116825 314 746070 340 1117678 366 1995256 393 1902701 419 2829448 445 2017160 446 0
0
178 2 918 93 0.9183366320909889 0.13142568843801813 0
15 694 0 695 196448 720 308915 745 351983 770 527910 795 777177 820 693859 845 2439168 870 3171603 895 2059839 920 1991112 945 2384865 970 2578250 995 1707396 996 0
1 177
179 2 1366 116 0.9145848167279568 0.14304960316849086 0
18 217 0 218 131352 242 82112 267 90708 291 67796 316 192866 340 262843 365 283456 389 360155 414 692712 438 686195 463 804498 487 1656561 512 1891550 536 2320542 561 2224367 585 2790280 586 0
1 178
180 3 695 146 0.9228446085709553 0.003996980474513578 0
25 260 0 261 1831421 286 1425172 311 2844738 336 2162937 361 1702766 386 2086954 411 1756100 436 1466251 461 1294517 486 1719229 511 1625854 535 2169354 560 2505808 585 1115717 610 1044927 635 652501 660 652528 685 290998 710 244020 735 321994 760 395338 785 869982 810 705985 811 0
0
181 2 1179 294 0.922638014707432 0.06590060693578656 0
16 630 0 631 2609954 656 1945829 682 2239746 707 1353843 732 1255391 758 964692 783 822750 808 1342254 833 1494381 859 1234750 884 990816 909 1414944 935 1727558 960 2769026 961 0
1 180
182 2 914 357 0.9196261913832224 0.13433325178670785 0
34 145 0 146 471805 171 440851 196 416933 221 410855 247 396058 272 424052 297 513930 322 684825 347 504223 372 767363 397 990980 422 1338395 448 1208416 473 1293417 498 1072154 523 931959 548 1222475 573 1846770 598 1737566 623 1969181 649 2345523 674 1565898 699 1520493 724 1313330 749 2647371 774 2176512 799 3816474 824 3134989 850 2360413 875 3755100 900 2444012 925 1696150 926 0
1 180
183 1 861 303 0.9220148537982061 0.01655614168188449 1
30 19 0 20 2035030 45 1619946 71 2532889 96 2784429 121 2152154 147 1077872 172 1062793 197 929933 223 1242526 248 1557505 273 2408449 299 1771422 324 2455692 349 1523649 375 1411343 400 1169152 425 839710 451 490337 476 693534 501 823454 527 557116 552 712278 577 512167 603 411333 628 236814 653 240696 679 263273 704 259913 705 0
0
184 3 1328 200 0.9231638494198212 0.014565344460781676 0
17 290 0 291 770498 316 646381 342 664768 367 947263 393 876829 418 855236 444 871555 469 671147 494 696796 520 899785 545 1218777 571 2064274 596 1479216 622 1774716 647 2603928 648 0
1 183
185 1 1357 140 0.9154986078064218 0.006196467026815128 0
22 0 0 1 831212 26 829558 50 824303 75 1162008 99 608719 124 519156 148 567826 173 644316 197 721329 222 430753 246 541918 271 458587 295 798962 320 1226455 344 1024341 369 1491655 393 2210996 418 2232268 442 2354926 467 2001600 468 0
1 183
186 3 505 189 0.9141426040115646 0.12987443279782693 0
8 343 0 344 1763773 369 1513546 394 1424982 418 1128924 443 705030 468 658725 469 0
1 185
187 2 786 378 0.9182155930229857 0.00046807187981443563 0
27 171 0 172 3118263 197 1633233 222 1631564 247 1575404 272 1133901 297 1366337 323 1685060 348 2226474 373 1225573 398 782544 423 527912 448 386715 473 290361 498 347320 523 375930 548 428916 573 635955 598 919684 623 802539 649 879921 674 897552 699 939137 724 968491 749 1545574 774 1862955 775 0
0
188 3 562 44 0.9249817804094712 0.02551635204181198 0
15 448 0 449 2328341 474 2188977 498 1617747 523 1541788 548 1161771 572 654299 597 575597 622 665545 646 870756 671 1071161 696 1621335 720 1206315 745 1917846 746 0
0
189 2 658 305 0.911366415806163 0.10254811423088196 0
41 8 0 9 55625 34 100942 59 112880 84 175518 109 155770 135 177895 160 145280 185 157295 210 263240 235 352872 260 348080 285 235095 310 285799 335 370639 360 446948 386 493877 411 474728 436 716063 461 578191 486 1015076 511 1405023 536 2171468 561 2261305 586 3546753 612 2931985 637 2471658 662 1554164 687 1120449 712 1682029 737 1405801 762 1754769 787 2061347 812 2204248 837 3874722 863 2558435 888 2758917 913 3619955 938 3766199 963 5411188 964 0
0
190 1 1493 82 0.9128740130182063 0.13467288500524205 0
20 468 0 469 1297989 495 1132138 520 1268476 546 1601704 571 1609174 597 1526086 623 1482433 648 1448540 674 1590413 699 2095410 725 2687410 750 2502515 776 2460811 802 1903839 827 1613793 853 1662886 878 1852278 904 1486122 905 0
1 189
191 3 1131 386 0.9202777813842382 0.08404625614157962 0
31 39 0 40 516177 65 603506 90 1119201 115 962541 140 1494701 164 1020298 189 912552 214 1013496 239 827315 264 1394440 289 1622811 314 2436225 339 2035695 364 1577436 389 2029644 413 3498295 438 2764417 463 1695252 488 1527393 513 1647708 538 1573347 563 2099359 588 4974839 613 1039275 637 1487245 662 2021555 687 1332496 712 838105 737 554317 738 0
0
192 2 1224 43 0.9183662924057565 0.1239167843631652 0
18 518 0 519 1228770 544 1365147 569 1206078 595 1769364 620 2314857 645 2111254 670 1329329 695 1666791 721 1469753 746 1919042 771 2196143 796 2113699 821 1621955 847 1465083 872 1742224 897 2935241 898 0
1 191
193 2 557 223 0.9155465745454449 0.0591424001695373 0
22 419 0 420 494233 444 635885 469 465111 493 828436 518 1023363 542 992340 567 1421200 591 1936486 616 1980136 640 1710121 665 2090038 689 1846646 714 1998593 738 2118208 763 1707501 787 1207001 812 1629004 836 1356571 861 1275753 885 1412148 886 0
0
194 3 1084 1 0.9285306575175664 0.007640274815120668 0
14 246 0 247 1455345 271 708452 295 472993 319 1070649 343 1330028 367 1507692 392 1987803 416 1752112 440 1622965 464 1137989 488 1916056 512 1823941 513 0
2 193 196
195 3 893 44 0.9215614093371317 0.09040170397618254 0
8 352 0 353 3070330 377 1440131 401 1082674 425 1230364 449 894568 473 636675 474 0
3 193 196 194
196 2 1131 179 0.9187250610895151 0.00021490181546157672 0
10 57 0 58 1255055 82 1102806 106 1165556 130 1389403 155 1448111 179 1557402 203 2003439 227 2071780 228 0
0
197 3 1494 142 0.9125791102886641 0.13937778973256226 0
15 331 0 332 1602463 356 1485495 380 1381077 404 1248652 428 1263202 452 838864 476 843500 500 744647 524 778694 548 836949 572 751570 596 984695 620 1110829 621 0
0
198 3 1121 104 0.915773926138907 0.10260835665266739 0
21 133 0 134 883942 159 900988 184 977640 209 876594 234 1150730 258 1673323 283 1291938 308 1373153 333 1642256 358 2673328 383 2689560 408 2884798 433 2904697 458 2834045 482 2407097 507 2724985 532 2047620 557 1666030 582 1579590 583 0
1 197
199 1 1397 297 0.9119144288485158 0.11784237927080876 1
7 335 0 336 1097151 362 991858 389 1104230 415 1528845 441 2271922 442 0
2 197 198
200 3 915 331 0.9148215663731646 0.0892518332002936 0
42 15 0 16 2108665 41 2615361 66 3295270 91 2486335 115 1898909 140 2234998 165 2408017 190 1385909 215 1452997 240 1256205 265 1166156 290 1528983 314 727965 339 644046 364 1007688 389 880871 414 660952 439 523278 464 337911 489 305271 513 303961 538 336907 563 283791 588 333298 613 349090 638 532062 663 445396 688 494800 712 500894 737 396401 762 412925 787 206890 812 142376 837 88589 862 79739 887 56315 911 42578 936 39681 961 44789 986 37915 987 0
0
201 1 907 325 0.918535767278833 0.005152204194877286 0
21 257 0 258 1742398 283 1979720 309 1609323 334 1192018 359 1599244 384 2072689 410 1997700 435 1557307 460 1162334 485 901818 511 652864 536 1243937 561 867440 587 554514 612 511287 637 538915 662 864236 688 1117308 713 1236121 714 0
0
202 2 535 253 0.9218930508695962 0.009665831609114722 0
11 340 0 341 2924509 367 2312424 394 1468455 420 906112 447 1063576 473 1427193 499 963589 526 745193 552 1341213 553 0
1 201
203 2 1441 271 0.913270497899951 0.12182640229120907 0
30 217 0 218 646626 243 1081259 267 999802 292 826786 317 899755 342 864103 366 660829 391 494279 416 454621 440 542618 465 814626 490 812028 514 825702 539 738713 564 1261196 589 1681985 613 1812055 638 1440551 663 1234577 687 1231060 712 1197928 737 1687397 761 2177955 786 1275245 811 1192346 836 1470032 860 2054338 885 1958122 886 0
2 201 202
204 2 1060 172 0.910329493470956 0.008895263044933604 0
38 112 0 113 219404 138 228335 164 190434 189 129989 214 258328 240 208854 265 272988 290 385749 316 480833 341 259692 366 324621 391 383346 417 490466 442 482816 467 348045 493 312022 518 382368 543 566755 569 556180 594 572749 619 975048 645 582075 670 604793 695 730564 721 532688 746 1070434 771 910450 796 1391169 822 1885259 847 2338084 872 2386632 898 2975480 923 3826994 948 3961853 974 6126813 999 4544274 1000 0
0
205 2 632 316 0.9176630358650543 0.11466589235630666 0
36 28 0 29 870091 54 720280 79 713991 104 372166 129 404527 154 635275 179 730512 204 724684 229 794804 254 1508663 279 1424439 304 1145055 329 1280106 354 1012573 379 1572373 404 1577501 429 2626941 453 2205650 478 1594238 503 1806304 528 1278243 553 1477992 578 1454829 603 1775739 628 1991146 653 1618974 678 2282998 703 2225219 728 2645867 753 2192503 778 2237494 803 1663800 828 1345224 853 1579078 854 0
0
206 3 1426 385 0.9247802314284786 0.0021894714886328713 0
33 171 0 172 1786568 197 1427356 222 1457393 247 1687841 272 1201925 297 1259992 322 917842 347 974530 372 782638 397 731350 422 840172 447 1167212 472 1696614 497 1770318 522 1422364 547 3177242 571 3506368 596 2775974 621 2099565 646 2102462 671 2271599 696 1709050 721 1633889 746 2755801 771 2036741 796 1860070 821 2125521 846 1049652 871 997384 896 1129678 921 1113975 922 0
1 205
207 1 1292 33 0.9139423966351304 0.10606309370597453 0
17 613 0 614 3047874 638 2187019 663 2345208 687 1407202 712 1071678 736 671388 761 562871 785 529211 809 1308908 834 1287795 858 820099 883 798001 907 605326 932 910887 956 996641 957 0
1 205
208 3 1191 63 0.9124372380618359 0.11331608532286912 0
37 50 0 51 1652503 76 1757607 102 1884393 127 1561617 152 2268831 178 2027784 203 2711477 228 2009776 254 2011892 279 2987408 304 1888020 330 1350340 355 663689 380 1004075 406 791604 431 768598 456 692172 481 837295 507 888597 532 1652570 557 1667659 583 1548671 608 1392401 633 1203350 659 1208758 684 859359 709 850559 735 1161394 760 1242578 785 977014 811 1586331 836 1934243 861 2358181 887 3506805 912 3565759 913 0
0
209 2 679 228 0.9168922744418111 0.06045571387332083 0
11 557 0 558 907441 583 1595716 609 802019 634 895498 659 1759625 685 1277861 710 1013456 736 1245571 761 1112125 762 0
0
210 3 1361 52 0.9149881971333019 0.02949361436680025 0
34 82 0 83 1132385 108 1384356 133 1140024 158 1438436 183 1652605 208 1592629 233 1608814 258 1416225 283 923113 308 902294 333 666888 358 790073 383 1403108 408 1338487 433 1815874 458 1713727 483 2088903 508 1250560 533 586498 558 889584 583 476897 608 445445 633 457869 658 575487 683 1282318 708 1309724 733 1041350 758 926919 783 674075 808 619876 833 369740 858 300568 859 0
2 209 211
211 1 555 361 0.919094362798699 0.11025660468310321 0
21 263 0 264 486618 289 702359 315 766442 340 970968 366 1017070 391 1278023 416 1500608 442 1222085 467 1416924 493 1228095 518 1081786 543 1084052 569 909511 594 1337541 619 1267437 645 826710 670 699027 696 1100467 721 961125 722 0
0
212 3 863 77 0.9295345006883988 0.10745057655603206 0
38 43 0 44 973149 69 1007705 93 739486 118 645628 143 747105 167 495024 192 528566 217 629830 241 560031 266 580579 291 657874 316 750473 340 952138 365 1379628 390 833771 414 658742 439 903207 464 751841 488 677882 513 825481 538 1115846 562 1191362 587 1201944 612 1752428 636 1320914 661 1370885 686 1017985 711 1344660 735 2867243 760 2335451 785 1851271 809 1964728 834 1479655 859 1525802 883 2221618 908 2229504 909 0
0
213 3 855 132 0.9219174040586536 0.03363887486147169 0
21 536 0 537 1019044 562 1084514 588 792224 613 525784 638 672812 664 1114577 689 1291017 714 1386704 740 1488454 765 2054007 790 1732591 816 1405250 841 1552960 866 1453038 892 1385018 917 1263655 942 1001845 968 903880 993 685233 994 0
1 212
214 1 835 84 0.9142816657858485 0.09490323061450805 0
12 198 0 199 2953580 224 2365887 250 1715046 275 1255682 300 490745 326 717668 351 1033325 376 933009 402 981063 427 1099235 428 0
1 213
215 3 1433 197 0.9118730223395674 0.08255054371672658 0
25 157 0 158 621488 183 511910 207 592956 232 655437 257 584715 282 527258 306 607060 331 913826 356 705126 381 1977454 405 2595930 430 2722613 455 1983964 479 1744869 504 1010535 529 661247 554 572033 578 893324 603 1469373 628 1780776 653 1940148 677 1112520 702 633400 703 0
0
216 3 1341 297 0.9185893968639829 0.12239595974003545 0
25 41 0 42 878265 67 674138 92 591193 117 904019 142 1226284 167 1210611 191 2267680 216 2496475 241 2049766 266 2501928 291 2064876 316 1413739 341 1326988 366 841874 391 1333188 416 1074904 441 1134452 465 1336213 490 1138196 515 1726988 540 1609322 565 1371340 590 1550809 591 0
1 215
217 1 1335 238 0.9278436744863133 0.13601189531258673 0
35 30 0 31 2095513 56 1448059 81 3048494 106 2108635 131 1187258 155 1357554 180 1776649 205 1428539 230 1634267 255 888560 280 810743 305 1064558 329 1089859 354 923806 379 1027206 404 475901 429 521147 454 344610 479 455668 504 287603 529 347687 553 159787 578 225011 603 112098 628 105422 653 207466 678 244063 703 240659 727 137385 752 124082 777 125320 802 198600 827 318992 828 0
2 215 216
218 1 1416 389 0.9290945648801084 0.0537378698981955 0
40 50 0 51 37101 76 32590 101 35292 127 29959 152 52908 177 78023 202 47526 228 59577 253 72633 278 50433 303 69203 329 58272 354 55750 379 66770 404 90349 430 135476 455 220881 480 205456 505 269879 531 259092 556 261788 581 281372 606 254810 632 510347 657 650689 682 862379 707 931013 733 909176 758 871303 783 1109193 808 1273322 834 1110954 859 2549339 884 2959447 909 4403174 935 4674722 960 4095919 985 4771905 986 0
0
219 2 1487 118 0.9109707257949421 0.042024001170384746 0
38 76 0 77 114952 102 73545 127 83392 152 100098 177 117343 202 113685 227 143186 252 110637 277 52723 302 100949 327 174854 352 147535 377 254282 402 250222 427 175795 452 228144 477 150435 502 82948 528 46755 553 66112 578 74077 603 102273 628 125511 653 90310 678 210777 703 303608 728 476197 753 874423 778 1506345 803 1836516 828 1281600 853 1703384 878 2851100 903 3534133 928 2885836 953 1813545 954 0
1 218
220 3 516 123 0.914333933254896 0.08448046825143862 0
7 766 0 767 1990078 795 1220913 822 1390567 849 1778935 877 1472836 878 0
2 218 219
221 3 577 291 0.9297560244105441 0.14504030556239184 0
19 306 0 307 598437 332 468648 357 449716 382 674462 407 814945 432 836404 457 1071411 482 1004346 507 1446733 532 1574802 557 2224081 582 2191978 607 1950301 632 2362162 657 2053619 682 3031026 707 4971904 708 0
0
222 1 1075 99 0.92963193631056 0.14434390445954715 0
12 154 0 155 2037714 180 1355806 205 1296590 230 1129030 255 1107238 280 1098372 305 1081680 330 1657809 355 2163987 380 2421566 381 0
1 221
223 3 1462 261 0.927665688609028 0.08573780679999764 0
12 237 0 238 2745222 262 1868788 285 1508056 309 929555 332 741780 356 747953 379 1496328 403 2074682 426 1466394 450 865753 451 0
0
224 3 1129 28 0.921755872186671 0.07107704329526247 0
23 485 0 486 1721587 511 1491912 537 1170699 562 888209 587 609819 612 397989 637 617878 663 1237594 688 1587898 713 1672754 739 2235450 764 2881485 789 2122896 814 1645208 839 1419721 865 943524 890 592036 915 1309215 941 1087697 966 1894116 991 2577803 992 0
1 223
225 2 1064 265 0.9191867417004179 0.13948764055797735 0
22 423 0 424 542990 448 335844 473 474352 497 1711297 522 1452049 546 1504061 571 1231273 595 1212240 620 978899 644 996533 669 652091 693 892866 718 1389087 742 1341548 767 1169759 791 1837950 816 1777661 840 2403160 865 1272275 889 2962118 890 0
1 223
226 2 1196 275 0.9114319748969807 0.013451354081577932 0
11 300 0 301 1884870 326 1822579 351 2190213 376 1434281 401 2545183 426 2508360 451 1961937 476 1320534 501 942665 502 0
0
227 3 1116 181 0.9110098321813634 0.09660089600750847 0
27 394 0 395 3791317 420 2609459 445 3383261 470 2344065 495 1737712 520 1322684 545 1213201 570 1125136 595 1283839 620 2420522 645 2109980 670 1533200 695 2427123 721 2341413 746 1879209 771 2127615 796 1731422 821 1297666 846 1130405 871 867692 896 1266149 921 1488455 946 1150228 971 590088 996 695742 997 0
0
228 3 565 200 0.912262882505024 0.07951748447596245 0
14 83 0 84 1392819 109 2223158 134 1410297 159 1326173 184 1053953 209 1149221 234 1088931 259 1305155 284 1284050 309 1552789 334 1797737 359 2925259 360 0
1 227
229 1 882 4 0.9106132625281221 0.046757874661113245 0
29 243 0 244 1253059 269 1185960 294 1006994 319 451910 344 366644 368 452208 393 755089 418 1137102 443 1185766 468 1585894 493 1273108 518 1625798 543 1523734 567 821608 592 549863 617 517190 642 662852 667 469069 692 885505 717 717956 742 731545 767 1011329 791 707022 816 636212 841 949261 866 2311687 891 1442362 892 0
1 227
230 3 1097 89 0.9273614456144346 0.06467058876699527 0
15 480 0 481 251871 505 266056 530 195958 554 443771 579 491568 603 862889 627 803785 652 629450 676 1024044 701 1173222 725 1467670 750 1845071 774 1983026 775 0
0
231 3 911 311 0.9119218792606839 0.010882372487314872 0
21 417 0 418 1804829 443 3476373 468 2785979 493 2775436 518 2606319 543 1899252 568 1378858 593 1403022 618 778691 643 668191 669 810732 694 815443 719 944657 744 1530810 769 1429157 794 1393484 819 1356981 844 1834231 869 1800956 870 0
0
232 3 649 211 0.9140336136717011 0.05850117985051319 0
42 1 0 2 270968 27 435293 52 390906 77 411687 102 208812 127 141805 152 114115 178 214039 203 406968 228 719842 253 616800 278 498565 303 594793 328 915587 353 1094841 378 1929850 403 2548283 428 3126127 453 2898791 478 3740854 504 5145731 529 3154028 554 3217027 579 2055625 604 2063583 629 967074 654 1348121 679 1516475 704 1011354 729 989751 754 730152 779 711646 804 1232221 830 1519199 855 1410309 880 823434 905 672493 930 716617 955 424886 980 478655 981 0
1 231
233 3 823 8 0.9254276403365777 0.017754935255485844 0
34 3 0 4 393013 29 646826 53 636884 78 533030 103 821095 127 1047326 152 793976 177 1617225 201 2292374 226 2025681 250 1159579 275 1279357 300 1116540 324 1206748 349 1012067 374 778682 398 591742 423 445281 448 318196 472 379980 497 596501 522 894360 546 1042844 571 564688 595 570855 620 992767 645 966768 669 804710 694 737121 719 807968 743 980012 768 1379397 769 0
0
234 2 1413 192 0.9146371724845783 0.05087180838741459 1
24 146 0 147 542298 171 584968 196 799112 220 821194 245 1554246 269 1232777 294 1645905 318 2066197 342 1630682 367 1388057 391 1291567 416 1004790 440 999239 465 1121952 489 1025906 513 1191909 538 1739109 562 1604606 587 1441738 611 1095120 636 1221247 660 2365027 661 0
1 233
235 2 705 227 0.9299623227996343 0.022045395331206807 0
33 222 0 223 712066 248 736343 273 603570 297 601305 322 798035 347 559966 372 429648 397 573323 422 752519 447 887474 471 1006914 496 1265518 521 1826269 546 1488354 571 934797 595 921241 620 1306030 645 1142823 670 1382356 695 1995145 720 1610376 745 2179203 769 1468806 794 1363520 819 1659488 844 1519869 869 1396270 893 1192136 918 1615589 943 1394914 968 1712833 969 0
0
236 3 747 393 0.9181810309298929 0.14906962979580424 1
38 60 0 61 424148 86 330749 110 317585 135 234731 160 374224 184 512138 209 544834 233 587922 258 955447 283 613543 307 495138 332 607670 357 789838 381 979793 406 652695 430 454236 455 845342 480 1085139 504 1449472 529 2021585 554 1617599 578 1471051 603 1383146 627 953205 652 879364 677 763208 701 1708139 726 1540981 751 1910663 775 1980852 800 2681202 824 2810637 849 2783743 874 4698275 898 2687526 923 2981599 924 0
1 235
237 3 519 146 0.9229712740808053 0.09820918294010761 0
32 115 0 116 549358 141 462622 165 472409 190 735637 215 605800 239 961717 264 796109 289 1249623 314 1776495 338 1505513 363 1871644 388 1797097 412 1448732 437 1475210 462 1792552 486 1473344 511 1070837 536 1801858 560 1290190 585 842756 610 736444 634 788424 659 634743 684 594277 709 462376 733 734525 758 759933 783 421076 807 446046 832 578528 833 0
1 235
238 3 1271 39 0.9205370852247741 0.020328449455855463 0
27 210 0 211 862136 235 888019 260 1180620 285 1144960 309 1458127 333 1956592 358 2408931 383 1905947 407 1296641 431 832292 456 975645 481 935821 505 954811 529 542644 554 576783 579 480518 603 287241 627 247557 652 374926 677 577656 701 722453 725 935133 750 998915 775 1049601 799 1232398 800 0
0
239 3 1436 138 0.9298967839197585 0.08009947501523472 0
26 411 0 412 1118902 437 1409813 462 1233948 487 1110100 512 1450003 537 2036672 562 2293045 587 2185259 612 2171977 637 2494164 662 3240907 687 2471268 713 1846403 738 1924152 763 1998873 788 1949493 813 2532045 838 2266470 863 2574013 888 1840007 913 1423034 938 1034462 963 942445 988 1050717 989 0
1 238
240 1 668 350 0.9279242276184616 0.047919621897808344 0
25 434 0 435 439274 460 667095 486 679121 511 727165 537 571898 562 746759 587 1130827 613 839814 638 932387 664 613948 689 652944 715 705572 740 553824 765 801348 791 1134405 816 1101324 842 1687461 867 1405691 892 3566698 918 2456167 943 2161303 969 1601808 994 3572206 995 0
1 238
241 2 528 79 0.9223265623938067 0.10784946439397262 0
13 331 0 332 724312 357 859920 383 594597 408 713654 433 858615 459 1091549 484 1565223 509 1782858 534 2336620 560 3224931 585 3669352 586 0
0
242 2 1475 340 0.9294177025844783 0.0432434603275433 0
29 76 0 77 121781 102 145398 127 95839 152 129114 177 149742 202 167925 227 133132 253 181297 278 190014 303 190453 328 256771 353 285854 378 261174 403 228906 428 330290 453 213480 478 281567 503 259333 528 387804 553 536019 579 624823 604 750475 629 1079495 654 1526490 679 2365328 704 3391111 729 4279850 730 0
1 241
243 2 714 153 0.9251364440954729 0.05432843912694712 0
25 162 0 163 275092 188 232544 213 344056 238 463514 263 268776 288 263073 313 396949 338 570079 363 795997 388 861229 413 738602 439 924183 464 1289531 489 1630255 514 1509195 539 1928878 564 1503391 589 1686388 614 1323296 639 1039169 664 1404979 689 1210133 714 818028 715 0
2 241 244
244 3 702 109 0.9175364874162181 0.010488021957612741 0
12 530 0 531 2281089 555 1907727 580 1143239 604 1114956 629 1205950 653 390221 678 440851 702 619782 727 719678 751 1080526 752 0
1 242
245 1 903 381 0.928183963130085 0.0729480711791486 0
31 49 0 50 859928 75 393709 101 236661 126 354028 151 445989 176 545365 202 1149426 227 1167849 252 820821 278 601642 303 411059 328 610470 353 879873 379 1183630 404 946304 429 925656 455 941486 480 1563486 505 1151613 530 1186487 556 567052 581 583935 606 643491 632 561029 657 864395 682 2140125 707 1628082 733 1785419 758 1893719 759 0
0
246 3 1346 41 0.9206558199604497 0.017533333000252393 0
18 334 0 335 1393860 360 1264144 385 1318156 410 1418266 434 1217293 459 931130 484 588061 509 696321 534 1024719 559 1302033 584 960198 609 926148 633 1441990 658 1429624 683 850159 708 562465 709 0
0
247 2 664 182 0.911599566112618 0.07217405619630578 0
31 231 0 232 1241524 257 618568 282 498824 308 763821 333 712836 358 633480 383 636515 409 645187 434 643486 459 1119573 484 2182281 509 1837822 535 1444086 560 656479 585 766102 610 576036 635 968663 661 934030 686 705512 711 447710 736 623865 761 413370 787 965764 812 1657857 837 3714890 862 2398864 888 4135255 913 4043409 938 1971406 939 0
1 246
248 2 1309 101 0.9227592387400669 0.04407270398888679 0
18 407 0 408 540388 434 569452 459 524303 485 345250 511 550908 536 954350 562 1319265 588 1735173 613 1706597 639 1364266 665 1459079 690 1535027 716 1396476 742 1188555 767 1335206 793 1664065 794 0
2 246 247
249 2 582 335 0.928941863091434 0.031709917031541135 0
38 62 0 63 1238568 88 881917 112 940980 137 1234595 162 3152828 187 3793762 211 4152096 236 3306678 261 2546864 286 3284716 310 2669354 335 2388875 360 1959968 385 1697333 409 1551683 434 1495923 459 996547 484 639485 508 663052 533 609701 558 748272 583 592848 607 335651 632 300378 657 197334 682 167080 706 147984 731 129460 756 111524 781 81297 805 98010 830 165687 855 137174 880 128372 904 124626 929 201705 930 0
0
250 3 504 376 0.9104347850970755 0.11181219064774252 0
27 66 0 67 756911 92 806898 117 788039 141 569463 166 699115 191 459490 215 482710 240 810566 265 843142 290 1064237 315 751318 339 985767 364 1111570 389 1265527 413 1501506 438 1896800 463 1982606 488 2792814 513 1830867 537 1755181 562 2240254 587 3120477 611 3014251 636 3783956 661 2768394 662 0
1 249
251 2 1103 139 0.9127688845754911 0.031010245853331342 0
29 98 0 99 803792 124 1069967 149 1262676 174 1074700 199 1855085 223 2045355 248 2606113 273 3575996 298 2903727 323 3452974 348 3004870 373 1692780 398 1273022 423 1163514 447 882273 472 808644 497 982168 522 604546 547 497190 572 570189 597 495012 622 403097 646 351902 671 475122 696 251939 721 270325 746 152980 747 0
2 249 250
7 10 1758082653754056285
0.65038945819291305 0.34563956882504965 0.0039709729820371362 0 0 0 0 
0.29367291714300131 0.5797862507438768 0.11253142456916909 0.014009407543952867 0 0 0 
1.4131189430426344e-09 0.18905960051799561 0.44909739165434842 0.32239542530231813 0.039447581112218938 0 0 
0 0.043752041690362654 0.079271361143687852 0.87011603340370036 0.0033077052290538069 0.0035528585331954204 0 
0 0 0.015190350742277408 0.044334491311077411 0.90080171493640016 0.039640375730251982 3.3067279992976463e-05 
0 0 0 2.9123680876183852e-09 0.21976983161374733 0.68711791872304939 0.093112246750835195 
0 0 0 0 0.018677162951541051 0.41030647336908055 0.57101636367937847 
7 0 0 0 0 0 0 0
0.0164217171544473 0.9769717581295233 1.9524892441783885
