A
700
485 826
1 31.0 31.0
2 32.0 31.0
3 32.0 30.0
4 30.0 32.0
5 31.0 32.0
6 30.0 31.0
7 31.0 29.0
8 32.0 29.0
9 31.0 30.0
10 30.0 29.0
11 31.0 28.0
12 29.0 32.0
13 29.0 31.0
14 28.0 31.0
15 29.0 30.0
16 30.0 30.0
17 29.0 29.0
18 32.0 28.0
19 32.0 26.0
20 32.0 27.0
21 30.0 28.0
22 30.0 26.0
23 31.0 26.0
24 30.0 27.0
25 29.0 27.0
26 28.0 28.0
27 29.0 28.0
28 29.0 26.0
29 30.0 25.0
30 29.0 25.0
31 28.0 26.0
32 28.0 32.0
33 27.0 31.0
34 27.0 32.0
35 26.0 31.0
36 26.0 29.0
37 27.0 29.0
38 27.0 28.0
39 25.0 32.0
40 26.0 32.0
41 26.0 30.0
42 24.0 32.0
43 25.0 31.0
44 24.0 31.0
45 24.0 30.0
46 25.0 28.0
47 25.0 29.0
48 24.0 28.0
49 24.0 29.0
50 28.0 27.0
51 26.0 28.0
52 27.0 26.0
53 27.0 27.0
54 28.0 25.0
55 28.0 24.0
56 27.0 24.0
57 26.0 26.0
58 26.0 24.0
59 25.0 27.0
60 26.0 27.0
61 25.0 26.0
62 24.0 26.0
63 24.0 27.0
64 26.0 25.0
65 24.0 25.0
66 25.0 24.0
67 25.0 25.0
68 24.0 24.0
69 31.0 24.0
70 32.0 24.0
71 28.0 29.0
72 31.0 27.0
73 30.0 23.0
74 30.0 24.0
75 29.0 24.0
76 29.0 23.0
77 21.0 30.0
78 22.0 30.0
79 22.0 28.0
80 22.0 29.0
81 21.0 28.0
82 20.0 30.0
83 20.0 29.0
84 21.0 29.0
85 20.0 28.0
86 23.0 22.0
87 24.0 22.0
88 23.0 21.0
89 24.0 21.0
90 25.0 30.0
91 21.0 23.0
92 22.0 23.0
93 20.0 24.0
94 21.0 24.0
95 20.0 23.0
96 20.0 22.0
97 22.0 21.0
98 22.0 22.0
99 21.0 20.0
100 22.0 20.0
101 21.0 22.0
102 20.0 20.0
103 21.0 18.0
104 22.0 18.0
105 21.0 17.0
106 22.0 17.0
107 20.0 18.0
108 21.0 16.0
109 19.0 22.0
110 20.0 21.0
111 19.0 21.0
112 19.0 20.0
113 17.0 22.0
114 18.0 22.0
115 18.0 21.0
116 16.0 22.0
117 17.0 21.0
118 16.0 21.0
119 16.0 20.0
120 17.0 20.0
121 18.0 20.0
122 18.0 19.0
123 20.0 16.0
124 20.0 17.0
125 18.0 18.0
126 17.0 19.0
127 17.0 18.0
128 18.0 17.0
129 18.0 16.0
130 16.0 18.0
131 17.0 17.0
132 16.0 17.0
133 21.0 21.0
134 23.0 13.0
135 24.0 13.0
136 22.0 14.0
137 23.0 14.0
138 22.0 13.0
139 23.0 12.0
140 22.0 12.0
141 24.0 12.0
142 23.0 20.0
143 24.0 14.0
144 6.0 14.0
145 6.0 15.0
146 5.0 13.0
147 6.0 13.0
148 15.0 15.0
149 15.0 16.0
150 32.0 32.0
151 1.0 14.0
152 1.0 15.0
153 6.0 26.0
154 6.0 27.0
155 10.0 8.0
156 11.0 8.0
157 1.0 12.0
158 2.0 12.0
159 13.0 16.0
160 14.0 16.0
161 31.0 23.0
162 6.0 2.0
163 6.0 3.0
164 12.0 13.0
165 13.0 13.0
166 11.0 4.0
167 11.0 5.0
168 9.0 8.0
169 9.0 4.0
170 10.0 4.0
171 10.0 13.0
172 11.0 13.0
173 11.0 28.0
174 12.0 28.0
175 10.0 7.0
176 10.0 2.0
177 11.0 2.0
178 27.0 30.0
179 4.0 10.0
180 4.0 11.0
181 9.0 6.0
182 10.0 6.0
183 8.0 7.0
184 9.0 7.0
185 8.0 2.0
186 8.0 3.0
187 11.0 3.0
188 12.0 3.0
189 0.0 5.0
190 1.0 5.0
191 0.0 11.0
192 0.0 12.0
193 9.0 21.0
194 9.0 22.0
195 12.0 2.0
196 10.0 12.0
197 11.0 12.0
198 14.0 10.0
199 15.0 10.0
200 10.0 3.0
201 11.0 0.0
202 11.0 1.0
203 4.0 9.0
204 9.0 3.0
205 8.0 4.0
206 9.0 2.0
207 8.0 21.0
208 10.0 1.0
209 4.0 18.0
210 5.0 18.0
211 9.0 1.0
212 8.0 1.0
213 22.0 16.0
214 1.0 16.0
215 2.0 16.0
216 8.0 14.0
217 8.0 15.0
218 9.0 12.0
219 7.0 15.0
220 7.0 16.0
221 12.0 0.0
222 8.0 32.0
223 9.0 32.0
224 7.0 13.0
225 8.0 13.0
226 28.0 22.0
227 28.0 23.0
228 8.0 16.0
229 7.0 14.0
230 10.0 11.0
231 11.0 14.0
232 7.0 12.0
233 5.0 16.0
234 6.0 16.0
235 0.0 10.0
236 2.0 14.0
237 14.0 29.0
238 15.0 29.0
239 5.0 15.0
240 4.0 14.0
241 4.0 15.0
242 5.0 14.0
243 4.0 4.0
244 4.0 5.0
245 16.0 12.0
246 17.0 12.0
247 8.0 11.0
248 8.0 12.0
249 6.0 8.0
250 7.0 8.0
251 6.0 21.0
252 6.0 22.0
253 7.0 11.0
254 15.0 11.0
255 15.0 12.0
256 6.0 11.0
257 7.0 10.0
258 10.0 5.0
259 4.0 16.0
260 7.0 7.0
261 8.0 8.0
262 8.0 9.0
263 7.0 6.0
264 8.0 10.0
265 17.0 16.0
266 6.0 12.0
267 2.0 9.0
268 3.0 9.0
269 6.0 10.0
270 7.0 9.0
271 2.0 15.0
272 5.0 11.0
273 7.0 22.0
274 16.0 13.0
275 16.0 14.0
276 16.0 16.0
277 9.0 9.0
278 9.0 10.0
279 10.0 21.0
280 10.0 22.0
281 6.0 6.0
282 6.0 5.0
283 12.0 11.0
284 12.0 12.0
285 8.0 5.0
286 5.0 12.0
287 6.0 4.0
288 5.0 2.0
289 5.0 19.0
290 6.0 19.0
291 5.0 4.0
292 12.0 14.0
293 27.0 25.0
294 1.0 8.0
295 1.0 9.0
296 19.0 14.0
297 20.0 14.0
298 7.0 5.0
299 4.0 2.0
300 10.0 29.0
301 11.0 29.0
302 0.0 9.0
303 1.0 11.0
304 6.0 9.0
305 0.0 7.0
306 0.0 8.0
307 0.0 4.0
308 0.0 6.0
309 2.0 4.0
310 3.0 4.0
311 9.0 0.0
312 2.0 6.0
313 3.0 6.0
314 1.0 19.0
315 2.0 19.0
316 4.0 19.0
317 16.0 19.0
318 2.0 11.0
319 3.0 11.0
320 12.0 10.0
321 7.0 25.0
322 7.0 26.0
323 18.0 15.0
324 0.0 15.0
325 0.0 16.0
326 3.0 5.0
327 2.0 5.0
328 5.0 10.0
329 12.0 16.0
330 2.0 10.0
331 3.0 10.0
332 8.0 6.0
333 8.0 26.0
334 4.0 6.0
335 1.0 7.0
336 2.0 7.0
337 2.0 8.0
338 3.0 8.0
339 11.0 11.0
340 6.0 20.0
341 12.0 1.0
342 8.0 30.0
343 8.0 31.0
344 4.0 12.0
345 4.0 13.0
346 15.0 30.0
347 16.0 30.0
348 19.0 15.0
349 20.0 15.0
350 7.0 4.0
351 5.0 3.0
352 11.0 6.0
353 12.0 4.0
354 1.0 6.0
355 14.0 14.0
356 14.0 15.0
357 12.0 15.0
358 9.0 20.0
359 10.0 20.0
360 28.0 30.0
361 6.0 7.0
362 14.0 28.0
363 15.0 28.0
364 1.0 10.0
365 3.0 12.0
366 10.0 30.0
367 10.0 31.0
368 10.0 9.0
369 10.0 10.0
370 8.0 25.0
371 1.0 4.0
372 16.0 15.0
373 12.0 30.0
374 12.0 31.0
375 16.0 29.0
376 8.0 20.0
377 6.0 25.0
378 4.0 3.0
379 2.0 20.0
380 12.0 29.0
381 13.0 29.0
382 10.0 0.0
383 13.0 14.0
384 4.0 20.0
385 9.0 11.0
386 7.0 21.0
387 22.0 24.0
388 8.0 22.0
389 18.0 13.0
390 18.0 14.0
391 0.0 14.0
392 6.0 18.0
393 15.0 13.0
394 15.0 14.0
395 17.0 13.0
396 17.0 14.0
397 4.0 8.0
398 12.0 5.0
399 9.0 31.0
400 8.0 0.0
401 19.0 16.0
402 11.0 9.0
403 14.0 13.0
404 11.0 10.0
405 7.0 28.0
406 8.0 28.0
407 24.0 20.0
408 17.0 15.0
409 10.0 14.0
410 13.0 10.0
411 13.0 11.0
412 13.0 12.0
413 14.0 11.0
414 14.0 12.0
415 16.0 10.0
416 13.0 15.0
417 16.0 11.0
418 7.0 20.0
419 11.0 32.0
420 12.0 32.0
421 0.0 18.0
422 1.0 18.0
423 7.0 24.0
424 8.0 24.0
425 0.0 19.0
426 0.0 20.0
427 1.0 20.0
428 2.0 18.0
429 5.0 20.0
430 18.0 12.0
431 6.0 24.0
432 7.0 27.0
433 6.0 28.0
434 8.0 27.0
435 9.0 30.0
436 11.0 30.0
437 11.0 31.0
438 10.0 32.0
439 10.0 28.0
440 13.0 28.0
441 13.0 30.0
442 16.0 28.0
443 14.0 30.0
444 22.0 11.0
445 23.0 11.0
446 20.0 32.0
447 22.0 32.0
448 24.0 18.0
449 18.0 24.0
450 16.0 24.0
451 10.0 16.0
452 6.0 0.0
453 10.0 24.0
454 20.0 12.0
455 6.0 30.0
456 14.0 2.0
457 14.0 32.0
458 12.0 26.0
459 14.0 26.0
460 12.0 24.0
461 14.0 22.0
462 4.0 0.0
463 14.0 0.0
464 4.0 30.0
465 4.0 32.0
466 24.0 16.0
467 16.0 8.0
468 14.0 20.0
469 4.0 22.0
470 10.0 26.0
471 4.0 28.0
472 8.0 18.0
473 4.0 24.0
474 6.0 32.0
475 4.0 26.0
476 16.0 26.0
477 12.0 18.0
478 14.0 18.0
479 14.0 24.0
480 12.0 22.0
481 16.0 32.0
482 0.0 32.0
483 0.0 28.0
484 0.0 24.0
485 0.0 0.0
483 484 4
482 483 4
477 478 2
473 484 4
473 475 2
471 483 4
471 475 2
469 473 2
468 478 2
465 482 4
465 474 2
464 471 2
464 465 2
462 485 4
459 476 2
458 460 2
458 470 2
458 459 2
457 481 2
455 474 2
455 464 2
453 470 2
453 460 2
452 462 2
450 479 2
450 476 2
449 450 2
446 481 4
446 447 2
443 457 2
442 476 2
441 443 1
439 470 2
436 437 1
433 455 2
433 471 2
432 434 1
431 473 2
430 454 2
426 484 4
426 427 1
425 426 1
424 453 2
423 431 1
423 424 1
422 428 1
421 425 1
421 422 1
420 457 2
419 438 1
419 437 1
419 420 1
415 467 2
415 417 1
413 414 1
412 414 1
411 413 1
411 412 1
410 411 1
406 439 2
406 434 1
405 433 1
405 432 1
405 406 1
403 414 1
400 452 2
399 435 1
396 408 1
395 396 1
393 403 1
393 394 1
392 472 2
390 396 1
389 395 1
389 430 1
389 390 1
388 424 2
386 418 1
384 469 2
384 429 1
383 416 1
381 441 1
381 440 1
380 381 1
379 384 2
379 427 1
377 431 1
376 472 2
376 418 1
375 442 1
374 437 1
374 420 1
373 441 1
373 436 1
373 374 1
372 408 1
370 424 1
369 404 1
368 402 1
368 369 1
367 437 1
367 438 1
367 399 1
366 436 1
366 435 1
366 367 1
363 442 1
362 459 2
362 440 1
362 363 1
358 376 1
358 359 1
357 416 1
356 416 1
355 394 1
355 403 1
355 383 1
355 356 1
351 378 1
348 401 1
348 349 1
347 481 2
347 375 1
346 443 1
346 347 1
344 365 1
344 345 1
343 399 1
342 406 2
342 455 2
342 435 1
342 343 1
340 418 1
340 429 1
339 404 1
338 397 1
337 338 1
336 337 1
335 354 1
335 336 1
334 397 2
333 470 2
333 434 1
333 370 1
330 364 1
330 331 1
329 357 1
326 327 1
325 421 2
324 391 1
324 325 1
323 408 1
323 390 1
323 348 1
322 432 1
322 333 1
321 423 1
321 377 1
321 370 1
321 322 1
319 331 1
319 365 1
318 330 1
318 319 1
316 384 1
315 428 1
315 379 1
314 425 1
314 427 1
314 422 1
314 315 1
313 334 1
313 326 1
312 336 1
312 354 1
312 327 1
312 313 1
311 400 1
311 382 1
310 326 1
309 371 1
309 327 1
309 310 1
308 354 1
307 485 4
307 371 1
305 335 1
305 308 1
305 306 1
303 364 1
303 318 1
302 306 1
301 436 1
301 380 1
300 439 1
300 366 1
300 301 1
299 462 2
299 378 1
298 350 1
297 454 2
297 349 1
296 390 1
296 348 1
296 297 1
295 364 1
295 302 1
294 337 1
294 335 1
294 306 1
294 295 1
292 383 1
292 357 1
291 351 1
290 392 1
290 340 1
289 429 1
289 316 1
289 290 1
288 351 1
288 299 1
287 291 1
287 350 1
286 344 1
285 298 1
285 332 1
284 412 1
283 339 1
283 411 1
283 320 1
283 284 1
282 298 1
282 287 1
281 361 1
281 334 2
281 282 1
280 480 2
280 453 2
279 280 1
278 369 1
278 385 1
277 368 1
277 278 1
276 372 1
275 396 1
275 394 1
275 372 1
274 395 1
274 393 1
274 275 1
273 386 1
273 388 1
272 328 1
272 286 1
270 304 1
269 328 1
269 304 1
268 331 1
268 338 1
267 337 1
267 330 1
267 295 1
267 268 1
266 286 1
265 276 1
265 408 1
264 278 1
263 332 1
263 298 1
263 281 1
262 277 1
262 264 1
262 270 1
261 262 1
260 361 1
260 263 1
127 131 1
127 130 1
126 317 1
126 127 1
125 127 1
125 128 1
123 349 1
123 401 1
123 124 1
122 126 1
122 125 1
121 122 1
120 126 1
120 121 1
119 468 2
119 317 1
119 120 1
118 119 1
117 120 1
117 118 1
116 450 2
116 461 2
116 118 1
115 117 1
115 121 1
114 449 2
114 115 1
113 117 1
113 116 1
113 114 1
112 121 1
111 115 1
111 112 1
110 133 1
110 111 1
109 114 1
109 111 1
108 123 1
108 213 1
107 125 2
107 124 1
106 213 1
105 124 1
105 108 1
105 106 1
104 448 2
104 106 1
103 105 1
103 107 1
103 104 1
102 107 2
102 112 1
102 110 1
101 133 1
100 104 2
100 142 1
99 133 1
99 102 1
99 100 1
98 101 1
97 133 1
97 100 1
97 98 1
96 110 1
96 109 1
96 101 1
95 96 1
94 387 1
93 449 2
93 95 1
93 94 1
92 387 1
92 98 1
91 94 1
91 101 1
91 95 1
91 92 1
89 407 1
88 97 1
88 142 1
88 89 1
87 89 1
86 98 1
86 88 1
86 87 1
85 442 4
85 93 4
83 85 1
83 84 1
82 446 2
82 83 1
81 85 1
81 84 1
80 84 1
79 81 1
79 80 1
78 447 2
78 80 1
77 84 1
77 82 1
77 78 1
76 227 1
75 76 1
74 75 1
73 74 1
71 360 1
69 74 1
69 161 1
69 70 1
68 87 2
68 387 2
66 68 1
66 67 1
65 67 1
65 68 1
64 293 1
64 67 1
62 65 1
62 63 1
61 67 1
61 62 1
29 74 1
29 30 1
28 30 1
28 31 1
26 71 1
26 50 1
26 38 1
26 27 1
25 50 1
25 28 1
25 27 1
24 72 1
24 25 1
23 72 1
22 28 1
22 29 1
22 24 1
22 23 1
21 27 1
21 24 1
20 72 1
19 70 2
19 23 1
19 20 1
18 20 1
17 71 1
17 27 1
15 360 1
15 17 1
15 16 1
14 360 1
14 33 1
14 32 1
1 9 1
1 6 1
1 5 1
1 2 1
2 150 1
2 3 1
3 8 1
3 9 1
4 6 1
4 12 1
4 5 1
5 150 1
6 16 1
6 13 1
7 11 1
7 10 1
7 9 1
7 8 1
8 18 1
9 16 1
10 16 1
10 21 1
10 17 1
11 72 1
11 21 1
11 18 1
12 32 1
12 13 1
13 15 1
13 14 1
30 54 1
30 75 1
31 50 1
31 52 1
31 54 1
32 34 1
33 178 1
33 35 1
33 34 1
34 40 1
35 43 1
35 41 1
35 40 1
36 47 1
36 51 1
36 41 1
36 37 1
37 178 1
37 71 1
37 38 1
38 53 1
38 51 1
39 43 1
39 42 1
39 40 1
41 178 1
41 90 1
42 447 2
42 44 1
43 90 1
43 44 1
44 45 1
45 78 2
45 49 1
45 90 1
46 59 1
46 48 1
46 51 1
46 47 1
47 49 1
47 90 1
48 79 2
48 63 1
48 49 1
50 53 1
51 60 1
52 293 1
52 57 1
52 53 1
53 60 1
54 293 1
54 55 1
55 227 1
55 75 1
55 56 1
56 293 1
56 58 1
57 60 1
57 64 1
57 61 1
58 66 1
58 64 1
59 63 1
59 61 1
59 60 1
128 131 1
128 129 1
129 401 1
129 323 1
129 265 1
130 478 2
130 317 1
130 132 1
131 265 1
131 132 1
132 276 1
134 137 1
134 138 1
134 139 1
134 135 1
136 213 2
136 297 2
136 138 1
136 137 1
137 143 1
138 140 1
139 445 1
139 140 1
139 141 1
140 454 2
140 444 1
144 147 1
144 242 1
144 229 1
144 145 1
145 239 1
145 234 1
145 219 1
146 286 1
146 345 1
146 242 1
146 147 1
147 224 1
147 266 1
148 372 1
148 356 1
148 394 1
148 149 1
149 160 1
149 276 1
151 391 1
151 236 1
151 152 1
152 324 1
152 214 1
152 271 1
153 322 1
153 475 2
153 377 1
153 154 1
154 433 1
154 432 1
155 368 1
155 175 1
155 168 1
155 156 1
157 192 1
157 303 1
157 158 1
158 236 2
158 318 1
158 365 1
159 416 1
159 329 1
159 160 1
160 478 2
160 356 1
162 185 2
162 452 2
162 288 1
162 163 1
163 351 1
163 287 1
164 284 1
164 292 1
164 172 1
164 165 1
165 403 1
165 383 1
165 412 1
166 170 1
166 353 1
166 187 1
166 167 1
167 258 1
167 398 1
167 352 1
168 277 1
168 184 1
168 261 1
169 204 1
169 205 1
169 170 1
170 258 1
170 200 1
171 409 1
171 196 1
171 172 1
172 197 1
172 231 1
173 439 1
173 301 1
173 174 1
174 458 2
174 440 1
174 380 1
175 182 1
175 184 1
176 206 1
176 200 1
176 208 1
176 177 1
177 187 1
177 202 1
177 195 1
178 360 1
179 331 1
179 328 1
179 203 1
179 180 1
180 319 1
180 272 1
180 344 1
181 332 1
181 184 1
181 182 1
182 352 1
182 258 1
183 261 1
183 332 1
183 260 1
183 184 1
185 206 1
185 212 1
185 186 1
186 205 1
186 204 1
187 200 1
187 188 1
188 353 1
188 195 1
189 308 1
189 307 1
189 190 1
190 371 1
190 327 1
190 354 1
191 303 1
191 235 1
191 192 1
192 391 2
193 279 1
193 358 1
193 207 1
193 194 1
194 280 1
194 388 1
195 456 2
195 341 1
196 230 1
196 218 1
196 197 1
197 339 1
197 284 1
198 413 1
198 199 1
199 254 1
199 415 1
200 204 1
201 382 1
201 221 1
201 202 1
202 341 1
202 208 1
203 397 1
203 268 1
204 206 1
205 350 1
205 285 1
206 211 1
207 388 1
207 386 1
207 376 1
208 382 1
208 211 1
209 259 2
209 428 2
209 316 1
209 210 1
210 289 1
210 392 1
211 311 1
211 212 1
212 400 1
213 466 2
214 325 1
214 215 1
215 259 2
215 428 2
215 271 1
216 409 2
216 229 1
216 225 1
216 217 1
217 219 1
217 228 1
218 248 1
218 385 1
219 229 1
219 220 1
220 234 1
220 228 1
221 463 2
221 341 1
222 474 2
222 343 1
222 223 1
223 438 1
223 399 1
224 232 1
224 229 1
224 225 1
225 248 1
226 227 1
228 472 2
228 451 2
230 385 1
230 369 1
230 339 1
231 292 1
232 248 1
232 253 1
232 266 1
233 259 1
233 239 1
233 234 1
234 392 2
235 364 1
235 302 1
236 240 2
236 271 1
237 443 1
237 362 1
237 381 1
237 238 1
238 363 1
238 346 1
238 375 1
239 241 1
239 242 1
240 242 1
240 345 1
240 241 1
241 259 1
243 310 1
243 378 1
243 291 1
243 244 1
244 326 1
244 334 1
245 255 1
245 274 1
245 417 1
245 246 1
246 430 1
246 395 1
247 385 1
247 264 1
247 253 1
247 248 1
249 397 2
249 361 1
249 304 1
249 250 1
250 261 1
250 260 1
250 270 1
251 386 1
251 340 1
251 252 1
252 469 2
252 431 2
252 273 1
253 257 1
253 256 1
254 417 1
254 413 1
254 255 1
255 414 1
255 393 1
256 269 1
256 266 1
256 272 1
257 264 1
257 270 1
257 269 1
1
52 52 2 1 2
250
1 2 1184 289 0.9298833932521451 0.09029266706980708 0
23 71 0 72 644031 97 1270613 122 1351931 148 1612082 173 1221964 198 1282898 223 1264189 248 1251150 274 1369510 299 1304574 324 954943 349 1336909 374 1619715 400 989966 425 1222202 450 764071 475 662690 500 1431324 526 1655261 551 1724661 576 2068392 577 0
0
2 2 702 35 0.9133109317243846 0.05112901661942954 0
7 293 0 294 1884050 321 2240959 349 1279582 376 515164 403 550750 404 0
0
3 2 1392 218 0.9195720488369747 0.11720684112000421 0
22 139 0 140 974461 166 752345 191 636232 217 2001333 242 1898612 268 1920624 293 1377303 319 1758019 345 2362521 370 2201013 396 2851394 421 2723657 447 1636646 473 2232759 498 1663389 524 2273315 549 1113494 575 1634762 600 791279 626 303397 627 0
1 2
4 2 573 391 0.9271804867327785 0.10786465165239277 0
31 0 0 1 1146278 26 1670235 51 1282919 76 1224368 100 1102980 125 1944661 150 1269132 175 1394912 200 1710121 225 1428607 250 1337114 274 1293997 299 637591 324 622858 349 472149 374 539129 399 429949 424 372772 448 846715 473 1072520 498 1020826 523 830835 548 1059220 573 958069 598 812528 622 893334 647 766535 672 857615 697 1032755 698 0
1 2
5 2 945 479 0.916554182418227 0.14310019456625175 0
15 29 0 30 1740163 56 1091947 82 927978 108 768508 134 768752 160 567934 185 561309 211 1420456 237 1950681 263 1472830 289 2195092 315 2073500 341 1212157 342 0
1 3
6 1 856 17 0.9162567613577671 0.01467172633844681 0
13 51 0 52 473725 77 461397 101 607203 126 680974 150 532239 175 574831 200 942403 224 836894 249 912286 273 1629662 298 3156210 299 0
0
7 2 742 241 0.9215179845476291 0.0010749006225579227 0
18 173 0 174 177843 200 232518 225 331710 251 357653 277 614748 302 987284 328 793425 354 615566 379 449387 405 519143 431 777170 456 979151 482 1280841 508 1996507 533 2699862 559 2470968 560 0
1 6
8 1 951 241 0.9278563399213021 0.14463401016688443 0
24 13 0 14 1730218 38 1482124 63 1287917 87 1706131 112 1287967 136 1591281 161 1924527 185 2130952 210 3724928 234 2278998 259 1999591 283 1212598 308 1008464 332 747533 357 1036571 381 1059279 406 1524366 430 1978906 455 1684191 479 1196054 504 1386464 528 1213729 529 0
0
9 2 1353 16 0.9140380653332247 0.14830401021579676 0
27 20 0 21 1045108 46 1073247 71 1013245 97 1503082 122 1349029 147 1420697 172 1247600 197 1132288 222 1034304 247 1398576 273 1892316 298 1542008 323 1716242 348 1666108 373 1843871 399 1590888 424 1562609 449 1717719 474 2252860 499 2135424 524 2067590 549 2037586 575 1915401 600 2689035 625 2354796 626 0
1 8
10 2 540 445 0.9214641649449323 0.005905599770270181 0
10 256 0 257 1500308 280 731656 303 667643 326 723259 350 1402954 373 2290046 396 2668567 419 3010431 420 0
2 8 9
11 2 1154 438 0.9237243812706523 0.045532075546288686 0
9 408 0 409 916518 433 714566 458 703888 483 836375 507 1430129 531 1859133 556 846717 557 0
0
12 2 553 157 0.9118723180045462 0.09119614522799509 0
12 460 0 461 1390480 486 1780449 510 1215482 535 1072500 559 1104865 584 945783 608 895919 633 933133 657 494652 682 905101 683 0
1 11
13 1 508 239 0.9233589450959409 0.04015104816847359 0
28 22 0 23 341283 48 335733 73 330664 98 448224 123 583392 148 574152 173 573052 198 1011064 223 586077 248 1575933 273 1141801 298 920551 323 1108028 349 1574179 374 3057372 399 3041946 424 2781547 449 3481878 474 1331501 499 922908 524 1187413 549 982454 574 1041029 599 579778 624 748964 649 579679 650 0
2 11 14
14 2 1139 217 0.9153996321671081 0.07624707767173887 0
28 50 0 51 1378091 76 1797960 102 2103254 127 2107242 153 1518247 178 1556009 203 2306400 229 2077541 254 2000513 280 1784996 305 1923849 330 1895302 356 1722765 381 1293416 407 1210177 432 1273158 457 1169471 483 2103618 508 1597281 534 1691712 559 1575807 584 2119729 610 1819199 635 1515244 661 1500376 686 1304079 687 0
0
15 1 973 434 0.9135824566110265 0.08635512985925128 0
19 196 0 197 823983 222 1300113 247 1238365 272 1060930 297 1563727 322 1131489 347 1175913 372 1707327 397 2198833 421 1894615 446 1516817 471 1426073 496 2094021 521 1365608 546 2023847 571 3490454 596 4208058 597 0
0
16 2 846 481 0.928274643644291 0.1104160580530467 0
7 31 0 32 2064800 59 1705721 87 1117598 115 637481 142 757300 143 0
0
17 2 1036 32 0.9268943549133706 0.13583970076319868 0
8 256 0 257 823742 284 1339400 311 1014737 337 1325154 364 1672905 391 1260183 392 0
1 16
18 1 1123 174 0.9200633616825373 0.061644665407052754 0
14 328 0 329 1196021 354 1658906 378 1565905 403 1463574 427 1096426 452 1555868 476 1794996 501 1163913 525 1270638 550 1147148 574 1148763 599 1081034 600 0
1 17
19 1 1145 186 0.9214916552447506 0.05321635692292294 0
28 42 0 43 2229587 68 2839692 92 3156856 117 1476525 141 1788298 166 2244038 191 1536638 215 1541012 240 1451841 264 3079671 289 2275636 314 2138918 338 960498 363 767104 387 653312 412 1246544 437 620534 461 969399 486 568178 510 491229 535 438095 560 394845 584 404229 609 279645 633 273075 658 226010 659 0
0
20 2 1382 435 0.9276206481942374 0.10422150519429194 0
19 232 0 233 1305153 258 1700198 282 2199009 307 1709673 331 1408968 356 1684807 381 2054336 405 2542198 430 1957174 455 1774486 479 2138793 504 1593296 529 1266411 553 1679009 578 1892397 602 1336514 627 1082656 628 0
2 19 21
21 2 1014 315 0.9286212375948317 0.06851020969286967 0
26 14 0 15 1055524 40 802442 65 1543046 89 1608882 114 1493292 139 2141459 164 2555015 189 1449575 214 1706037 238 1282669 263 1174725 288 1021947 313 1221764 338 701184 363 529531 387 377995 412 442419 437 603473 462 791210 487 491155 512 421911 536 488053 561 687648 586 740898 587 0
0
22 2 1284 198 0.915572068658153 0.07974007217217075 0
31 0 0 1 1178760 26 717426 51 712617 76 286247 101 514143 126 557952 151 718560 176 595125 201 708018 226 578385 251 735666 276 748664 301 827512 326 974340 351 1094119 375 1296320 400 1611889 425 2070669 450 1810900 475 1769188 500 2549838 525 2278593 550 2562622 575 1681453 600 2106319 625 2014628 650 1902062 675 1944433 700 1887751 701 0
0
23 1 762 182 0.9253974932559975 0.0034366225783899196 0
8 435 0 436 1692471 462 1588066 487 1821526 513 1926219 538 1763643 564 2148477 565 0
1 22
24 2 1468 465 0.917730111193131 0.039590311190644524 0
9 250 0 251 2771678 277 1269890 302 1204394 327 571214 353 789070 379 965090 404 1679018 405 0
0
25 2 706 181 0.9198339119585848 0.058578746078489716 0
16 306 0 307 1351595 332 800321 357 845290 382 718761 408 1051742 433 1292034 458 942965 483 1990743 508 1148460 533 860741 559 1190104 584 1959725 609 2136460 634 2309030 635 0
1 24
26 2 560 208 0.9181723192654416 0.12580260825048287 0
30 13 0 14 1153545 39 1236698 65 1552919 90 1542222 115 613848 140 763673 166 997844 191 786593 216 714011 242 1039769 267 1132554 292 1894467 318 2897229 343 2355904 368 2145810 393 3007633 419 1909267 444 1636419 469 1384829 495 1693378 520 1919340 545 1432672 571 1176465 596 965399 621 1567742 646 1324983 672 1788347 697 1614611 698 0
0
27 1 978 232 0.9209269223157236 0.14477353465047405 0
18 328 0 329 561913 353 1236610 378 992410 402 1260030 427 607525 451 953152 476 1004813 500 958129 525 1030225 549 1129199 574 1180578 598 1575957 623 1728270 647 1527944 672 1519902 696 1442756 697 0
0
28 1 703 67 0.9105805192474657 0.09533015203873121 0
29 30 0 31 559347 56 684142 80 918079 105 922775 129 1324738 154 1298814 178 919252 203 1788870 228 1093360 252 1059277 277 1372813 301 750151 326 1515670 351 1215839 375 1189814 400 823655 424 1353188 449 1218188 473 691632 498 849000 523 1228910 547 859547 572 545960 596 847119 621 948918 645 1364614 670 2502777 671 0
2 27 30
29 2 1425 412 0.9186863623673304 0.08894627495065933 0
16 266 0 267 546646 292 512953 317 765379 342 747275 367 995473 392 789135 417 1180559 442 845241 467 989144 492 1376866 517 2453236 542 3194219 567 4076608 592 3746507 593 0
2 27 30
30 2 549 40 0.9181942205317174 0.13296387275029026 0
26 89 0 90 1152443 115 1198377 141 898157 166 939609 191 1337086 217 977503 242 996334 267 981238 293 870732 318 762903 343 986288 369 1059213 394 1402654 420 1435286 445 1003786 470 1159610 496 1003011 521 1351933 546 1255731 572 1126723 597 1511922 622 2358928 648 2216079 673 1477610 674 0
0
31 2 811 445 0.9165457649494521 0.019567373207728944 0
29 34 0 35 3660976 60 1958046 85 2359525 111 1914420 136 1254555 161 884508 186 877221 212 723017 237 698687 262 809554 287 730708 313 465277 338 524496 363 909551 388 552588 413 1150780 439 743626 464 657122 489 660979 514 950439 540 1084637 565 1036680 590 684735 615 636110 641 950964 666 947671 691 844886 692 0
0
32 2 1322 158 0.9138776378176074 0.12305357753760424 0
14 421 0 422 3606306 447 2207085 471 1883363 496 1332869 521 1608154 546 1446793 570 1596595 595 1205089 620 1395676 645 2287275 669 1835893 694 1890439 695 0
1 31
33 2 1116 17 0.9100240622625333 0.11120720884081618 0
8 103 0 104 1352079 129 1511211 154 1682720 178 1819423 203 1714168 228 1312025 229 0
0
34 1 860 377 0.9283193105685492 0.00469925065534254 0
16 343 0 344 312361 369 372029 395 507810 420 351282 446 746933 471 890640 497 733855 522 701877 548 801115 573 1243311 599 1993761 624 1462353 650 1533396 675 1260072 676 0
1 33
35 2 583 265 0.9141457265695399 0.0051418387932951615 0
19 205 0 206 3091604 230 1633963 255 2075862 279 2440756 303 1539259 328 2090532 352 1587302 376 1643436 401 1405293 425 1143737 449 925092 473 986480 498 938363 522 879495 546 597978 571 534277 595 486073 596 0
0
36 1 1026 394 0.9164575851046106 0.06878221780911357 0
15 37 0 38 1112963 64 1163874 90 1484174 116 1819275 142 1484144 168 1637790 193 1073367 219 1033515 245 1276047 271 1363706 297 1200930 323 2098493 349 1848277 350 0
2 35 34
37 2 563 322 0.9241387548824802 0.134623506135456 0
10 163 0 164 599115 189 778481 214 860173 239 1330822 264 2653196 289 1810133 314 1547171 339 1614120 340 0
0
38 2 1368 130 0.9134309670112145 0.047877099540870646 0
10 151 0 152 832273 176 595486 200 993783 224 1571287 249 1056246 273 1031995 297 1345817 321 1124359 322 0
1 37
39 1 927 424 0.9148958437809038 0.020823202803503547 0
17 92 0 93 2927996 117 2265934 142 1290188 166 1205978 190 1074262 214 1218371 239 973839 263 652968 287 938559 312 777575 336 883074 360 424511 384 780757 409 911302 433 1589915 434 0
2 37 38
40 1 1191 284 0.9285534131512525 0.01607103534156106 0
17 294 0 295 1116693 319 1304464 343 1152033 367 1731929 392 1458219 416 1371960 440 584044 464 503237 488 561928 512 393108 536 994799 561 1103035 585 1199441 609 1764334 633 1456026 634 0
2 37 39
41 2 1245 336 0.9183122533176503 0.04060092692341636 0
27 76 0 77 1913368 102 2099993 127 1003860 152 823790 177 790381 202 663597 227 1304473 251 1475162 276 1231854 301 2600535 326 2023989 351 3070077 376 2921459 401 1745475 426 1120850 451 1174302 476 1661535 501 1489769 525 968402 550 1153753 575 1847224 600 1157517 625 1243138 650 1397734 675 1156801 676 0
0
42 2 722 69 0.9225083875657397 0.1368865572914714 0
14 244 0 245 1808339 271 1950639 296 1571464 322 1580846 347 2081105 373 2410833 398 1350526 424 857686 449 1095659 475 848269 500 753846 526 611902 527 0
1 41
43 2 1241 306 0.9218525594961171 0.0956269343718343 0
23 96 0 97 352843 121 361885 146 469295 170 710337 195 875126 219 1181137 244 1593789 268 2350865 293 2684698 317 3215178 341 2100936 366 2172802 390 1634543 415 1678676 439 1732252 464 1559245 488 1722279 513 2666709 537 2211676 562 2300678 586 3241854 587 0
0
44 1 739 53 0.9201332994962665 0.012803845437008193 0
30 14 0 15 387079 40 311967 65 401475 90 383566 115 496563 140 426963 165 995609 190 1114992 215 1605854 240 1601877 265 2242674 290 2122634 315 2284612 340 3343456 365 3206392 390 2080835 415 1734534 440 1565819 465 1548653 490 1006801 515 1432590 540 2172211 565 1673860 590 763518 615 966767 640 960254 665 927708 690 1232536 691 0
1 43
45 1 1145 102 0.9284246412231449 0.13572851623652296 0
31 0 0 1 333348 26 420903 51 688525 75 679273 100 900880 125 546931 150 645958 175 610696 200 987155 224 1236125 249 529322 274 1123153 299 1928255 324 1348014 349 1503379 373 1945955 398 2831826 423 2337954 448 2420088 473 2365969 497 4155724 522 3956536 547 3030336 572 1445567 597 1050610 622 693612 646 646885 671 724282 696 838204 697 0
0
46 2 702 188 0.9268798367691575 0.040843419579562126 0
9 479 0 480 783994 505 575049 529 1091240 553 1759341 578 2222539 603 2643756 627 2753655 628 0
1 45
47 2 898 479 0.9286244638345671 0.004729216354920085 0
7 554 0 555 1308546 580 1880296 605 1858669 630 1366243 655 1146938 656 0
0
48 1 1255 388 0.929761479139928 0.009521187878636655 0
29 27 0 28 3007220 53 3476899 78 3557580 103 4410053 128 2828661 153 1523397 178 2307261 203 2017426 228 2197819 253 1335610 278 1301033 303 836966 328 801185 353 774950 378 1042510 403 879101 428 689155 453 679383 478 374072 503 517180 528 572098 553 1195186 578 821430 603 2143571 628 2103011 653 1559471 678 1884290 679 0
0
49 1 1284 14 0.9213519724895046 0.000623545389797775 0
17 183 0 184 2035228 210 1859853 235 1709010 261 2010918 287 2113745 312 1835965 338 1823061 363 1358209 389 1727998 415 2434510 440 1674144 466 1979127 492 2238506 517 1874315 543 679844 544 0
1 48
50 2 742 117 0.9181511687138459 0.0713227217496456 0
8 78 0 79 643838 104 766334 128 620490 153 1001952 177 2015107 202 1841278 203 0
2 49 51
51 1 1446 445 0.9261114078014454 0.14005397937999015 0
8 332 0 333 540935 357 610359 381 1140663 404 1603386 428 2736266 452 2596158 453 0
0
52 2 1079 19 0.9204151820933907 0.09341007738713518 0
25 130 0 131 2304595 156 3676541 182 2324072 207 3507820 233 2890619 258 2701359 284 2769330 309 1803122 335 2039835 360 1082954 386 1098132 411 659006 436 771402 462 452637 487 500722 513 368847 538 464405 564 424735 589 369927 615 836072 640 535668 666 705683 691 1009802 692 0
0
53 1 1357 387 0.9261787616760901 0.14178272730419086 0
17 328 0 329 597538 354 613027 379 601098 404 727606 430 1234963 455 1280654 480 1593610 505 2081686 530 2347576 555 1176267 580 662977 606 1132048 631 1132502 656 1068463 681 593948 682 0
1 52
54 1 1345 415 0.9208496289678859 0.12489876092615848 0
24 150 0 151 639258 176 1028681 201 1228678 226 1715695 251 2199637 276 1880583 300 2621788 325 2641877 350 2875596 375 4243567 400 4030076 425 2880432 450 1669826 475 1424376 500 1114408 525 731398 549 588783 574 564713 599 272714 624 346531 649 425256 674 443332 675 0
0
55 1 873 204 0.9207935228227713 0.12111656573147281 0
13 448 0 449 360252 473 546541 497 650340 522 1146926 546 1614369 570 1672126 594 2670609 618 3377135 643 2924386 667 2195149 691 1469523 692 0
0
56 2 500 341 0.9280266185921309 0.02695493955433111 0
19 29 0 30 1098953 55 1749329 80 1885372 105 2002202 131 1998241 156 2268202 181 2459711 206 2912470 231 2600204 256 1959403 281 1110831 306 990721 331 1122659 357 1277007 382 1024063 407 769803 432 537700 433 0
1 55
57 2 852 312 0.92421128246501 0.06855793435794588 0
28 41 0 42 3034003 67 2923249 92 2331120 117 2872882 142 1760586 167 1912905 192 1388894 217 1291195 242 1211346 267 919740 292 1766006 317 1222540 342 1219327 367 2370511 392 1812475 417 2077709 442 1234075 467 1323705 492 947422 517 836060 542 457526 567 489149 592 429649 617 441676 642 900961 667 1036553 668 0
0
58 2 1165 445 0.9125880627442293 0.12219092207159979 0
7 314 0 315 1283796 343 1378728 370 1361721 397 2311344 425 2249440 426 0
3 57 59 60
59 1 1084 111 0.9294057124173231 0.12435777668067327 0
28 68 0 69 4766075 94 2490298 118 1990179 143 778444 168 1246551 192 1173666 217 1363638 242 1149381 266 1381806 291 1564209 316 1882633 340 1646741 365 1199956 390 1180379 415 1648444 439 1595736 464 1341875 489 819844 513 885746 538 757184 563 863459 587 610678 612 422159 637 327508 661 519696 686 641361 687 0
0
60 1 1425 40 0.9262220583185227 0.01557791833762574 0
14 233 0 234 585512 259 510969 285 854814 310 581679 336 528077 361 599133 387 579075 412 736052 438 1032177 463 1354037 489 930081 514 2783890 515 0
0
61 1 859 89 0.9231798878019444 0.046473773379936335 0
12 33 0 34 3783449 60 2184982 85 1010401 111 995486 137 586448 162 890336 188 985877 214 768297 239 871033 265 662832 266 0
0
62 2 1493 51 0.9234829130226249 0.1154089250088419 0
9 492 0 493 514395 519 793817 545 1175146 571 1273912 596 1044491 622 1063150 648 1192142 649 0
0
63 1 1180 29 0.9140740627179541 0.10277472756372831 0
14 89 0 90 979340 115 1323751 140 2161912 165 1465877 190 1161561 215 959398 240 1490160 265 1113021 290 1106599 315 815728 340 506695 365 661257 366 0
1 62
64 2 647 236 0.9107639073820875 0.1426557096802928 0
26 124 0 125 2251774 150 2036074 174 1359289 199 1564641 223 2119300 248 1355805 272 1147898 297 828695 321 687263 346 600174 370 599154 395 1473711 419 1613134 444 848564 468 791980 493 678501 517 669621 542 884881 566 770722 591 1023436 615 983080 640 633542 664 1059798 689 1477046 690 0
0
65 2 945 439 0.9227582286628443 0.0765701864534215 0
24 25 0 26 4712293 51 3696754 76 1995021 101 2524269 126 1896305 151 784681 176 640699 201 393091 226 312246 251 365594 276 334126 300 443629 325 371682 350 235844 375 233230 400 145815 425 155620 450 171702 475 97067 500 79471 525 80242 550 46750 551 0
0
66 1 858 67 0.9199681716679576 0.009166886703744475 0
7 106 0 107 1517780 133 727392 159 1135808 184 1178352 210 1060253 211 0
1 65
67 2 1368 13 0.9225399582366618 0.11821473254498982 0
16 43 0 44 2232108 69 3239696 93 1431568 118 970051 142 914476 167 637519 191 812097 216 560998 240 629391 265 501265 289 388611 314 654524 338 908894 363 476611 364 0
0
68 1 1014 230 0.916054697603492 0.14478104541507655 0
14 184 0 185 1061403 209 893913 233 1497731 256 1356201 280 1572949 304 1721929 328 2040364 352 1486802 376 1583955 399 1993513 423 2681551 447 2833573 448 0
1 67
69 2 1120 88 0.9270795501304501 0.04535065127233629 0
17 321 0 322 1892696 347 1123748 373 942381 398 815692 424 585150 449 473737 475 554074 500 914805 525 1314773 551 1261433 576 1125571 602 971934 627 1776935 653 1407707 678 1049091 679 0
0
70 2 1309 212 0.9262397303909428 0.09339029587568702 0
13 22 0 23 1321977 47 1296302 72 2040911 96 3289080 121 2118741 145 1654064 169 1768989 194 1346419 218 2071870 243 2378197 267 1832655 268 0
1 69
71 1 635 421 0.918773887957294 0.09183187355899178 0
14 296 0 297 470182 322 449436 347 542946 372 1079775 397 1753447 422 1323918 446 1409182 471 1647404 496 1551203 521 1961307 546 2181820 571 2143476 572 0
0
72 2 1106 484 0.9288642506751124 0.13967578797840752 0
20 44 0 45 704856 70 518464 94 830016 119 873885 143 1136116 168 1397033 192 905635 217 890752 241 984887 266 1248368 290 1462483 315 975139 339 1141461 364 1465296 388 1718957 413 1193333 437 1297952 462 1162172 463 0
1 71
73 1 1309 475 0.9101786258305449 0.04272187987006122 0
13 289 0 290 546893 315 582186 340 746743 364 1108229 389 1413408 414 1581455 439 2655584 464 2448774 488 1871979 513 947543 538 1252248 539 0
0
74 2 534 324 0.9254441396231339 0.071138340490764 0
18 9 0 10 1974567 35 1550234 60 2454086 84 1238733 109 928162 134 631997 159 429369 184 400751 208 534940 233 683842 258 539051 283 485417 308 577185 332 1004442 357 808564 382 1132081 383 0
1 73
75 2 1481 428 0.9126840418407646 0.023993220883119237 0
31 6 0 7 1204333 32 859192 57 762957 81 649197 106 1086695 131 826499 155 929102 180 1208860 205 1034567 230 1601713 255 1719045 279 1287457 304 1237297 329 1129369 353 1048319 378 1690676 403 2208477 428 1471340 453 1331551 477 1395617 502 1157911 527 1119608 551 896847 576 525087 601 416789 626 340382 651 207407 675 357581 700 427242 701 0
0
76 2 696 70 0.9109674310409213 0.015431015535851028 0
24 42 0 43 1018980 68 943957 93 773696 118 777213 143 1675416 168 1375166 194 1689245 219 1553987 244 1284786 269 1562565 294 2071086 319 1085594 344 839968 369 613318 394 849007 419 552602 445 698947 470 682473 495 1023098 520 901766 545 1106164 570 1420309 571 0
0
77 1 530 204 0.9245361664562862 0.03397046094653205 0
25 119 0 120 3785390 145 2893828 170 1964368 195 2393261 221 2344204 246 1717011 271 2206428 296 2226498 321 2439461 346 2189028 371 2203438 397 1514696 422 1209750 447 750920 472 832010 497 741023 522 701356 547 824638 572 1364516 598 948246 623 852463 648 1415333 673 2447110 674 0
0
78 2 1166 359 0.9105902743130121 0.10006608950902678 0
20 210 0 211 418855 236 438339 261 665856 285 549557 310 454333 335 470256 360 451705 385 523375 410 807753 434 1319662 459 1125828 484 1020255 509 1161568 534 1173463 559 1214963 583 1567409 608 1456745 633 1679681 634 0
1 77
79 1 822 96 0.9284097262477193 0.1198595747169802 0
17 299 0 300 268116 326 320578 352 998003 377 853845 403 1195407 429 2062354 455 1870617 481 2137780 506 1759416 532 2283730 558 1803304 584 2183660 609 1889544 635 1313368 661 1207330 662 0
1 77
80 2 921 246 0.9174717581841946 0.009003402452670667 0
29 12 0 13 2049453 38 2354564 62 2190699 87 1841563 112 2480321 137 1710369 161 1298580 186 1314478 211 1526863 236 1044767 260 1065778 285 884293 310 584768 335 466487 359 306814 384 312540 409 261740 433 264986 458 314128 483 157646 508 127422 532 151187 557 112969 582 211528 607 175444 631 96477 656 81792 657 0
2 78 79
81 1 772 148 0.9221558262984215 0.06094186295521367 0
12 359 0 360 2873719 384 2407075 407 2376224 431 2416948 454 2040823 478 1400854 501 1141006 525 1360957 548 1214935 572 1082174 573 0
0
82 1 511 250 0.9123047772486701 0.06635882152867952 0
25 49 0 50 682891 75 587456 100 631450 125 687554 151 547853 176 819927 201 1292061 226 1657336 251 1927865 276 2210620 301 1898907 327 1907034 352 1569376 377 1214455 402 1159136 427 1420200 452 1595427 477 1621082 502 1113491 528 1210377 553 999946 578 863981 603 1023468 604 0
1 81
83 1 1343 126 0.9244303485621614 0.010852343671873026 0
21 79 0 80 3012124 105 2933154 130 1417519 156 1738283 181 1988359 206 1472568 231 1197567 257 1149041 282 1537870 307 864164 332 964557 357 1203928 383 1813281 408 2245371 433 2456535 458 2219437 484 1003185 509 669184 534 469616 535 0
0
84 2 511 484 0.9116526835192572 0.032803144095317684 0
16 158 0 159 2963632 184 1754624 210 1250633 235 1198794 261 721865 286 317407 312 290910 337 238925 363 240274 388 282537 414 460818 439 345301 465 472418 490 470111 491 0
2 83 85
85 2 1102 344 0.912097199917917 0.13054183700693534 0
28 47 0 48 1742489 73 837030 99 574465 124 580878 149 703420 175 681319 200 915369 226 993074 251 1285861 276 1208339 302 1041782 327 752013 352 974352 378 1004498 403 1170304 428 957423 454 917842 479 858709 504 1420730 530 1810716 555 1176760 581 723029 606 776988 631 1328249 657 997212 682 1013967 683 0
0
86 1 1439 265 0.9195692901257922 0.006435456635003917 0
10 259 0 260 567824 286 807296 313 1615874 339 1785704 365 3112136 391 1953384 418 1846428 444 1312456 445 0
0
87 2 866 29 0.9108161840195164 0.0769887544179021 0
28 46 0 47 576203 71 931368 96 1005196 120 1479134 145 1028366 169 1054924 194 990995 218 957384 243 986709 267 1428060 292 1579208 316 1505884 341 1584701 365 1739166 390 1871776 414 1016199 439 1349033 463 1161775 488 1373929 512 1915992 537 2226320 561 2096030 586 1345482 610 1483757 635 1645497 659 1814182 660 0
0
88 2 1478 64 0.9140291660326786 0.12554324179211468 0
12 422 0 423 1369425 447 1275367 471 1198006 494 1254987 518 2632655 542 1520775 566 1011375 589 1314162 613 1709097 637 1577505 638 0
1 87
89 1 1360 483 0.9108351807367322 0.0041903090222327405 0
21 33 0 34 1252724 59 1833511 84 1172986 109 1336629 134 1843131 158 1236075 183 1071430 208 1450735 233 1647215 258 3130771 283 1971226 308 1275106 333 2461399 358 2155697 382 1747038 407 2125774 432 1303787 457 1499554 482 879697 483 0
1 87
90 1 1466 172 0.9188265758003097 0.12184820134699101 0
10 226 0 227 1991248 253 1768847 280 2123899 306 2102967 332 1568536 358 1618953 385 1653592 411 1739031 412 0
2 88 89
91 2 745 208 0.9108818329882591 0.05161424999575022 0
29 16 0 17 2084883 42 3054539 67 1795109 92 1692486 117 1296568 142 1774544 167 1864013 191 1806180 216 2003411 241 2585320 266 2341230 291 1989798 316 1622583 341 1269222 366 1261670 391 998093 416 1105460 441 1417029 466 1146638 491 1380607 515 1084376 540 1465351 565 929920 590 1543724 615 1229847 640 779161 665 1693857 666 0
0
92 1 796 312 0.9196267816558428 0.10897642343419861 0
19 64 0 65 2070309 89 2339792 113 1969045 138 2644876 162 1940227 186 1625941 211 1091476 235 1028466 259 1053680 283 1515012 307 1808340 332 1610310 356 1874192 380 1451752 405 1000419 429 1074161 453 568117 454 0
1 91
93 1 826 209 0.9285769495901955 0.06284306929233172 0
7 571 0 572 3145294 598 2339472 625 1183289 651 1386774 677 1006722 678 0
1 92
94 1 661 99 0.9202198642523105 0.05770645971904569 0
11 189 0 190 3009599 213 3107862 237 2306943 261 1463098 284 1250896 307 1376512 331 954133 355 509217 378 660838 379 0
0
95 2 515 342 0.9179545081150552 0.005418159406507916 0
10 36 0 37 1572375 63 1730863 90 2784971 116 1868930 143 1416262 169 1593272 196 1449491 222 2117044 223 0
2 94 96
96 1 869 451 0.9179986601199064 0.11030572416958942 0
20 256 0 257 307162 283 396010 308 295558 334 412856 359 284073 385 417293 411 549993 436 459613 462 739908 487 955062 513 1135112 538 1584117 564 2167485 590 2606686 615 2091425 641 3486419 666 2844990 692 4021040 693 0
0
97 2 1250 55 0.9143295129027849 0.08268804290989959 0
24 161 0 162 406779 187 427741 212 492328 237 612150 261 481385 286 459085 311 397655 336 377270 361 590102 386 717753 411 658161 435 676716 460 536909 485 695360 510 732856 535 1123967 560 1533900 585 1826117 609 2847412 634 1801383 659 1992127 684 1875173 685 0
0
98 1 527 160 0.9106574841173158 0.065975569993801 0
9 66 0 67 2386799 92 1545635 117 1079929 142 1915873 167 1720623 192 1528679 217 1829991 218 0
1 97
99 2 659 230 0.9186319974700885 0.12237371079894563 0
21 242 0 243 2049384 268 1434433 294 1283945 319 1972753 345 1107739 370 1840795 395 1472344 421 1172989 446 1022441 471 1133275 497 1002262 522 1789258 548 1635196 573 1533370 598 1509152 624 1116719 649 998038 675 993169 700 973715 701 0
2 97 98
100 2 677 164 0.9186330433016011 0.05730699365304323 0
15 164 0 165 4075215 190 3217522 214 2267410 239 1884751 264 1318827 288 946518 313 990910 338 887227 362 625372 387 870463 412 493681 436 459228 461 508917 462 0
0
101 1 553 293 0.926019763894617 0.09092188577231212 0
27 99 0 100 274085 125 314616 150 227125 175 304449 199 193655 224 288870 249 357611 274 703523 299 520168 323 486169 348 582222 373 708815 398 850790 423 772207 448 1063845 473 1377908 497 928237 522 697996 547 590045 572 616733 597 975279 621 1895322 646 3376731 671 5122841 696 3176713 697 0
0
102 1 1230 253 0.9134671793563551 0.11505347854165526 0
26 92 0 93 1811950 118 1680419 143 1371449 167 1395070 192 1964015 217 1692617 242 1288376 266 1344792 291 2044227 316 1272524 341 1327938 366 1085437 390 979477 415 544937 440 313090 465 297121 490 249352 514 292553 539 173013 564 213441 589 252941 613 221875 638 440872 663 411823 664 0
1 101
103 2 645 57 0.9117549574434295 0.021073191895795682 0
19 50 0 51 1059754 76 850802 100 1295711 125 982268 149 652857 174 1041215 199 1663187 223 1449472 248 1397266 273 1248980 297 1279627 322 1895052 347 913193 371 877544 396 655096 420 685272 445 707867 446 0
0
104 1 597 4 0.9113699497941736 0.019631241257456505 0
26 70 0 71 138779 96 100595 121 135963 146 195395 172 347718 197 522892 222 509332 247 1114413 272 1072592 297 1338534 322 1448708 347 1834822 373 1467348 398 1018964 423 1280922 448 1995333 473 2136214 498 4052490 523 3454877 548 2660268 574 1563813 599 807958 624 1540985 649 1586412 650 0
1 103
105 2 913 32 0.9194915384525063 0.05791844002761376 0
21 132 0 133 1779469 157 1440610 182 1967362 207 2230242 231 2214927 255 1748882 280 1942743 305 1359152 329 1876693 353 2711501 378 2367333 403 2654053 427 1820561 451 1945744 476 1434055 501 1129207 525 1071465 549 1019743 574 838925 575 0
0
106 2 1320 180 0.9220011503789576 0.1074068342017719 0
22 46 0 47 330319 73 403987 98 627333 124 771313 149 811438 175 1080004 200 1278128 226 1157763 251 1076169 277 565100 302 366602 328 368215 353 447627 379 483897 404 930012 430 1051189 455 1850570 481 3641611 506 2915736 532 2169782 533 0
1 105
107 2 1225 153 0.9167313281133489 0.03432424288503736 0
11 377 0 378 1217187 403 1726866 428 1928253 453 2218752 478 1952362 503 2332975 528 1645149 553 1490272 578 1223932 579 0
0
108 2 538 325 0.9191894497490429 0.09607343030108358 0
9 117 0 118 716901 144 625789 169 604799 195 812564 221 2145916 246 2640914 272 2924057 273 0
0
109 2 1317 181 0.9189454578226789 0.13274149010153138 0
27 55 0 56 1139972 81 1234633 106 1910703 131 2081632 156 1742483 181 1569004 206 1371812 231 1705533 256 1429356 281 1060843 306 1845053 331 1556289 356 1276584 381 1146140 406 914828 431 755204 456 1376401 481 1395803 506 2676418 531 2472310 556 3040166 581 3024215 606 1796438 631 1137261 656 766177 657 0
0
110 1 591 217 0.9133289628741503 0.060521239881767365 0
24 62 0 63 318652 88 393759 112 383123 137 255179 161 505739 186 485060 210 544416 235 314892 260 573830 284 521659 309 579728 333 620531 358 885883 382 1067164 407 1161575 432 1669896 456 1464281 481 2966034 505 2373348 530 2163351 554 1560087 579 3398788 580 0
2 109 111
111 1 1306 455 0.9249478973287351 0.04364626162042662 0
24 71 0 72 5061907 97 3240751 122 1593347 146 1249388 171 910150 196 1271599 221 1787450 246 1965885 270 1400703 295 1949445 320 1665269 345 1370103 370 1022609 395 1218326 419 994073 444 724436 469 680707 494 781711 519 779563 543 1108568 568 1540594 593 1756495 594 0
0
112 2 965 151 0.9192866103703412 0.06363540902276388 0
22 57 0 58 1872476 83 1229759 108 1204212 133 1183045 158 1585976 182 1215896 207 1399454 232 2322001 257 2348638 282 1962698 307 2153543 332 2497447 357 2145168 382 1560082 407 967302 431 1644739 456 1652176 481 1278165 506 1133428 531 1603315 532 0
0
113 2 1356 351 0.9236097899977502 0.0006810749168334185 0
8 439 0 440 2915533 465 1637396 489 1404911 514 1381027 538 828327 563 1323049 564 0
1 112
114 1 519 400 0.9261502969425801 0.12802590754559928 0
21 77 0 78 1378185 102 1095646 127 1003392 151 1484552 176 1899085 200 2349612 224 2434041 249 2155193 273 1519254 297 1483129 322 1052741 346 1331734 371 1276472 395 1798763 419 1747831 444 1429530 468 1456546 493 958634 517 1162837 518 0
1 112
115 2 1228 134 0.9161693958940464 0.06441529056805095 0
19 147 0 148 527568 172 437988 196 754617 221 690324 245 704020 269 925195 293 1163460 317 1525527 341 1223587 366 1561295 390 1512584 414 1069572 438 969536 462 1122748 487 795945 511 1676609 535 1738595 536 0
0
116 1 1492 91 0.929400708434383 0.10887258499903892 0
18 117 0 118 1882888 143 2122430 169 2207322 194 2112052 220 1823937 245 806382 271 516951 296 684592 322 422271 347 497636 373 406367 398 351095 424 280035 449 266208 475 373069 500 347217 501 0
0
117 1 1227 274 0.9206696925694732 0.09267245076561938 0
9 38 0 39 1353729 63 1137027 86 1459965 109 1983467 133 2430554 157 1804861 180 762476 181 0
1 116
118 2 1098 243 0.9121034110449433 0.03568112082902251 0
8 537 0 538 714182 562 856125 586 1401747 610 1776154 634 2037267 658 1253846 659 0
2 116 117
119 2 867 89 0.912722881313927 0.03755962756997692 0
28 39 0 40 1802261 65 1400389 89 1299393 114 892387 138 1207409 163 901373 187 699916 212 795838 236 907441 261 896660 286 964727 310 847391 335 785346 359 849980 384 1069804 408 964712 433 1033831 458 1804207 482 2048319 507 1505220 531 801762 556 542142 580 685247 605 1596962 629 1817707 654 1698789 655 0
0
120 2 927 236 0.913273928376368 0.11633305673959979 0
18 81 0 82 1338238 106 2280098 131 1614106 155 1032737 179 618142 204 845275 228 915344 252 1414364 277 1105070 301 1322955 325 992497 350 991689 374 889677 398 893227 423 1264231 447 843173 448 0
0
121 1 1142 468 0.9150824037729602 0.01158141509011461 0
19 150 0 151 2467315 176 1903065 202 1958773 227 1816013 253 1846905 278 2905608 303 2891924 329 2202692 354 1733808 379 1727483 405 1959588 430 2147725 455 2093365 481 894814 506 1120271 532 1204620 557 986796 558 0
1 120
122 2 1495 297 0.9197802939081379 0.05274381045488872 0
12 213 0 214 1229206 240 1458924 266 1346189 292 1144178 318 1720189 343 1569059 369 1191750 395 1406856 421 1121850 447 1437022 448 0
0
123 2 770 321 0.9181376357165095 0.09250618294034064 0
14 229 0 230 369625 255 311719 280 631113 306 836369 331 1287630 356 1160956 381 955297 406 795966 431 851241 457 1272274 482 1291203 507 2580972 508 0
1 122
124 1 1202 473 0.9267500433217452 0.08275761831843839 0
12 18 0 19 1987130 44 1250261 70 1552983 95 1009509 121 1588811 146 1583732 172 1059664 197 718207 223 619487 248 865739 249 0
0
125 2 574 240 0.929339928323917 0.09381467428785291 0
11 205 0 206 2086304 230 1418027 255 1421878 279 1033575 303 670384 327 463645 351 439028 376 473714 400 507570 401 0
0
126 2 584 372 0.9258390042587671 0.06510458382927024 0
11 480 0 481 726187 507 368176 533 621395 558 609710 584 861567 610 926715 635 1367739 661 1748939 687 1875754 688 0
2 125 127
127 2 1427 364 0.9214740279688821 0.09292518641570356 0
8 116 0 117 1342418 142 1318839 167 1102625 192 862768 217 1235791 242 2175342 243 0
0
128 2 1062 117 0.9283185276078777 0.09990901765726415 0
8 332 0 333 1963012 358 1441953 384 1484109 409 995236 435 1176959 460 1929870 461 0
0
129 2 815 88 0.9147541833600437 0.04073844458575541 0
19 278 0 279 1979921 304 1910063 329 1587055 354 2089515 379 2869260 405 1499226 430 2022259 455 2751914 480 1346683 505 1235251 530 903515 555 816163 581 573959 606 1079253 631 974199 656 1092898 681 1184607 682 0
1 128
130 1 1130 32 0.9147395718235455 0.06931074184890211 0
13 404 0 405 603443 430 575632 455 650301 480 790901 505 906377 531 2619595 556 1893336 581 2285951 606 1819692 631 2438205 656 1909364 657 0
2 128 129
131 2 744 470 0.9141137617031206 0.1389418685584654 0
9 117 0 118 793949 144 1469276 170 1691839 197 2048499 223 1016747 249 822668 275 773834 276 0
0
132 1 846 356 0.9139770830999138 0.11744574016154197 0
11 115 0 116 1658504 141 1147082 166 1889342 191 1467816 216 1290249 241 1939228 266 1876260 291 1604816 316 3776821 317 0
2 131 133
133 1 1039 402 0.9212326604496189 0.0037084597859827315 0
14 145 0 146 1069612 172 1236092 197 1573296 223 1855897 249 1409930 274 1483563 300 1459890 325 1424481 351 1433691 377 1888168 402 3070170 428 3501991 429 0
0
134 2 1467 317 0.9235866488967389 0.021185198079804273 0
16 201 0 202 1666125 226 1622901 250 1891837 274 1611873 298 1179665 322 1621005 346 2190116 371 1072347 395 591048 419 434467 443 452241 467 534238 491 331478 515 254327 516 0
0
135 2 957 274 0.9119737322292054 0.07465674811117981 0
25 97 0 98 878585 123 1244698 149 664496 174 504490 199 646358 224 1074673 250 1285006 275 1874039 300 2068019 325 2669124 351 2741328 376 1780122 401 1214261 427 844133 452 1330317 477 1865053 502 2566824 528 1261514 553 1216836 578 1493009 603 1930565 629 1950078 654 789785 655 0
0
136 2 1379 175 0.9113915024098657 0.11531008041215139 0
30 7 0 8 2097319 33 852294 59 556894 84 701014 110 876564 135 626303 160 1007304 186 1323647 211 1284730 237 1068630 262 1076665 287 1380052 313 1594525 338 1162312 364 1314930 389 1469996 415 1795076 440 1825923 465 1973152 491 2767116 516 2661726 542 1844640 567 1933178 592 1992832 618 1790513 643 2305338 669 2693675 694 2086025 695 0
3 135 137 138
137 1 972 167 0.913746064820518 0.083076820616591 0
12 248 0 249 886543 273 904501 297 607007 321 908528 345 769490 370 720256 394 962368 418 1361053 442 1989129 466 2114118 467 0
0
138 1 868 377 0.9244802668288592 0.14262248809054148 0
28 62 0 63 4218917 88 2615439 113 2680603 138 3269278 163 2890288 188 1673494 213 1171086 238 628648 263 515469 288 516067 313 761733 338 580652 363 1062407 387 881175 412 508530 437 560558 462 486938 487 173981 512 185307 537 129574 562 191493 587 81095 612 45764 637 52038 662 67825 687 48106 688 0
1 137
139 2 581 261 0.9237735886929017 0.009450698116156607 0
10 379 0 380 1830930 406 1646892 433 2477998 459 1708900 485 1385926 511 851470 538 948341 564 942150 565 0
0
140 2 812 51 0.9171204293858258 0.1269442325739223 0
13 183 0 184 1603824 209 1659173 233 1549036 258 1564305 282 1549586 307 1703304 332 911458 356 1199846 381 963796 405 803758 430 1151166 431 0
0
141 2 1142 32 0.9132109749441695 0.10047857674602713 0
22 172 0 173 2286103 198 2768754 223 3017796 247 1827228 272 2001848 297 1679345 322 1406584 347 1611795 371 2314357 396 1926871 421 1610210 446 1694860 470 1930545 495 1841288 520 2780928 545 1580351 570 1073220 594 1353110 619 951862 644 1184656 645 0
1 140
142 1 554 97 0.9264117055225208 0.1012087255784863 0
16 116 0 117 1576818 142 1629828 168 914848 193 922387 219 936096 244 699646 270 938913 295 734567 321 1070358 346 2079815 372 1625432 397 1421971 423 1152622 448 1233544 449 0
1 141
143 1 870 213 0.9156640317398209 0.08783343483767922 0
27 84 0 85 2161954 110 1992890 134 1862376 159 1559400 184 1437717 209 799511 233 925054 258 1596935 283 1000302 307 1398351 332 1099965 357 1880401 381 1569062 406 2083584 431 2759340 456 2481404 480 1511736 505 1803664 530 1990454 554 1836814 579 1465942 604 2044411 629 805490 653 1230906 678 1068269 679 0
0
144 1 1446 453 0.9246135529113103 0.12936937848331934 0
25 52 0 53 34305 78 49409 103 49610 128 105013 153 121056 178 156953 202 181338 227 229922 252 280716 277 356458 302 371051 327 474665 352 514320 377 738065 402 1096163 427 1152383 452 1815867 476 1528754 501 2623829 526 2554304 551 3514742 576 5854433 601 3743715 602 0
1 143
145 1 1019 126 0.9179319712683252 0.14264653008510345 0
14 384 0 385 3735226 409 2359518 434 1902134 458 2142590 482 1556277 506 1308821 531 1834105 555 1190052 579 1085958 603 1616184 628 1546024 652 1916805 653 0
0
146 1 1315 386 0.9192098318973653 0.07463625756472912 0
30 31 0 32 3870681 57 2954156 81 2068852 106 2791732 130 2157672 155 1269639 179 1031412 204 916706 228 1187524 253 705711 278 732465 302 1092059 327 1209187 351 1084116 376 1080638 400 1275222 425 810688 449 547497 474 491992 499 301938 523 220428 548 207808 572 548484 597 381476 621 238260 646 215672 670 237631 695 521249 696 0
2 145 147
147 1 1461 69 0.9205764736477741 0.10385181025269524 0
31 0 0 1 772621 26 655231 51 644031 76 690214 100 1384282 125 2112014 150 962429 175 1057234 200 1664881 225 4446768 250 3097430 274 3319349 299 3135000 324 2887403 349 2710796 374 3169919 399 3035613 424 3201872 448 1561769 473 811150 498 879940 523 485767 548 548565 573 253592 598 262684 622 376319 647 295484 672 366099 697 431317 698 0
0
148 2 1297 313 0.9166383712821692 0.010694192171751743 0
8 440 0 441 986548 466 1412828 491 1148629 515 1002112 540 1055015 565 1312066 566 0
0
149 2 1306 271 0.9219950478316966 0.13517754992221195 0
11 304 0 305 2290828 329 1902435 354 1161691 378 1515463 403 2542167 427 1673767 451 2272005 476 1669596 500 891626 501 0
1 148
150 2 1069 15 0.9240570244657107 0.0709190464435807 0
19 195 0 196 208713 222 256556 247 233095 273 444202 299 408494 324 574123 350 921920 376 1017418 401 438458 427 533476 453 520949 479 985749 504 2826462 530 1605110 556 1306538 581 1691154 607 989660 608 0
0
151 2 630 467 0.9283384386085403 0.08844482971926579 0
19 15 0 16 2165314 41 2535756 65 2306537 90 1438617 115 2265204 139 1378767 164 1724526 188 1391110 213 1815223 238 1467669 262 1091572 287 1584219 311 1222182 336 2372224 361 2567470 385 2544526 410 1894631 411 0
1 150
152 2 1207 54 0.9176923300053389 0.12583760125410726 0
8 172 0 173 1509311 197 1049407 222 827792 246 1220150 271 1660145 295 1619824 296 0
0
153 1 688 362 0.9208573256362699 0.09579416004048606 0
29 30 0 31 1467029 56 854079 81 708754 105 1098246 130 1087051 155 1254164 180 1375846 204 1077686 229 1203251 254 2025329 279 2792661 303 3611017 328 2146382 353 3075022 378 1886041 403 3404643 427 1591650 452 1192684 477 941915 502 851785 526 860302 551 1013861 576 1395631 601 936507 625 1462012 650 1520882 675 1440812 676 0
2 152 154
154 1 1460 232 0.9275473939774945 0.08381610067525426 0
25 74 0 75 1162906 100 1547320 124 1129978 149 1873787 174 2264520 198 1605425 223 910636 247 916932 272 1798404 297 2473229 321 2327722 346 1421472 371 1714152 395 1662156 420 1679482 445 1636287 469 1796175 494 2330666 518 1822396 543 1426645 568 1848739 592 1728327 617 2267497 618 0
0
155 2 547 395 0.926029926390023 0.09802780186403688 0
26 15 0 16 719406 41 554157 67 978973 92 1958675 118 1768348 143 1229408 168 1498036 194 1065981 219 1454230 245 1553467 270 1460712 295 1435153 321 1998112 346 610965 371 456769 397 546807 422 773072 448 544410 473 289090 498 179568 524 210330 549 271770 575 176432 600 212034 601 0
0
156 2 1279 137 0.9143036128387418 0.07373051318440467 0
26 1 0 2 1785675 27 1630546 52 2298499 77 1636162 101 1149246 126 1187478 151 1528050 176 2372299 201 1529998 226 1054173 251 740434 276 425198 300 448961 325 798822 350 558386 375 1306734 400 1586901 425 2150236 450 1494077 475 1187556 499 778855 524 1135219 549 1053253 574 892372 575 0
1 155
157 1 956 253 0.9196363709855572 0.08649233275025998 0
20 95 0 96 1019394 120 1418590 144 1596154 169 1481319 193 2315017 217 2169364 241 2112429 266 2362259 290 1807017 314 1369982 338 1670809 363 1764552 387 1878688 411 2934434 435 1546464 460 1283949 484 1137901 508 1048962 509 0
1 156
158 1 504 349 0.9164316841220688 0.03603259848036962 0
24 92 0 93 1069446 118 1183736 142 1279070 167 1916712 192 1987715 216 1490181 241 1356375 266 961430 290 884628 315 851221 340 913791 364 1379396 389 2183352 414 1469276 438 1920616 463 1847480 488 1346196 512 1396098 537 1503746 562 1648527 586 1189243 611 1360495 612 0
0
159 1 660 55 0.9295171552630483 0.05286354541843126 0
14 78 0 79 432807 103 479619 127 518496 151 517750 175 813354 199 779481 223 781931 247 1161290 271 1224846 295 2756528 319 2735917 343 2801024 344 0
2 158 160
160 2 687 438 0.9203371693160494 0.0588348665994782 0
21 219 0 220 1606474 245 1169143 269 1301302 294 1028176 319 1008630 344 947069 368 831736 393 788314 418 1177894 443 1584587 467 995113 492 1474415 517 1499977 541 1671363 566 1232368 591 1486575 616 1036461 640 1130502 665 1062219 666 0
0
161 2 1296 401 0.916197818705551 0.023067897142493483 0
21 98 0 99 5009673 124 2783470 149 2299159 174 1525017 199 1742253 224 1612900 249 1642624 274 1402631 299 1605343 325 1151933 350 569341 375 426267 400 380878 425 486123 450 415102 475 938396 500 805776 525 684979 550 446660 551 0
0
162 2 1025 405 0.9260883735518394 0.07501457915509148 0
28 7 0 8 4572393 33 3918339 58 3664345 83 2333711 108 1702555 133 1458051 158 1530964 184 1933028 209 1642226 234 1365980 259 1286394 284 1007132 309 707785 334 381119 359 260542 384 235431 409 335044 434 334639 459 342533 485 304709 510 246253 535 206109 560 94418 585 89999 610 145696 635 217196 636 0
1 161
163 1 1260 393 0.9226381838742911 0.009445028249557301 0
28 44 0 45 544691 70 416676 96 572105 121 540983 147 355846 172 557237 197 813738 223 1406084 248 1861799 274 1739841 299 1909626 324 2582978 350 3001291 375 2183001 401 2793273 426 2548148 451 3356531 477 2169755 502 1418264 528 809968 553 675358 578 919825 604 1101479 629 651577 655 584469 680 323912 681 0
0
164 2 576 279 0.9112144247421939 0.08295761863437301 0
24 18 0 19 2299533 44 2296823 69 1406748 95 1194896 120 1151197 145 847207 170 921379 196 1125693 221 1083306 246 714371 271 930170 297 804237 322 824773 347 1025901 372 1475742 398 1236778 423 2052523 448 1715646 473 1223287 499 1593032 524 1212514 549 1316713 550 0
1 163
165 1 936 109 0.9134632618770394 0.13134958538760502 0
16 214 0 215 211353 241 310606 267 295385 292 439217 318 573265 344 424866 370 449384 395 657696 421 1206434 447 2071049 473 1875620 498 1787614 524 1328370 550 1124025 551 0
1 163
166 1 1005 142 0.9209009901461374 0.1284655056364616 0
31 2 0 3 352667 28 774688 53 1525972 78 1629758 103 2211621 127 2960898 152 3467322 177 3866054 202 2441185 227 1260341 252 1234381 277 1156811 302 778951 327 596223 351 989700 376 1433586 401 1982737 426 1505914 451 1132262 476 1159341 501 632604 526 485692 551 341714 576 426363 600 474009 625 449792 650 336181 675 281886 700 188423 701 0
0
167 1 1445 226 0.9265472252739781 0.10925099265819338 0
20 27 0 28 562816 53 562993 78 853757 103 465980 128 1196676 154 1342090 179 1385043 204 1243694 229 1038768 254 1406472 279 1551448 304 1149576 329 863842 355 1125932 380 1030255 405 1591463 430 2079823 455 2164061 456 0
0
168 2 920 395 0.924458145867432 0.13972731957489895 0
15 304 0 305 2072068 330 2434108 355 2389939 380 1897453 405 1170300 430 1111721 455 1314374 480 722960 505 1608042 530 857584 555 1079209 580 1053018 605 1167035 606 0
1 167
169 1 636 453 0.9166959371336741 0.1152415227554739 0
27 13 0 14 2314166 39 1623539 65 1559296 90 2756724 115 2438768 141 1109000 166 916260 191 857753 217 991331 242 1445307 267 1072769 293 1009083 318 914645 343 1366769 369 1421105 394 1545880 419 1305029 445 1335028 470 1465867 495 1034499 521 1304830 546 1173725 571 1092421 597 1552280 622 2015473 623 0
0
170 1 761 81 0.9129700928556967 0.04487797760070224 0
14 401 0 402 1432736 428 1670946 454 1821240 479 2636421 505 1912834 531 2010061 557 2190001 583 1182619 609 906885 634 887306 660 609486 686 848858 687 0
0
171 2 1033 412 0.9138048372496727 0.07748384490044131 0
12 445 0 446 1848994 472 1717870 498 1909965 524 1880988 550 1922972 576 1702575 602 1733254 628 1547446 654 1186320 680 1343850 681 0
1 170
172 2 1049 374 0.9232546308125245 0.02119709157366023 0
31 0 0 1 1358679 26 803753 51 565926 75 862788 100 1125000 125 727348 149 745726 174 904789 199 954970 224 1443345 249 1603235 273 1375270 298 2064888 323 1665989 347 1539766 372 1576315 397 899695 422 548804 447 642155 471 536447 496 621988 521 663304 545 1607306 570 2502319 595 1830018 620 1459524 645 1703696 669 1863303 694 1526824 695 0
2 170 171
173 2 977 259 0.9195020829581666 0.14987186319507156 0
21 14 0 15 2212336 40 1528781 66 1684242 91 1110925 117 1303633 142 1379111 168 1163440 193 988813 219 1395183 244 1297200 269 1199269 295 1398274 320 1208156 346 1463411 371 2149930 397 1006078 422 968346 448 1019212 473 2000264 474 0
0
174 1 621 478 0.9154921541412695 0.025173065498616625 0
26 43 0 44 221836 69 180916 95 253074 120 290266 146 744384 171 766595 196 430362 222 496798 247 870386 273 800846 298 953503 323 570356 349 852977 374 1266621 399 1258512 425 1242965 450 1224926 476 814473 501 1335785 526 2126080 552 2587994 577 2079867 603 2716445 628 2302827 629 0
1 173
175 2 1041 148 0.929276140985202 0.015734292323537766 0
22 129 0 130 796970 155 837726 180 1159579 204 1672859 229 2113338 254 1181659 279 1535596 304 1408204 328 888541 353 495923 378 538360 403 710003 427 1450583 452 1049596 477 1197962 502 2370182 527 1998663 551 2840425 576 3965487 601 2028652 602 0
0
176 2 1293 186 0.9198216394803351 0.1016260470584128 0
23 161 0 162 534351 187 587331 213 1076279 238 790887 263 1520184 289 1224236 314 1716480 339 1697554 365 1196583 390 1865122 415 1467520 441 1418216 466 1606166 492 936332 517 1274544 542 1627568 568 804383 593 756181 618 753696 644 1015523 669 1448690 670 0
0
177 2 918 354 0.917215052891846 0.10163041593236291 0
24 166 0 167 855664 192 743485 217 1127536 242 1174396 267 1448496 292 998017 317 1884477 342 1830453 367 1884121 392 1300078 417 788087 443 688560 468 745928 493 635007 518 466246 543 306921 568 623314 593 692367 618 465070 643 548644 668 538430 693 538385 694 0
0
178 1 931 270 0.9182895882822553 0.14045637113426565 0
30 26 0 27 1398122 52 1989582 77 1509253 102 1215814 126 1123941 151 1522922 176 1021255 201 605927 226 784893 251 754724 276 823632 300 776867 325 569301 350 863818 375 536895 400 731937 425 753105 449 840983 474 472839 499 894862 524 709039 549 927937 574 1212019 599 1849832 623 1150758 648 1595553 673 2007530 698 2284407 699 0
1 177
179 1 738 191 0.9209799094881347 0.12722677120945003 0
14 151 0 152 425796 176 721923 201 445941 225 417609 249 421015 273 636855 298 868890 322 1195366 346 710784 370 1450655 395 1854959 419 2397982 420 0
0
180 1 1168 414 0.9195817539013205 0.12351621667660613 0
27 18 0 19 1810410 44 1877041 69 1672328 94 1570524 119 2113103 144 1962783 169 2613737 194 2170822 219 2973102 244 2354107 269 1490683 294 1724077 319 1167104 345 953570 370 684827 395 764001 420 552510 445 442183 470 344053 495 563154 520 313503 545 434012 570 329208 595 411885 620 396141 621 0
1 179
181 1 1419 80 0.9220023060116185 0.04882452161010598 0
20 184 0 185 3443755 210 4164620 236 3415157 261 3621887 287 2445535 312 1399212 338 1344787 363 1184610 389 986850 414 984103 440 762472 465 566252 491 628511 516 557545 542 520060 567 945020 593 853370 618 511719 619 0
2 179 180
182 1 656 204 0.9195463963074637 0.10723906485489684 0
23 50 0 51 950195 76 1287671 101 1019309 126 1255842 152 1636576 177 1675114 202 1384210 227 2303867 252 1953772 277 2205291 303 1515664 328 2054392 353 2666038 378 1864428 403 1438601 428 1200071 453 648074 479 552772 504 1045354 529 383483 554 271744 555 0
0
183 1 918 121 0.92620201138731 0.07715978113460412 0
13 337 0 338 2839289 362 2455387 385 2495146 409 2384282 433 1494446 457 966620 480 1698821 504 816588 528 797967 551 1677580 575 1766655 576 0
2 182 185
184 1 896 422 0.9167875735631519 0.010753490460711662 0
25 102 0 103 2082570 128 2471789 153 2747668 178 2579198 203 1729550 228 1747989 253 1765108 278 1200539 303 1050783 328 1193518 353 621911 377 568175 402 975768 427 1151506 452 1315613 477 1529596 502 1046197 527 870039 552 821088 577 897572 602 989282 627 1113056 652 779334 653 0
2 182 185
185 1 1347 200 0.9202854439168691 0.1033355733670762 0
10 257 0 258 2519100 282 1960577 307 2489547 331 1330576 355 972394 379 1036413 404 1409118 428 1175020 429 0
0
186 2 1496 436 0.9273998638773638 0.13082721303978814 0
26 105 0 106 895863 131 1586203 155 2360583 180 3194875 204 1977960 229 1339187 254 1497688 278 1115438 303 1497756 327 735608 352 525709 377 374641 401 238314 426 416190 451 375728 475 574343 500 352360 524 212720 549 305510 574 333353 598 432175 623 447187 647 565185 672 677353 673 0
0
187 2 753 44 0.919414876622269 0.0028699588694486022 0
13 408 0 409 466626 433 335629 457 467489 481 619889 505 618559 529 725884 554 1016909 578 1753999 602 2078546 626 1430655 650 2025019 651 0
1 186
188 1 1483 426 0.9164232237146438 0.05090851821284931 0
11 393 0 394 1431605 420 1350646 446 1296130 472 1498623 497 1224323 523 1202803 549 936033 575 674756 601 895292 602 0
0
189 1 1342 428 0.9261508692834283 0.032726457267931865 0
7 224 0 225 1347792 252 1445904 279 1736742 305 1197866 332 1375903 333 0
1 188
190 2 685 396 0.9158786699423838 0.012647434861155988 0
17 13 0 14 626860 40 426218 65 1107297 91 1059570 117 1410145 143 1662525 168 2025765 194 2262057 220 1245774 245 886077 271 728027 297 1358087 323 1318535 348 1566625 374 1511294 375 0
0
191 1 995 153 0.9120977685150178 0.04527078443561534 0
28 29 0 30 185656 55 118312 80 91342 105 98756 130 86306 155 107110 180 147358 204 288103 229 286368 254 466397 279 546910 304 650186 329 418812 354 880663 379 842305 404 1454895 429 2906625 454 3573243 479 2728624 503 2038832 528 1656503 553 1363766 578 1221370 603 1301130 628 1670750 653 2150089 654 0
0
192 2 1351 157 0.9214932949277421 0.05027990158321206 0
25 98 0 99 4403287 124 2236386 148 3037148 173 2935565 197 1101408 222 1156114 247 1762184 271 1732080 296 1169882 320 1094058 345 737423 369 935823 394 675773 419 704528 443 433412 468 398110 492 528803 517 563679 542 593035 566 362720 591 228386 615 225129 640 232844 641 0
0
193 1 1046 275 0.9107657059164853 0.12733733366084532 0
30 17 0 18 984709 43 734094 68 478328 93 646709 117 529128 142 872417 167 892497 192 930925 217 889719 242 554445 267 336455 291 327982 316 469285 341 498195 366 508260 391 718302 416 432466 440 878929 465 895008 490 1109043 515 1209264 540 1468938 565 1349382 590 2024564 614 1339199 639 1992750 664 2803054 689 2881829 690 0
1 192
194 2 888 369 0.9133716091180882 0.10865927329973799 0
21 95 0 96 829634 121 925427 147 810916 172 752348 197 763210 223 615649 248 851220 273 1224279 299 1321681 324 885532 349 1240940 375 1557839 400 822266 425 722474 451 906075 476 1282914 501 1076360 527 1344861 552 1608699 553 0
1 192
195 1 1162 478 0.9256484185301219 0.020977819850659097 0
17 37 0 38 540474 62 387046 86 250047 110 650815 135 1543925 159 2162200 183 1265001 207 1507492 231 1119884 255 1387145 279 1352846 304 1942137 328 1020103 352 1101954 376 1110044 377 0
0
196 1 1047 302 0.9216540907423378 0.13637594085163438 0
14 65 0 66 3280768 90 1851320 114 1251065 138 1684570 162 1736500 186 1803235 209 1289296 233 1550300 257 1183906 281 1075634 305 1620976 329 1916353 330 0
1 195
197 1 1143 73 0.9205594354554351 0.0690930293637483 0
18 308 0 309 1886380 334 1759187 359 1737260 384 2017831 408 2591866 433 2318280 458 1373785 483 2649267 508 2397536 533 1452385 558 1651540 583 1224187 607 1870049 632 1507494 657 1659225 682 1793832 683 0
2 195 198
198 1 1354 115 0.9228450531064345 0.12011094211413653 0
9 486 0 487 974412 513 1269827 538 1738738 563 2060205 589 2749063 615 2261083 640 2309381 641 0
1 196
199 2 1389 221 0.9211467055079507 0.04306325151553472 0
20 237 0 238 1175367 263 1234755 289 844621 314 888042 340 1209687 365 1317287 390 1613147 416 1383925 441 773923 467 1018700 492 953039 518 772059 543 1233935 568 1620828 594 1133453 619 1361515 645 736179 670 871017 671 0
0
200 2 1197 141 0.9104346902224189 0.1358857749533144 0
28 44 0 45 1013475 70 895524 96 1206284 121 952888 146 678385 172 674928 197 609603 222 715666 248 1188033 273 1273655 298 786067 324 1075880 349 1843619 374 2309998 399 1824737 425 1836909 450 1857622 475 1535679 501 1348486 526 946682 551 1415685 577 1100117 602 785635 627 1012779 653 724464 678 904963 679 0
0
201 2 873 273 0.9285929753897183 0.09806602487902595 0
20 174 0 175 3203557 200 2260142 225 1874022 250 2155690 275 1908448 300 1401649 325 2576565 350 2099675 375 1397169 401 693333 426 646863 451 304598 476 253585 501 592132 526 651183 551 543083 576 473058 601 486169 602 0
1 200
202 2 1390 45 0.9230218383358043 0.11922294071155498 0
13 320 0 321 755702 346 846034 371 1216248 396 1427851 421 2189281 445 2345473 470 2035613 495 2425191 520 2658305 545 2136093 570 2308313 571 0
2 200 201
203 2 857 208 0.9172361114086892 0.08319345925292816 0
12 191 0 192 1097844 217 1263521 242 1817372 266 1472622 291 1255989 316 1111419 341 1823527 365 2634226 390 3520475 415 2390527 416 0
3 200 201 202
204 1 1460 123 0.9116648926558416 0.0830901634975004 0
16 336 0 337 602820 362 736471 387 943879 412 1165952 437 1472711 462 1323754 487 1067876 512 1194554 537 1370652 562 946311 587 867058 612 1622480 637 1556745 662 1956478 663 0
0
205 2 1022 464 0.9170579959795213 0.0004142076380859394 0
16 353 0 354 2852459 378 1746634 403 1911788 427 1660366 452 2144767 476 1864569 500 1832085 525 1689220 549 1532756 573 1686891 598 1316345 622 1263254 647 2048245 671 1305284 672 0
0
206 2 1021 292 0.9147893295611653 0.04403254063038279 0
15 299 0 300 1653331 325 1580423 350 1712721 375 745435 401 719779 426 581436 451 858318 476 671129 501 449702 527 646545 552 1261025 577 1712749 602 1384614 603 0
1 205
207 1 886 297 0.9273011748283998 0.05237561683644653 0
29 33 0 34 2471182 59 1089665 84 1192533 109 974445 134 1286392 159 1202491 184 1389918 210 1286357 235 857155 260 1489636 285 2011678 310 1661212 335 1805973 360 1268972 385 1233224 410 1473425 435 989752 460 710201 485 962287 510 1029854 536 1066994 561 2349646 586 2707862 611 4712922 636 3680976 661 3759431 686 2239168 687 0
2 205 206
208 1 703 121 0.9140945149459758 0.13172288212124278 0
14 217 0 218 1985348 243 1553620 268 1400468 293 856397 318 726102 343 566150 368 501500 393 807218 418 673710 443 512195 468 1052821 493 1385925 494 0
0
209 1 1383 116 0.9165742780955727 0.06830833170914995 0
22 167 0 168 457777 194 239083 219 256103 245 259470 270 247682 296 195441 321 310395 347 393493 373 489595 398 800841 424 1790407 449 1885531 475 2700038 501 4049193 526 2424640 552 2012424 577 2255848 603 1847716 628 3030957 654 3184773 655 0
1 208
210 1 793 161 0.9161989335921508 0.031208354823064225 0
20 61 0 62 3260016 88 2143198 113 1566352 139 1221494 164 1073330 190 1222854 216 673711 241 657616 267 600511 292 620064 318 368668 343 549670 369 1323267 395 1994190 420 1309033 446 1322543 471 2515252 497 2372939 498 0
1 208
211 2 1390 22 0.9296924102553424 0.03696616580605517 0
18 142 0 143 633758 168 673733 192 470414 217 496656 241 318117 266 776643 291 908289 315 716534 340 508198 364 683886 389 1551533 414 2156719 438 2182540 463 1893498 487 1376906 512 2490470 513 0
0
212 1 563 99 0.9190297076953036 0.11989177831268821 0
21 81 0 82 594439 107 1010465 132 1237057 157 2335967 182 1994203 207 2061604 232 1544491 257 1734899 282 1822408 307 1707090 333 1291774 358 1397832 383 1103688 408 1100119 433 821524 458 731061 483 483801 508 605720 533 601359 534 0
1 211
213 2 1291 126 0.9203132377229664 0.10288916132460026 0
29 32 0 33 3565269 58 2949068 84 1978451 109 3482891 134 2509791 160 1229591 185 1559192 210 1877346 236 1945779 261 1237204 286 910804 312 1182596 337 2208866 363 1902821 388 2243100 413 2765373 439 1558480 464 2365208 489 978626 515 831931 540 696884 565 555175 591 467232 616 513849 641 493685 667 461430 692 627095 693 0
0
214 2 1076 94 0.9195071576682166 0.043381156973279766 0
24 102 0 103 2794265 129 2509927 154 2100454 180 2660577 205 1879232 231 2348942 256 2019599 282 1757220 307 1491149 333 1241643 358 772569 384 656358 409 868511 435 607192 460 567074 486 549166 511 583432 537 433409 562 518692 588 708645 613 444666 639 308573 640 0
1 213
215 1 1347 335 0.9297930447799527 0.1470155049923298 0
25 51 0 52 354459 77 432819 102 318068 127 589758 152 437257 177 559136 201 725628 226 460012 251 506815 276 878376 301 1283273 326 1546227 351 1718015 376 1306895 401 1417828 426 1827704 451 2321394 475 2195545 500 2112139 525 1330763 550 796317 575 1731860 600 1432989 601 0
1 214
216 2 1481 338 0.9287251560346318 0.01903358447536686 0
11 188 0 189 2695601 215 3017391 240 2147536 266 1678264 291 1242630 317 947132 343 642695 368 553877 394 895982 395 0
0
217 2 1318 375 0.9226369285421817 0.13479240682682347 0
13 250 0 251 493540 276 1011927 302 1400236 327 1365330 353 1620706 378 1050531 403 968044 429 1317005 454 668045 480 805506 505 723982 506 0
1 216
218 1 610 229 0.9107037656222017 0.0020326183919395445 0
27 84 0 85 658442 110 635033 136 617198 161 1044129 186 1101356 212 1416614 237 1250334 262 2520100 288 1396240 313 1270097 338 1246496 364 1343613 389 1461737 414 1701517 440 1572651 465 2387176 490 1427482 516 1065663 541 924730 566 652419 592 706666 617 1078550 642 885126 668 786696 693 717352 694 0
0
219 1 589 5 0.9148314671909652 0.1126307402470556 0
10 148 0 149 1564167 172 959852 196 1330122 219 1371180 242 863049 265 1246032 289 1417252 312 898599 313 0
1 218
220 1 604 287 0.9114457122085549 0.09799634156015508 0
12 141 0 142 1134464 167 1137729 192 1093852 217 1527942 242 1343070 266 1226674 291 1092395 316 1162963 341 1626852 366 1143075 367 0
0
221 2 968 27 0.9240257582611426 0.07292867207571566 0
11 441 0 442 2041630 466 1585907 491 1385905 515 1192502 539 802121 563 614309 587 645854 612 411692 636 579915 637 0
2 220 222
222 2 700 397 0.9297207460907485 0.11784013688041116 0
10 516 0 517 1070944 541 1732147 564 951083 588 684900 611 1008445 635 786750 658 925909 682 1036922 683 0
0
223 2 799 424 0.9108046297314294 0.03980339077289867 0
17 52 0 53 260547 77 279071 101 311221 125 336236 150 400715 174 764629 198 1657578 222 1373101 246 1426098 270 1818694 294 3405444 319 3214423 343 2235987 367 1823876 391 1872323 392 0
0
224 1 1307 255 0.9255724438653959 0.09066912939316826 0
26 87 0 88 674183 113 733266 137 671977 162 537653 187 370911 211 333787 236 306870 261 215735 285 147956 310 229090 335 258250 359 280048 384 216686 408 183773 433 378555 458 311708 482 352566 507 769768 532 1063451 556 1046927 581 1355811 606 2201605 630 2360247 655 3000084 656 0
0
225 2 832 227 0.912188148667594 0.08579078063791899 0
13 158 0 159 922356 183 877481 207 1127390 231 1003243 255 873636 279 797735 303 490314 327 624241 351 925401 375 1600064 399 1883016 400 0
2 224 226
226 2 750 381 0.9151659890746343 0.026419107819248444 0
7 301 0 302 1852689 329 2002574 355 1692324 382 1804497 409 2171293 410 0
0
227 2 1271 258 0.9225124568074983 0.06932713303468187 0
27 38 0 39 1779400 64 3025329 89 2398199 114 2175859 139 1750614 163 1563533 188 2650878 213 1592352 238 1414584 263 1209202 288 684130 313 685123 337 578015 362 598924 387 704920 412 585777 437 501404 462 436325 487 734674 512 524827 537 486831 561 340519 586 440637 611 666292 636 770985 637 0
0
228 2 923 235 0.9188915921416178 0.11537680567065742 0
8 507 0 508 1305281 534 975892 559 686384 585 776645 610 1088670 636 1180369 637 0
1 227
229 1 1071 144 0.922079239306211 0.12766632747615753 0
12 196 0 197 828375 223 817631 249 1081247 274 1838862 300 2216849 326 1193623 352 1083353 377 1689191 403 1009495 429 1425352 430 0
2 227 228
230 1 1104 264 0.9136935075459041 0.10807164221935635 0
19 55 0 56 1675332 81 1851441 105 1670955 130 2151029 155 1647312 180 1416099 205 1317729 229 1496697 254 1274028 279 1040929 303 969149 328 616423 353 826714 378 928650 403 658750 427 432023 452 358449 453 0
2 228 229
231 2 1496 401 0.9143174398795751 0.03921472077756244 0
23 155 0 156 1006707 181 798840 205 793240 230 395079 254 399290 279 322555 303 361252 328 452887 352 513391 377 462805 401 887055 426 1108561 451 1904880 475 1749525 500 1664502 524 1618475 549 1486553 573 1696901 598 1108216 622 1234343 647 1500640 648 0
0
232 1 1495 262 0.9267324420406533 0.11606736812388364 0
22 214 0 215 1427104 240 1735394 265 2017216 290 1631869 315 1033012 341 1626500 366 2803295 391 2455400 416 1396467 441 1865805 466 1244341 491 848525 516 760301 541 637045 566 1263880 592 1281697 617 1177974 642 1325983 667 1136576 692 1553706 693 0
0
233 2 1244 425 0.9225821223179567 0.1339235076107743 0
14 376 0 377 805961 401 1061128 426 848048 450 856785 474 864016 498 990861 523 1471367 547 1476380 571 1971506 595 873835 620 880655 644 904584 645 0
0
234 2 1149 355 0.9131832970335393 0.005238749805620435 0
10 109 0 110 2430881 135 2001651 161 1240105 186 1354949 212 1215723 237 1407191 263 1316941 288 1501832 289 0
1 233
235 2 692 245 0.914486048671759 0.10628074457270484 0
9 74 0 75 1621968 102 1705694 128 1494572 155 1810459 182 1520656 208 1818340 235 1384104 236 0
1 233
236 2 521 194 0.9209872660676026 0.012511641492537334 0
21 248 0 249 675000 274 383173 299 530446 324 414257 349 405901 374 566329 399 427790 424 394157 449 198165 475 410942 500 698223 525 1013105 550 1186057 575 1583339 600 2213985 625 2945844 650 3447035 675 3802317 700 5238330 701 0
0
237 2 1124 261 0.9245464246360153 0.0841713797085199 0
18 256 0 257 1674501 282 2248521 306 1596160 331 1354161 356 2474108 380 1302757 405 1560839 430 1184342 454 1664528 479 1601927 504 1284065 528 1145573 553 1741609 578 1910167 602 1874388 627 1835539 628 0
2 236 238
238 2 505 156 0.9225224719215334 0.07834492565520268 0
19 287 0 288 2814665 313 1074427 338 1155193 363 1459341 389 1761425 414 1595507 439 1165925 464 1330338 489 1032269 514 608782 539 575875 564 486393 589 447437 615 1260356 640 1047339 665 1068533 690 702257 691 0
0
239 2 633 460 0.9289921447953173 0.11816144588998909 0
8 239 0 240 822785 263 1312212 286 1276931 310 786334 333 1168309 356 763112 357 0
0
240 2 849 328 0.9196860072965566 0.008423249716350856 0
10 203 0 204 745266 228 809272 251 678721 275 1170303 299 943982 323 1402111 346 1151496 370 1129265 371 0
0
241 1 1284 482 0.9138475218024918 0.10817062554258669 0
11 234 0 235 1257581 259 1365155 282 2109763 305 2820025 329 1976506 353 1775185 376 993870 399 1648728 423 1049415 424 0
1 240
242 1 1233 99 0.9248584521703761 0.08440870788708761 0
12 67 0 68 911689 92 1250079 116 1488475 141 1399895 165 1375439 189 2330799 213 2406652 238 1665408 262 1846942 286 2487049 287 0
1 241
243 1 520 127 0.9119028608039647 0.056789797646248336 0
25 90 0 91 2218864 115 1881283 140 4097834 165 2947379 189 2345502 213 1703372 238 1162181 263 623977 287 445431 311 366902 336 340595 361 274061 385 297551 409 259238 434 194694 459 142324 483 88741 507 72300 532 79396 557 73534 581 62553 605 41934 630 41203 631 0
0
244 1 1273 293 0.9230647598690824 0.13134229803164646 0
7 43 0 44 2151244 72 1291116 99 1360986 127 1010696 155 1063587 156 0
1 243
245 1 610 397 0.9233582313712989 0.029224985606403964 0
26 54 0 55 1061526 80 1714047 104 1984348 129 1579106 153 2112905 178 1353198 202 1106992 227 1436614 251 1230238 276 1111940 300 1427473 325 1185050 349 1581793 374 1467473 398 1111508 423 896384 447 1346131 472 1569750 496 1121443 521 854060 545 1343935 570 1320891 594 1491007 619 1208405 620 0
0
246 1 999 237 0.9166627713389445 0.1329699881101156 0
19 47 0 48 606131 73 615222 98 1200989 123 1797218 147 1311428 172 967280 197 409040 222 527951 247 710974 272 479896 297 435374 322 558072 347 743571 371 1563012 396 2422643 421 1722893 446 822807 447 0
1 245
247 1 1257 415 0.9164853382604097 0.13942052289612694 0
8 431 0 432 1127743 458 746838 483 892020 509 1069855 534 1136200 560 1694909 561 0
0
248 2 1131 205 0.9199389678066802 0.13042677655398494 0
11 246 0 247 1968351 270 1032181 294 774047 317 655321 341 818489 364 940374 387 1241663 411 1000328 434 1134699 435 0
1 247
249 1 1050 353 0.911902536351848 0.0527741281577998 0
19 192 0 193 90218 218 90396 244 109731 269 100161 295 129746 320 216787 346 188253 371 163152 397 258970 422 494564 447 523471 473 878799 498 1716686 524 2686774 549 2285088 575 4206047 600 3571335 601 0
1 247
250 2 1360 165 0.9207576318584246 0.0770649929565304 0
13 246 0 247 1802154 271 1132399 295 2165331 319 2156539 343 1980312 367 1955955 390 1439941 414 2325762 438 1504718 462 1521088 486 1615403 487 0
0
7 7 5377609872679004265
0.93226412769381872 0.067679106502696304 5.6765803484833344e-05 0 0 0 0 
0.055709365137404376 0.86369382517796467 0.080466077775187952 0.00013073190944299325 0 0 0 
0.0029719011276661766 0.1897120934122849 0.55130842421775428 0.25591607052196474 9.1510720329948843e-05 0 0 
0 0.0028797015959390821 0.079808851493291866 0.8682441247856606 0.047932982218481461 0.0011343399066269899 0 
0 0 1.1672164114947846e-08 0.14907521642044055 0.83732026274035776 0.013435401106582045 0.00016910806045539303 
0 0 0 0.00062404586588914602 0.074789566963058995 0.85399506441855177 0.070591322752500102 
0 0 0 0 0.00095739138302628434 0.32721784069250265 0.6718247679244711 
7 0 0 0 0 0 0 0
0.021130391784270845 0.9881051578585309 0.645983609826576
