A
300
323 529
1 32.0 55.0
2 33.0 55.0
3 26.0 54.0
4 27.0 54.0
5 27.0 53.0
6 17.0 59.0
7 18.0 59.0
8 16.0 60.0
9 17.0 60.0
10 16.0 59.0
11 26.0 52.0
12 26.0 53.0
13 24.0 58.0
14 24.0 59.0
15 23.0 47.0
16 24.0 47.0
17 24.0 46.0
18 23.0 46.0
19 22.0 46.0
20 22.0 47.0
21 32.0 56.0
22 27.0 55.0
23 28.0 55.0
24 31.0 54.0
25 31.0 55.0
26 31.0 64.0
27 32.0 64.0
28 0.0 6.0
29 1.0 6.0
30 24.0 60.0
31 8.0 23.0
32 8.0 24.0
33 11.0 21.0
34 12.0 21.0
35 10.0 22.0
36 10.0 23.0
37 31.0 63.0
38 22.0 48.0
39 11.0 20.0
40 12.0 20.0
41 18.0 58.0
42 1.0 5.0
43 2.0 5.0
44 29.0 53.0
45 30.0 53.0
46 1.0 4.0
47 27.0 58.0
48 27.0 59.0
49 9.0 23.0
50 8.0 16.0
51 9.0 16.0
52 29.0 55.0
53 29.0 56.0
54 17.0 58.0
55 29.0 64.0
56 30.0 64.0
57 30.0 62.0
58 30.0 63.0
59 31.0 62.0
60 5.0 19.0
61 6.0 19.0
62 31.0 56.0
63 29.0 52.0
64 9.0 20.0
65 9.0 21.0
66 31.0 53.0
67 10.0 13.0
68 10.0 14.0
69 9.0 13.0
70 8.0 13.0
71 18.0 60.0
72 29.0 63.0
73 10.0 15.0
74 10.0 16.0
75 9.0 14.0
76 4.0 5.0
77 4.0 6.0
78 8.0 14.0
79 7.0 18.0
80 8.0 18.0
81 9.0 11.0
82 10.0 11.0
83 8.0 10.0
84 8.0 11.0
85 9.0 10.0
86 9.0 12.0
87 8.0 20.0
88 8.0 21.0
89 8.0 15.0
90 9.0 15.0
91 5.0 8.0
92 6.0 8.0
93 28.0 62.0
94 28.0 63.0
95 12.0 14.0
96 12.0 15.0
97 1.0 8.0
98 2.0 8.0
99 6.0 7.0
100 0.0 8.0
101 0.0 7.0
102 1.0 7.0
103 11.0 22.0
104 4.0 19.0
105 2.0 6.0
106 30.0 56.0
107 16.0 58.0
108 27.0 52.0
109 10.0 12.0
110 4.0 7.0
111 8.0 12.0
112 29.0 60.0
113 30.0 60.0
114 11.0 14.0
115 10.0 20.0
116 26.0 55.0
117 12.0 22.0
118 5.0 6.0
119 5.0 7.0
120 7.0 19.0
121 4.0 18.0
122 3.0 6.0
123 2.0 7.0
124 4.0 8.0
125 11.0 15.0
126 32.0 52.0
127 32.0 53.0
128 29.0 62.0
129 0.0 4.0
130 0.0 5.0
131 5.0 20.0
132 6.0 20.0
133 32.0 54.0
134 27.0 60.0
135 28.0 60.0
136 28.0 58.0
137 30.0 61.0
138 10.0 21.0
139 3.0 5.0
140 27.0 56.0
141 13.0 24.0
142 14.0 24.0
143 28.0 59.0
144 23.0 48.0
145 24.0 48.0
146 11.0 12.0
147 11.0 13.0
148 12.0 23.0
149 12.0 24.0
150 29.0 54.0
151 30.0 54.0
152 12.0 13.0
153 33.0 54.0
154 28.0 61.0
155 25.0 58.0
156 26.0 58.0
157 7.0 20.0
158 11.0 16.0
159 12.0 16.0
160 25.0 60.0
161 5.0 18.0
162 4.0 20.0
163 6.0 18.0
164 13.0 22.0
165 9.0 24.0
166 10.0 24.0
167 8.0 19.0
168 9.0 22.0
169 8.0 22.0
170 28.0 53.0
171 13.0 23.0
172 14.0 22.0
173 14.0 23.0
174 26.0 56.0
175 28.0 52.0
176 28.0 54.0
177 28.0 56.0
178 30.0 52.0
179 30.0 55.0
180 31.0 52.0
181 32.0 61.0
182 32.0 62.0
183 25.0 59.0
184 26.0 59.0
185 26.0 60.0
186 29.0 61.0
187 28.0 64.0
188 31.0 60.0
189 31.0 61.0
190 32.0 60.0
191 32.0 63.0
192 33.0 56.0
193 22.0 44.0
194 24.0 52.0
195 24.0 54.0
196 14.0 16.0
197 16.0 16.0
198 20.0 62.0
199 20.0 64.0
200 20.0 58.0
201 16.0 34.0
202 18.0 34.0
203 26.0 48.0
204 26.0 50.0
205 16.0 20.0
206 16.0 22.0
207 24.0 50.0
208 30.0 32.0
209 32.0 32.0
210 22.0 56.0
211 24.0 56.0
212 6.0 26.0
213 8.0 26.0
214 10.0 62.0
215 12.0 62.0
216 26.0 62.0
217 20.0 34.0
218 20.0 36.0
219 20.0 44.0
220 20.0 46.0
221 16.0 24.0
222 8.0 8.0
223 14.0 20.0
224 26.0 64.0
225 6.0 28.0
226 6.0 30.0
227 6.0 32.0
228 6.0 16.0
229 30.0 30.0
230 4.0 16.0
231 20.0 32.0
232 8.0 28.0
233 24.0 44.0
234 4.0 32.0
235 8.0 30.0
236 8.0 32.0
237 16.0 36.0
238 18.0 36.0
239 12.0 18.0
240 20.0 38.0
241 20.0 40.0
242 16.0 38.0
243 16.0 40.0
244 10.0 18.0
245 18.0 40.0
246 14.0 14.0
247 20.0 60.0
248 4.0 24.0
249 4.0 26.0
250 4.0 28.0
251 2.0 48.0
252 2.0 50.0
253 4.0 30.0
254 6.0 24.0
255 12.0 64.0
256 18.0 46.0
257 18.0 48.0
258 28.0 28.0
259 28.0 30.0
260 8.0 60.0
261 8.0 62.0
262 20.0 48.0
263 22.0 64.0
264 24.0 64.0
265 0.0 48.0
266 16.0 32.0
267 0.0 50.0
268 22.0 62.0
269 0.0 52.0
270 16.0 44.0
271 16.0 46.0
272 2.0 52.0
273 4.0 48.0
274 4.0 50.0
275 4.0 52.0
276 10.0 64.0
277 10.0 60.0
278 8.0 64.0
279 12.0 60.0
280 18.0 32.0
281 18.0 56.0
282 18.0 38.0
283 22.0 60.0
284 18.0 44.0
285 16.0 48.0
286 24.0 62.0
287 16.0 56.0
288 20.0 56.0
289 22.0 58.0
290 28.0 48.0
291 28.0 50.0
292 34.0 52.0
293 28.0 32.0
294 32.0 40.0
295 36.0 40.0
296 32.0 36.0
297 32.0 48.0
298 36.0 48.0
299 24.0 32.0
300 20.0 28.0
301 24.0 28.0
302 16.0 28.0
303 20.0 24.0
304 0.0 20.0
305 0.0 24.0
306 24.0 24.0
307 24.0 40.0
308 0.0 16.0
309 4.0 12.0
310 0.0 12.0
311 24.0 36.0
312 0.0 32.0
313 8.0 56.0
314 12.0 56.0
315 4.0 56.0
316 0.0 28.0
317 36.0 36.0
318 0.0 56.0
319 8.0 48.0
320 8.0 52.0
321 16.0 64.0
322 0.0 64.0
323 40.0 64.0
319 320 4
318 322 8
315 318 4
313 320 4
313 315 4
313 314 4
312 316 4
309 310 4
308 310 4
307 311 4
305 316 4
304 308 4
304 305 4
303 306 4
301 306 4
300 303 4
300 302 4
300 301 4
299 311 4
299 301 4
297 298 4
296 317 4
294 307 8
294 297 8
294 296 4
294 295 4
293 299 4
290 297 4
290 291 2
287 314 4
285 287 8
285 319 8
283 289 2
281 288 2
281 287 2
279 314 4
278 322 8
277 279 2
276 278 2
275 320 4
275 315 4
274 275 2
273 319 4
273 274 2
272 275 2
271 285 2
270 284 2
270 271 2
269 318 4
269 272 2
268 286 2
268 283 2
267 269 2
266 302 4
266 280 2
265 312 16
265 267 2
264 286 2
263 268 2
263 264 2
261 278 2
260 277 2
260 313 4
260 261 2
259 293 2
258 301 4
258 259 2
118 119 1
117 148 1
117 164 1
116 174 1
115 244 2
115 138 1
114 147 1
114 125 1
113 188 1
113 137 1
112 186 1
112 135 1
112 113 1
111 309 4
110 119 1
110 124 1
109 146 1
108 175 1
107 287 2
106 179 1
105 123 1
105 122 1
104 162 1
104 121 1
103 117 1
102 123 1
101 102 1
100 310 4
100 101 1
99 119 1
98 124 2
98 123 1
97 102 1
97 100 1
97 98 1
96 159 1
96 125 1
95 246 2
95 114 1
95 152 1
95 96 1
94 187 1
93 216 2
93 128 1
93 154 1
93 94 1
92 222 2
92 99 1
91 124 1
91 119 1
91 92 1
89 90 1
88 169 1
87 157 1
87 167 1
87 88 1
86 111 1
86 109 1
84 111 1
83 222 2
83 85 1
83 84 1
82 109 1
81 84 1
81 86 1
81 85 1
81 82 1
80 244 2
80 167 1
79 163 1
79 120 1
79 80 1
78 89 1
77 118 1
77 122 1
77 110 1
76 77 1
75 90 1
75 78 1
74 244 2
74 158 1
73 125 1
73 90 1
73 74 1
72 94 1
72 128 1
71 247 2
70 111 1
70 78 1
69 86 1
69 75 1
69 70 1
68 73 1
68 75 1
68 114 1
67 109 1
67 147 1
67 69 1
67 68 1
66 127 1
66 180 1
65 168 1
65 138 1
65 88 1
64 115 1
64 87 1
64 65 1
63 175 1
63 178 1
62 106 1
61 132 1
61 163 1
61 120 1
60 131 1
60 161 1
60 104 1
60 61 1
27 323 8
27 191 1
26 56 1
26 37 1
26 27 1
25 179 1
25 62 1
24 151 1
24 66 1
24 133 1
24 25 1
23 177 1
23 52 1
23 176 1
257 285 2
257 262 2
22 116 1
22 140 1
22 23 1
256 271 2
256 284 2
256 257 2
21 192 1
21 190 4
21 62 1
255 321 4
255 276 2
20 38 1
19 220 2
19 193 2
19 20 1
18 19 1
252 274 2
252 272 2
252 267 2
17 233 2
17 18 1
251 273 2
251 265 2
251 252 2
16 145 1
16 17 1
250 316 4
250 253 2
15 144 1
15 18 1
15 20 1
15 16 1
249 250 2
14 183 1
14 30 1
248 305 4
248 254 2
248 249 2
28 130 1
28 101 1
28 29 1
1 25 1
1 133 1
1 21 1
1 2 1
235 236 2
54 107 1
29 102 1
29 42 1
29 105 1
120 167 1
120 157 1
236 266 8
55 187 1
55 72 1
55 56 1
121 230 2
121 161 1
3 195 2
3 116 1
3 12 1
3 4 1
237 242 2
237 238 2
56 58 1
122 139 1
4 22 1
4 176 1
4 5 1
238 282 2
57 128 1
57 59 1
57 137 1
57 58 1
5 170 1
5 108 1
5 12 1
239 244 2
58 72 1
124 309 4
6 54 1
6 9 1
6 10 1
6 7 1
240 282 2
240 241 2
59 182 1
59 189 1
125 158 1
7 71 1
7 41 1
241 307 4
241 245 2
126 297 4
126 292 2
126 180 1
126 127 1
8 279 4
8 321 4
8 10 1
8 9 1
242 282 2
242 243 2
127 133 1
9 71 1
243 270 4
243 245 2
10 107 1
11 204 2
11 194 2
11 108 1
11 12 1
245 282 2
13 289 2
13 211 2
13 155 1
13 14 1
247 283 2
30 283 2
30 286 2
30 160 1
31 169 1
31 49 1
31 32 1
32 254 2
32 213 2
32 165 1
33 138 1
33 103 1
33 39 1
33 34 1
34 117 1
34 40 1
35 138 1
35 168 1
35 103 1
35 36 1
36 166 1
36 49 1
37 191 1
37 58 1
37 59 1
38 262 2
38 144 1
39 115 1
39 40 1
40 239 2
40 223 2
41 281 2
41 200 2
41 54 1
42 130 1
42 46 1
42 43 1
43 105 1
44 150 1
44 170 1
44 63 1
44 45 1
45 151 1
45 178 1
45 66 1
47 156 1
47 136 1
47 48 1
48 143 1
48 184 1
48 134 1
49 165 1
49 168 1
50 80 2
50 228 2
50 89 1
50 51 1
51 90 1
51 74 1
52 179 1
52 150 1
52 53 1
53 177 1
53 106 1
128 186 1
129 130 1
131 162 1
131 132 1
132 157 1
133 153 1
134 185 1
134 135 1
135 143 1
135 154 1
136 177 2
136 143 1
137 189 1
137 186 1
140 177 1
140 174 1
141 171 1
141 149 1
141 142 1
142 221 2
142 173 1
144 145 1
145 203 2
145 207 2
146 147 1
147 152 1
148 171 1
148 149 1
149 166 2
150 176 1
150 151 1
151 179 1
154 186 1
155 183 1
155 156 1
156 174 2
156 184 1
158 159 1
159 196 2
159 239 2
160 185 1
160 183 1
161 163 1
162 304 4
162 248 4
163 228 2
164 172 1
164 171 1
165 166 1
168 169 1
170 176 1
170 175 1
171 173 1
172 206 2
172 223 2
172 173 1
174 211 2
175 291 2
178 180 1
181 189 1
181 190 1
181 182 1
182 191 1
183 184 1
184 185 1
185 216 2
187 224 2
188 190 1
188 189 1
193 219 2
193 233 2
194 207 2
194 195 2
195 211 2
196 246 2
196 197 2
198 268 2
198 247 2
198 199 2
199 321 4
199 263 2
200 289 2
200 247 2
200 288 2
201 237 2
201 266 2
201 202 2
202 238 2
202 217 2
202 280 2
203 290 2
203 204 2
204 291 2
204 207 2
205 206 2
206 221 2
208 293 2
208 229 2
208 209 2
209 296 4
210 288 2
210 289 2
210 211 2
212 249 2
212 254 2
212 225 2
212 213 2
213 232 2
214 276 2
214 261 2
214 277 2
214 215 2
215 279 2
215 255 2
216 286 2
216 224 2
217 231 2
217 218 2
218 311 4
218 240 2
218 238 2
219 241 4
219 284 2
219 220 2
220 262 2
220 256 2
221 302 4
221 303 4
224 264 2
225 250 2
225 232 2
225 226 2
226 235 2
226 253 2
226 227 2
227 236 2
227 234 2
228 230 2
229 259 2
230 309 4
230 308 4
231 300 4
231 299 4
231 280 2
232 235 2
233 307 4
234 312 4
234 253 2
2
198 46 2 1 2
211 90 3 1 2 3
250
1 3 615 149 0.9253332045843858 0.1267872899633407 0
9 29 0 30 1484535 53 1816308 76 1789440 99 1357036 122 1083176 145 1135310 168 578720 169 0
0
2 1 1488 1 0.9127536548970945 0.02132255985515718 0
10 117 0 118 1321903 143 1095862 167 1599804 192 1573129 216 2172228 241 1822174 265 1766185 290 2149305 291 0
0
3 3 1381 254 0.9130188538203008 0.08494529110640861 0
10 122 0 123 978043 148 1662472 173 1666862 198 1545512 224 1153408 249 1702840 274 2614751 299 2883368 300 0
0
4 1 1129 260 0.9258231896143664 0.0853790513147751 0
8 58 0 59 564950 83 668637 107 908563 131 1292513 155 1313280 179 2430727 180 0
0
5 1 1337 274 0.9283784063280829 0.1173480995950164 0
12 47 0 48 838836 74 776420 99 1391685 125 1530579 151 2295197 176 2747213 202 2097686 228 2208624 253 2654165 279 2139323 280 0
1 4
6 1 705 246 0.929667114261187 0.031449350164199995 0
8 185 0 186 1066987 208 1917122 231 1232506 253 1382802 276 2028991 298 1357719 299 0
0
7 2 918 28 0.9181659385646063 0.01013136576675211 0
9 41 0 42 871685 68 951370 94 1475700 120 1016521 146 1460938 172 2889115 198 2272459 199 0
1 6
8 1 536 214 0.92257389689626 0.12724651847013316 0
8 142 0 143 871741 167 523589 191 855791 214 1019156 238 889714 262 1603091 263 0
0
9 3 645 310 0.9206379557223877 0.09189986433443599 0
10 51 0 52 341472 78 274421 104 607473 130 1432811 157 1769495 183 2011843 209 1772245 235 2306866 236 0
2 8 10
10 3 1182 94 0.9122419175254213 0.1436393234007085 0
7 90 0 91 2522797 116 1721851 141 1074552 166 1149924 191 682186 192 0
0
11 3 1320 108 0.9220497974750014 0.12668256517260523 0
10 15 0 16 1525923 42 1076712 69 1004823 95 1452015 121 954393 147 1538699 174 1761648 200 3122861 201 0
0
12 2 1134 107 0.9188642252994699 0.12344916280583274 0
13 16 0 17 3097734 43 1939525 69 2161298 94 1263840 120 1408996 146 1311058 172 1509146 198 1389248 223 1429237 249 2019203 275 2567505 276 0
1 11
13 2 590 78 0.9214158048697357 0.04623108700438096 0
8 20 0 21 1210820 44 1834907 67 2222366 89 1202371 112 1035610 135 1140044 136 0
0
14 1 957 45 0.9215823711079009 0.03395777979677244 0
9 126 0 127 1569560 152 1333143 178 1083144 203 913359 228 522383 254 553109 279 503313 280 0
1 13
15 1 640 38 0.9162232551264181 0.0359718018559713 0
13 36 0 37 634317 63 920159 89 582777 115 837042 141 1196959 167 1726143 192 2275215 218 1763467 244 3388014 270 2764455 296 2444895 297 0
0
16 1 674 302 0.9133938227377714 0.11200300783139559 0
7 67 0 68 534649 95 673806 121 697930 147 1348664 174 1951327 175 0
0
17 3 698 290 0.9127619148022309 0.04489370787042172 0
14 1 0 2 3351714 27 3039573 51 2550229 76 2611418 100 2443253 125 1459762 149 1001113 174 842261 198 693086 223 503855 247 402911 272 298176 273 0
1 16
18 2 1442 180 0.9233018684308929 0.01347341145046983 0
14 3 0 4 4252346 29 2290688 54 2003415 79 1522570 104 2151983 129 1268706 155 1633004 180 1434669 205 565527 230 822223 255 701071 280 490557 281 0
0
19 2 1116 171 0.9252591010318584 0.07285644038490248 0
10 94 0 95 1444098 121 719228 148 1299463 174 966049 200 1295828 226 1319224 253 767435 279 1126570 280 0
0
20 3 1013 305 0.9100879869548723 0.0014869357154444207 0
12 24 0 25 440181 49 361141 73 705962 97 725971 121 706495 144 1202938 168 1874633 192 2361584 216 1988502 240 2639633 241 0
1 19
21 1 1368 317 0.9256503050081272 0.1243435753255242 0
15 0 0 1 1170999 25 1101694 49 1209522 73 1702295 97 1554011 121 1716955 145 1015063 168 1437594 192 2125383 216 1625972 240 2546738 264 3303795 288 2723867 289 0
2 19 20
22 1 632 131 0.9203906534948862 0.07509866792562678 0
10 1 0 2 1004535 28 860421 53 943340 79 1127003 105 1697755 131 2413212 156 1665456 182 1263538 183 0
1 21
23 1 1461 315 0.9260541061462575 0.031811712779587005 0
12 55 0 56 1737837 81 1612525 106 1596885 130 2096874 155 2062446 180 972276 205 1182370 229 1768648 254 2184178 279 2298352 280 0
0
24 1 712 66 0.9221948350150498 0.10782035139556276 0
7 125 0 126 910702 152 949178 179 1042632 205 1301771 231 2020152 232 0
0
25 3 821 102 0.929668123707713 0.024323126166060537 0
10 68 0 69 1132245 93 1636328 117 1379138 141 966549 165 604100 189 593596 213 534938 237 935294 238 0
0
26 1 886 95 0.9288346404668494 0.11867153150485334 0
10 104 0 105 825424 130 1215589 154 1472729 179 1462333 204 1639618 229 2851721 253 2984808 278 1598287 279 0
1 25
27 3 1240 18 0.9100718922602782 0.08239071240034011 0
10 30 0 31 1307198 58 1337257 84 1583519 111 1624252 137 1517128 164 931842 190 860750 217 1473031 218 0
0
28 1 1365 69 0.9233746480202106 0.01791397281542023 0
13 44 0 45 1319861 69 937014 92 683043 116 665581 140 1005408 163 947062 187 873264 211 1862158 235 1136705 258 773311 282 755105 283 0
1 27
29 2 1003 276 0.9185806772984031 0.0605178596757836 0
10 55 0 56 2060097 79 1403726 103 1248453 126 2280876 149 2559430 172 2212543 196 1348728 219 1620305 220 0
1 27
30 2 1130 293 0.9280310920962636 0.0065895348631968 0
10 91 0 92 2138987 116 1798469 141 1646096 165 2096380 190 2601773 214 1770430 239 1661953 263 1273848 264 0
1 27
31 1 1348 82 0.9174243825862726 0.12241517856355574 0
9 89 0 90 1381082 115 1343752 140 1573354 165 1222591 189 710242 214 618101 239 704751 240 0
0
32 3 1309 79 0.917522091337966 0.05786762799586592 0
8 34 0 35 1699653 59 821432 83 855380 106 765403 130 824951 154 771432 155 0
1 31
33 1 672 46 0.9259235561321285 0.13132878671026704 0
8 37 0 38 2130521 61 1903861 84 1802175 107 1508895 130 1632307 153 1075228 154 0
0
34 3 555 14 0.9183047379459995 0.10130229377545107 0
13 4 0 5 1990204 31 2753718 56 1156296 81 1728673 107 852924 133 1252996 158 1566010 183 880903 209 1208069 235 1914709 260 1429999 261 0
1 33
35 3 528 255 0.9151213655097409 0.03918183954615593 0
9 72 0 73 2098369 97 2165917 122 1127246 146 1455998 170 892580 195 934518 219 813210 220 0
1 33
36 2 1048 159 0.9175771531005742 0.08500894482804455 0
10 103 0 104 1614164 127 1059932 151 1122755 174 1251232 198 1110654 221 1767117 245 1703278 268 1673471 269 0
0
37 3 1429 297 0.9279453302079431 0.02562236889872622 0
11 7 0 8 2262873 32 3162085 56 1519129 80 1436517 105 1394375 129 1368961 153 943425 177 884988 201 562044 202 0
1 36
38 1 1342 105 0.9202330959863528 0.004935311860224383 0
10 103 0 104 1053188 131 1211444 157 1311878 184 1312383 210 988312 237 1512326 263 634451 290 536030 291 0
0
39 2 934 169 0.9172631767275253 0.12022366550282336 0
8 68 0 69 600730 94 836306 119 1032189 145 1207030 170 1756908 195 1718671 196 0
1 38
40 2 1111 53 0.9159430104732633 0.031117407050645373 0
15 1 0 2 2578630 27 2247147 52 2283067 77 1907653 101 2546762 126 1785168 151 1072272 176 1327838 201 1408892 225 920289 250 1059926 275 1409759 300 772574 301 0
0
41 1 849 296 0.9210674843321965 0.046698669398948095 0
8 147 0 148 1259056 174 1098946 201 1378431 227 1867857 254 1277508 280 819973 281 0
1 40
42 1 1285 317 0.9257027630148424 0.01751533402412984 0
14 33 0 34 2969113 58 2736164 82 1971388 106 1246950 130 1592467 154 1113246 179 1171983 203 1011533 227 862518 251 498822 275 381380 299 382905 300 0
0
43 1 530 46 0.9228612087946769 0.12159282298271107 1
12 56 0 57 937823 82 975395 108 1171712 133 436854 158 400959 184 576616 209 863888 234 1168705 260 1767036 285 2537860 286 0
2 42 44
44 2 857 111 0.9277579313352086 0.05882009590037351 0
14 33 0 34 3284526 58 2371830 82 1484493 106 2262979 130 1512907 154 1401719 179 1540406 203 1065954 227 1919983 251 2695747 275 1828339 299 1270216 300 0
0
45 1 1176 269 0.9214534700892338 0.10343976741208064 0
10 25 0 26 1207062 52 616870 78 903074 104 792992 130 1008724 156 1590655 182 1797969 208 1471609 209 0
1 44
46 1 596 262 0.9160085855102647 0.12581725684178502 0
9 141 0 142 2015762 166 1708215 190 1426675 213 1462928 237 2683531 261 2423222 285 1789419 286 0
0
47 1 1416 44 0.9234187864862592 0.09157317220732776 0
12 38 0 39 2493424 63 1400753 88 1247736 112 1598778 136 1603511 161 1010403 185 1254718 209 1722891 234 2407161 258 3003858 259 0
1 46
48 2 1275 135 0.9140509296288326 0.07921647960193151 0
14 22 0 23 341470 47 307766 71 327613 95 433176 119 762480 143 1088080 166 989638 190 1034894 214 1140812 238 862857 262 1790772 286 1627236 287 0
2 46 47
49 1 1307 313 0.9176347764604271 0.12426711052543801 0
10 8 0 9 1177395 32 1560444 56 1682862 79 1069760 102 1675292 125 1891016 149 1568615 172 1324413 173 0
0
50 1 1266 183 0.9192304570947143 0.001501793477948754 0
8 170 0 171 831920 196 1011032 221 1276451 245 885314 270 1101244 295 1215088 296 0
1 49
51 2 1364 117 0.9149191122206447 0.028199534326302438 0
12 55 0 56 1859149 81 1693335 105 1538094 130 1441874 154 1301041 179 1168259 203 1710322 228 1412636 252 2013923 277 1563246 278 0
2 49 50
52 1 1485 69 0.9194054202296295 0.04193687594584316 0
12 12 0 13 1561947 38 1296396 64 1911058 89 2021069 115 1477364 140 2094755 166 1164473 191 1253464 217 792551 242 1181481 243 0
2 50 51
53 2 1492 174 0.9122027847908504 0.01613621753256649 0
11 26 0 27 2007190 53 1437213 80 1232229 106 1345037 133 1948438 159 2314861 185 1591266 212 1323830 238 1689132 239 0
0
54 1 967 190 0.9203370966423077 0.11467244272498582 0
11 16 0 17 741678 42 886628 67 1069039 92 1171369 117 1079665 143 627072 168 697174 193 1088219 218 1757169 219 0
0
55 1 575 71 0.9294915193351877 0.024568175265891244 0
14 5 0 6 1403790 30 1102983 54 1457124 78 1527220 102 1956956 126 910673 150 656077 174 518760 198 307379 222 193588 246 198855 270 237317 271 0
1 54
56 3 1494 205 0.929391990332419 0.0027168701056094536 0
9 46 0 47 3883569 71 2315608 95 1338578 119 1333944 143 1240183 167 1259347 191 681110 192 0
0
57 3 729 255 0.9289568822602691 0.03021084904906734 0
15 0 0 1 3175249 26 1881021 50 1387637 75 2082402 99 2109249 124 1721203 149 1066574 173 1496706 198 1957524 222 873398 247 1069297 271 998658 296 740877 297 0
0
58 2 1394 260 0.9283371727358812 0.006228000420034374 0
8 111 0 112 2402219 138 1577573 164 1531839 189 2033042 215 2295694 241 1277305 242 0
1 57
59 1 679 209 0.920693317586395 0.014203911292228366 0
8 150 0 151 572706 178 502462 205 565118 233 1573212 260 1560441 287 1505283 288 0
1 58
60 2 1464 83 0.9146774222867053 0.0009305771793508277 0
9 1 0 2 1593124 25 1414564 48 2041443 71 1309040 95 932143 118 839571 141 1174220 142 0
0
61 2 1372 160 0.9149077712863909 0.11562906454753763 0
13 31 0 32 1790058 57 1350095 82 2433108 107 1502432 132 1341253 157 1223243 182 1348711 207 1223466 232 825108 257 977655 282 920226 283 0
1 60
62 1 1077 146 0.9267177457713306 0.0754052092303015 0
10 27 0 28 2387466 54 2633504 79 1625497 105 1216134 131 1186515 157 1403067 182 1201935 208 867998 209 0
1 60
63 3 507 282 0.9124585028640019 0.03411537967014017 0
9 69 0 70 1114244 93 1280052 116 1829405 139 1717263 162 2019311 185 2214050 208 2200263 209 0
0
64 3 670 101 0.9299629323208273 0.015420008547787245 0
7 116 0 117 2749509 144 1961830 171 983142 197 932925 224 640105 225 0
1 63
65 2 1351 240 0.9249493490723519 0.08848316753574352 0
7 37 0 38 2576237 65 2384236 91 1432467 117 931446 144 999608 145 0
1 63
66 2 1368 55 0.9112560645113797 0.031889809012685504 0
12 65 0 66 2041830 92 1727848 118 2907475 144 1843337 170 1552159 195 1556682 221 1544119 247 1415633 273 2219057 299 1041164 300 0
1 64
67 2 928 302 0.9166472115546551 0.14189922378836245 0
11 32 0 33 1180962 59 1020909 84 1204446 109 841641 135 1873440 161 1816842 186 1776986 211 1864502 237 1681885 238 0
0
68 3 1047 55 0.9279159382028686 0.09414591185450558 0
14 12 0 13 770401 39 952840 64 856750 90 1189930 116 882468 141 1413886 167 2022160 192 2476809 218 2792748 244 1663320 269 1469179 295 890400 296 0
1 67
69 1 965 19 0.9142089814646157 0.08124398461624983 0
8 15 0 16 1355360 39 1470889 62 1738528 85 914177 108 604804 131 900291 132 0
1 67
70 2 878 90 0.9263493788241864 0.14850945161848686 0
8 170 0 171 1011974 196 1022397 221 1516928 247 1548999 272 1073900 297 800399 298 0
2 67 68
71 2 824 315 0.9280305258655985 0.10822305650767278 0
12 36 0 37 1181338 61 1030260 85 625328 109 805178 133 1258528 157 1761145 181 2070635 205 2467284 229 2625472 253 2015664 254 0
0
72 2 975 20 0.9131361225604442 0.12839219881987718 0
10 25 0 26 1945308 52 1486465 77 1903608 103 1237500 129 1428837 155 1938637 180 1838443 206 2756568 207 0
0
73 2 1457 272 0.9116774218674878 0.12672985742068518 0
8 67 0 68 1280030 92 1487147 116 1315450 139 751804 163 613904 187 673766 188 0
1 72
74 1 1231 120 0.9121640407232392 0.04059973596626858 0
8 43 0 44 1030051 70 960467 96 2001289 121 2590484 147 1085721 173 1320828 174 0
0
75 2 1113 38 0.9133429248681687 0.06375202304032702 0
15 0 0 1 3557379 26 1312062 50 790152 75 948027 100 561474 124 531744 149 572744 174 470224 198 584612 223 626966 248 680095 272 645374 297 469858 298 0
1 74
76 3 1058 88 0.911628351353158 0.12654493030096706 0
12 40 0 41 1459564 67 1959480 93 1945648 119 2151669 145 1428262 172 1817310 198 945464 224 1487200 250 1204426 276 981847 277 0
0
77 3 1272 308 0.925520658441595 0.07080379402801791 0
13 22 0 23 2303626 49 2127638 75 1840749 101 1303856 127 1567752 153 1428254 180 1045480 206 732809 232 684448 258 517882 284 862269 285 0
2 76 78
78 2 722 127 0.9149590193999761 0.12309536204654473 0
8 127 0 128 3080812 153 2440485 179 1454850 204 1338685 230 1789314 255 1195903 256 0
0
79 3 714 266 0.9296024629012303 0.13880989899325516 0
9 32 0 33 1047212 58 792130 83 1061291 108 1309408 133 2239849 158 2557762 183 2584420 184 0
0
80 2 543 112 0.9119248340979881 0.12326051195846571 0
14 14 0 15 1585953 41 1700257 66 1965679 92 1610048 118 1733707 144 2047977 169 2234230 195 1820848 221 1426736 247 1048943 272 1233963 298 910434 299 0
0
81 2 1437 15 0.9196768941774567 0.11857850291126373 0
11 97 0 98 1277036 122 1631983 146 1475564 170 922904 195 1425754 219 1289223 243 876277 267 671706 291 694367 292 0
1 80
82 3 959 170 0.9289189872943564 0.03330758893366836 0
8 146 0 147 923986 170 1675139 193 2127335 215 1590513 238 1001262 261 1048844 262 0
0
83 2 821 167 0.925805286806668 0.0666000608930841 0
7 86 0 87 637860 113 956392 139 1619306 164 1853555 190 1990990 191 0
1 82
84 3 1296 66 0.9125158139007228 0.14596755461290004 0
13 19 0 20 1344022 46 1507725 71 2263481 97 3043792 122 2955681 148 2784913 174 1755541 199 1399631 225 1210262 250 612719 276 802553 277 0
0
85 1 1081 185 0.9221682322187675 0.13554065612479482 0
15 6 0 7 1261781 31 1013731 56 1499398 80 970710 104 1267696 129 1433182 153 1807872 177 1181463 202 1099623 226 1434177 250 2151713 275 2423360 299 2461741 300 0
1 84
86 3 1452 303 0.9261950790493586 0.025880277078930678 0
8 57 0 58 1298684 81 1134576 104 1182542 127 1317849 150 1049395 173 1115413 174 0
0
87 2 561 66 0.9168578494687593 0.018492981399753656 0
9 107 0 108 723300 132 675928 157 1669163 181 2701954 205 3036608 230 1839335 254 1171300 255 0
1 86
88 1 1233 242 0.9249491850735759 0.12085823618826935 0
9 87 0 88 1405225 114 1749002 139 2176936 165 1314051 191 1630164 216 2429779 242 1542749 243 0
1 87
89 2 759 315 0.9291193983468317 0.08744798557853214 0
12 46 0 47 1630448 73 1405665 99 1566539 125 1315382 151 1078062 178 582967 204 644447 230 644716 256 299520 282 264218 283 0
0
90 2 1204 214 0.912935186351058 0.044822923231653614 0
10 62 0 63 892744 87 959690 112 1233849 136 1237134 161 1343895 185 1286081 210 808933 234 613344 235 0
1 89
91 2 590 288 0.9108757364964791 0.01456564946629129 0
11 82 0 83 1985545 109 1657994 134 1260931 159 1043124 185 1171088 211 1187247 236 1357895 261 2155450 287 1695412 288 0
1 90
92 2 1368 259 0.927627948322613 0.13676026385047121 0
14 22 0 23 227731 47 363049 71 650031 95 1333635 119 1083730 143 1301348 168 2083657 192 2675973 216 1503634 240 1426940 264 1237075 288 1015785 289 0
0
93 3 534 280 0.9123465283674821 0.10204924653808752 0
11 4 0 5 883400 30 685163 55 1537423 80 1299949 105 1238924 129 1301665 154 1273743 179 1340543 204 809783 205 0
1 92
94 2 797 271 0.9297491376785139 0.06646127270370904 0
9 24 0 25 755275 52 933195 78 646906 105 1002775 132 1169814 158 1317400 185 1091477 186 0
0
95 1 1182 8 0.9105293075640024 0.09694595858878541 0
9 88 0 89 2480444 115 2464570 141 2926490 167 1208080 193 748367 219 662425 245 884340 246 0
1 94
96 3 979 314 0.9179311950082669 0.11590883061737392 0
14 2 0 3 1269230 28 1591261 52 1131559 77 850654 102 1175386 126 1345484 151 1144804 175 1893490 200 1990936 225 1782187 249 1410824 274 1294719 275 0
0
97 1 1089 124 0.9279888513867758 0.04217101185059669 0
15 4 0 5 2742922 29 4109138 54 2242816 78 2030630 103 1563746 127 1310345 151 1328087 176 1167414 200 1183646 225 1008657 249 378400 274 524782 298 550255 299 0
0
98 3 589 134 0.9280365932764666 0.0066910070729079285 0
10 28 0 29 952311 53 1338184 76 2703221 100 1708062 123 1158396 147 1918427 170 1842730 194 1562784 195 0
1 97
99 3 576 312 0.9181693292532387 0.03636848378001381 0
10 105 0 106 1467055 131 1865556 155 1944898 180 2701836 204 2895916 229 1592705 253 827306 278 1100424 279 0
1 97
100 1 1397 300 0.9245164139580139 0.030587797286431184 0
13 44 0 45 4365748 69 2623268 93 1563384 118 881585 142 495674 166 470729 190 425436 214 375820 239 888812 263 1790969 287 1044677 288 0
2 98 99
101 1 1492 247 0.9152877278649447 0.04333713249761401 0
15 0 0 1 1030757 26 760667 51 1291449 75 1193769 100 1147794 125 1479738 150 1071686 175 896848 200 1421459 225 1156071 249 1001191 274 1424984 299 2918838 300 0
0
102 2 860 168 0.9291872526787051 0.04142945799060841 0
10 5 0 6 1128935 32 1306069 57 1931716 83 2347272 109 2499296 135 1612817 160 1225808 186 1742163 187 0
0
103 2 551 280 0.9158849172342725 0.1112918222044721 0
13 16 0 17 1522517 41 726621 65 827424 89 571972 113 737432 137 750665 162 948039 186 945193 210 856281 234 1095949 258 2130211 259 0
0
104 1 1330 28 0.9101899332607151 0.14945200592270413 0
7 159 0 160 1535469 188 1590146 215 524116 243 537293 271 420480 272 0
1 103
105 1 591 228 0.9135356633906954 0.06797858101814168 0
14 26 0 27 1545819 52 1675388 76 1824280 101 2800865 126 2650401 150 1411913 175 1171347 199 604255 224 500652 249 684004 273 798322 298 740136 299 0
0
106 3 1484 14 0.9238050510808243 0.06117939262348893 0
12 67 0 68 411946 93 439192 119 1127203 144 1683273 169 1375200 195 1717530 220 1545280 245 1201581 271 1742980 296 1994199 297 0
0
107 2 1050 146 0.9252564914353434 0.12055042164097365 0
10 44 0 45 1245068 70 2156532 96 2265795 121 1646945 147 1289965 172 726329 198 492423 223 784926 224 0
1 106
108 2 640 290 0.9218777112553961 0.0672076249288545 0
9 141 0 142 1162626 166 1037347 190 1055870 215 1085559 239 1907989 263 1790588 287 1679168 288 0
0
109 1 893 122 0.9251838524778636 0.12271678035036854 0
10 89 0 90 1046077 113 1824375 137 1073012 160 1148057 184 1399667 207 1508425 231 1683584 254 1202091 255 0
1 108
110 1 543 49 0.9290384189630029 0.07218325778316492 0
13 41 0 42 2441106 66 1966739 90 2143248 114 1857732 138 1993073 161 1648889 185 2459380 209 1472339 233 2260825 257 1442871 281 1400538 282 0
1 108
111 2 638 89 0.9146192335766302 0.08957748490038155 0
15 3 0 4 530529 28 1067257 52 1213599 77 1228572 101 793444 125 680859 149 621901 173 1163096 197 1266219 221 1121886 246 1201150 270 1244602 294 1389369 295 0
1 109
112 2 959 109 0.925196234373839 0.12671515760001564 0
10 54 0 55 1147729 79 2263456 104 2251563 128 2463975 152 1922179 176 1912215 201 1783830 225 1459090 226 0
0
113 1 1144 257 0.9270347518365012 0.06580630533135672 0
9 60 0 61 2630362 85 977454 109 842545 133 523287 158 795585 182 707740 206 577420 207 0
1 112
114 1 1470 177 0.9141333887275958 0.07858937673098024 0
15 0 0 1 2722855 25 1671704 49 1426095 73 1676663 97 1939438 121 2021771 145 1801728 170 945857 194 1388549 218 2751012 242 2687133 266 2011592 290 1479466 291 0
0
115 3 1388 130 0.9185586495870992 0.09079378231707533 0
14 25 0 26 591590 50 527499 74 548188 98 740161 122 793089 146 1084742 171 734136 195 1091494 219 1320692 243 1943824 267 2535992 291 2149249 292 0
1 114
116 1 1216 295 0.911061675731292 0.11122290678277585 0
11 87 0 88 1407845 111 1098438 135 1832313 159 1735296 182 2574673 205 2637868 229 1283622 253 1496352 276 2219135 277 0
0
117 1 701 38 0.9110148799507067 0.09038135189684587 0
11 30 0 31 2770660 57 1761103 82 2001154 108 2172983 133 1257030 159 1002257 185 2118455 210 1225920 236 1040946 237 0
1 116
118 1 668 132 0.9265739979095822 0.12680684393720507 0
13 30 0 31 1080535 56 948362 81 665404 106 811041 131 543865 156 608858 181 1130718 206 1480007 231 1577018 256 3538535 281 4339121 282 0
0
119 2 888 319 0.9247539869163869 0.04674153347097183 0
8 111 0 112 2025697 137 1883756 162 1947963 186 2270224 211 1768139 236 1732649 237 0
0
120 2 1446 221 0.9216949362210862 0.053504570311768536 0
14 12 0 13 679226 38 1168154 63 1393234 88 2016672 113 1983082 138 1893026 163 1817612 188 1740289 213 1731520 238 2091146 263 2939132 288 2493464 289 0
1 119
121 3 599 206 0.9161894097996084 0.03947826804536074 0
7 167 0 168 1052726 195 1342115 223 2218152 251 1759901 278 1432434 279 0
1 119
122 1 756 212 0.9277155545511071 0.011913051999260054 0
13 24 0 25 696003 51 1083996 76 1460993 102 1518151 128 1516270 153 2290179 179 1782690 205 1899771 231 1730936 256 3192266 282 3153752 283 0
0
123 3 1494 160 0.9142315262106147 0.11119599265395542 0
13 52 0 53 2399771 77 2393601 102 1643722 126 1850549 150 2118613 175 2134568 199 1145307 223 826995 247 1298018 272 1268927 296 1122167 297 0
1 122
124 2 754 92 0.9193859198525249 0.0029515655152924924 0
12 58 0 59 791012 84 1399270 109 1572510 134 1564450 159 1195471 185 862987 210 1094643 235 1481460 260 1588703 285 1889490 286 0
1 123
125 2 1131 11 0.928439559860788 0.029847944880786167 0
8 106 0 107 1519217 130 1113711 153 1353086 177 1067772 200 740299 223 751529 224 0
0
126 2 1393 263 0.9177564765817386 0.10418419563632132 0
11 29 0 30 3030172 55 2751117 80 1834620 105 1421629 130 1370161 155 1343295 180 2145545 205 1698870 230 855430 231 0
0
127 3 1174 87 0.9190079053844449 0.11321581986704175 0
14 28 0 29 442622 53 363149 77 563777 101 475348 125 454924 149 902072 174 835591 198 848170 222 1815365 246 2147694 270 2164040 294 2111922 295 0
1 126
128 2 661 108 0.9246817692746391 0.10672903197841228 0
11 102 0 103 2695936 127 2427250 152 2093081 177 1974721 201 1816359 225 1553897 250 1818496 275 1186975 299 1675113 300 0
0
129 2 636 141 0.9146583987584656 0.12950120590665293 0
9 134 0 135 469641 159 709421 182 1037510 205 1409508 229 1119632 253 1074413 276 1085582 277 0
1 128
130 2 1137 309 0.9216895401274289 0.05275794639835125 0
10 86 0 87 2656142 110 1525321 134 1885720 157 1809652 180 1343994 203 1280331 227 1282847 250 1039248 251 0
0
131 3 1125 212 0.9176120019435913 0.02664935104791466 0
14 26 0 27 1985881 51 2119523 75 2421658 98 1802555 122 1815755 146 1397543 170 848288 194 1091373 218 1018203 241 1937657 265 1576506 289 1986059 290 0
1 130
132 3 501 110 0.911222786749582 0.059987296249597866 0
8 50 0 51 996349 77 1766702 103 1522948 128 1317105 154 1445412 180 1172364 181 0
2 130 131
133 3 535 138 0.9221780675672088 0.08911689238854423 0
13 34 0 35 1949103 60 1673054 85 1739378 111 1611334 136 1447742 161 1693231 186 1342144 211 1227684 237 907506 262 993060 287 929208 288 0
0
134 2 729 114 0.9101790277829421 0.05504212844369516 0
11 72 0 73 985253 98 873193 123 1123487 149 923973 174 1254419 199 1764258 225 1788240 250 2015196 275 2405072 276 0
0
135 2 1007 104 0.9151678332004299 0.14718680461915842 0
14 6 0 7 3634593 33 3720763 59 2408872 84 2059418 110 2057342 136 1226422 162 803929 188 731570 214 428152 239 670708 265 567154 291 534664 292 0
0
136 3 1191 114 0.9139698944855865 0.07722456985853757 0
8 150 0 151 955636 177 1495266 202 1757168 228 1517637 253 2035233 279 1992368 280 0
1 135
137 3 1324 268 0.9159573166362901 0.0441140981365549 0
13 17 0 18 806363 43 682154 69 616817 95 646590 120 698618 145 1355575 171 1233003 197 1094035 222 845515 247 1133694 273 1517039 274 0
0
138 2 1061 80 0.9149539465049261 0.08915447966819783 0
7 47 0 48 2086735 74 2900342 100 1975836 126 1297039 152 662967 153 0
1 137
139 2 650 134 0.9216116822223592 0.11649767412695576 0
9 113 0 114 1364896 139 1565427 164 1915466 189 1653980 213 1235170 238 1152278 263 745941 264 0
3 137 140 138
140 3 844 241 0.9184895948845921 0.1448004338601055 0
10 8 0 9 1408751 36 2515010 62 2043057 89 1773137 115 1451956 142 1889874 168 1686271 195 1164164 196 0
0
141 3 908 78 0.9188012687897745 0.13424844069551542 0
11 84 0 85 1440852 109 1083195 132 1093343 155 1199246 179 917566 203 1659216 226 2112810 249 2294489 273 1772645 274 0
0
142 2 506 60 0.9206820071570764 0.04345362332392339 0
13 29 0 30 1812949 56 2043411 81 1702085 107 1990654 132 1978446 158 1087380 184 868727 209 593448 235 610981 260 653573 286 766768 287 0
1 141
143 1 609 256 0.9214367318709175 0.027771346489804675 0
10 12 0 13 1599437 38 1770385 63 1341709 88 1738714 112 1945541 137 1231031 162 1603788 187 1227533 188 0
1 141
144 1 1382 297 0.9248792565040291 0.01544365412868297 0
8 54 0 55 1722046 79 1994768 104 2163278 128 1799588 153 2080956 177 1565143 178 0
0
145 2 532 301 0.9251731668799181 0.04395236200751638 0
9 95 0 96 530873 120 890908 145 1272982 169 1343422 193 2297058 218 1730909 242 1344013 243 0
0
146 2 610 279 0.9211089913102561 0.11168640272456153 0
10 114 0 115 3061251 139 2014760 163 1547965 187 1979005 210 1136796 234 1240434 258 1072388 282 715814 283 0
1 145
147 3 710 228 0.9106145873412721 0.0514662101894052 0
8 162 0 163 781821 187 848407 211 1142458 235 843896 259 1032806 283 1387914 284 0
0
148 3 636 174 0.9246082175339804 0.007196332456906201 0
10 12 0 13 2297015 38 1387697 64 1156035 89 863070 115 978874 140 1436908 166 1954374 191 1888400 192 0
1 147
149 2 1000 107 0.9214571438956924 0.05888401609044491 0
11 3 0 4 2487789 28 1399685 53 1452649 77 1139812 101 1095467 125 1139081 149 750942 174 943512 198 804255 199 0
2 147 150
150 1 736 306 0.9167545132933234 0.07469001000265112 0
12 38 0 39 2254496 63 1813206 88 1125770 112 1394459 136 1816979 161 1824779 185 2297192 209 1681966 234 887360 258 1158548 259 0
0
151 1 1190 104 0.913301446770577 0.14380588654414767 0
9 94 0 95 1330250 121 1496012 147 1157026 173 1476212 200 1908030 226 1805477 252 2226534 253 0
0
152 1 1154 266 0.9292337830985103 0.1455136712289948 0
15 9 0 10 1547369 34 2408358 58 1673543 82 927239 106 871263 130 820470 154 1275690 178 1476642 202 803670 226 847149 250 346579 274 275585 298 254802 299 0
0
153 3 992 132 0.9282145896919729 0.04127990504491012 0
13 5 0 6 2502795 32 2230585 57 1768993 83 2881852 109 1927615 135 2384871 160 1941114 186 1708619 212 1198969 237 1079195 263 1108985 264 0
0
154 1 702 321 0.9242942824534001 0.12791091340423574 0
14 12 0 13 1379627 38 1284576 63 1334679 88 1116600 113 1687903 138 1525493 163 2099651 188 2320130 213 1766791 238 1517141 263 1905376 288 1472996 289 0
1 153
155 3 889 146 0.9167867125734537 0.045012261250128846 0
9 28 0 29 521371 53 623846 77 1105561 101 1944446 124 1750684 148 1136384 172 1618272 173 0
0
156 2 1285 178 0.9121896803952053 0.0540182340730546 0
13 51 0 52 1143279 76 1280270 101 884571 125 1379460 149 1955328 173 1944204 198 1273968 222 1411884 246 1257016 271 2087978 295 3316896 296 0
2 155 157
157 3 970 28 0.927755573599997 0.14082880040038476 0
12 9 0 10 1533075 35 2145020 60 2324713 85 1960055 110 1273591 136 1097294 161 1472709 186 1764089 211 1677038 236 1542397 237 0
0
158 2 696 93 0.9137552783991019 0.03309848521383843 0
9 113 0 114 3133320 140 2085992 166 2193019 192 1753356 218 1075027 244 793078 270 407251 271 0
0
159 1 698 194 0.9187223603012606 0.02907940537780236 0
8 165 0 166 1694148 189 1201305 211 1234621 234 702687 256 1126473 279 891627 280 0
1 158
160 3 1224 222 0.9268846166353928 0.11769313878174482 0
10 73 0 74 1399610 99 1048707 124 1274575 149 929630 173 1057114 198 1396036 223 1379766 248 2175989 249 0
1 158
161 3 1313 57 0.9189260818101597 0.08720100705816858 0
11 57 0 58 498847 84 1176108 110 1487880 136 1783605 163 1519301 189 836900 215 839819 241 522267 267 508514 268 0
0
162 1 974 149 0.9118978963398088 0.03380138461901713 0
13 44 0 45 368568 69 499924 94 469500 118 456075 143 690593 167 1432913 191 1211697 216 1976188 240 2114610 265 1333966 289 1567128 290 0
1 161
163 2 1155 290 0.9282246470868836 0.02688207659112556 0
7 116 0 117 1397127 142 1522082 167 1969592 191 1953003 216 2761914 217 0
0
164 2 717 254 0.9188191065249026 0.13298865422904915 0
11 2 0 3 2257508 28 3345621 54 2270713 79 2585731 105 1630328 130 1111273 155 1115121 181 903049 206 674274 207 0
1 163
165 1 1020 221 0.9137927390312409 0.019929005073269866 0
15 1 0 2 162897 27 158463 52 267616 77 319012 101 389751 126 736670 151 760472 176 540498 201 537607 225 1036605 250 2176013 275 3389040 300 3143354 301 0
1 163
166 1 1161 274 0.9267554511182985 0.03270125273216403 0
14 13 0 14 2562766 40 1564325 66 1584876 92 1777350 118 2003463 144 1898744 169 2180240 195 2950701 221 1532438 247 1454830 273 1926715 299 869023 300 0
1 164
167 3 716 261 0.9179959717200146 0.1393920874647234 0
10 102 0 103 657526 129 1113726 154 716090 180 599108 206 1307097 232 1508152 257 1551824 283 812209 284 0
0
168 2 988 247 0.9243782328837905 0.07832066608004414 0
8 167 0 168 1143728 193 1412337 217 1399037 242 1943357 266 1477166 291 2029392 292 0
1 167
169 3 1181 219 0.9297287752014797 0.1116403987116133 0
10 90 0 91 612790 115 660890 139 851510 163 1746318 186 1384789 210 1923159 234 2510198 258 2685591 259 0
0
170 2 1308 46 0.9250655252909655 0.0020284064845415726 0
15 4 0 5 1353950 29 1430623 54 1191200 79 1744799 103 1759520 127 1828747 152 2097733 177 2635352 201 1951898 225 2229826 250 795580 275 498858 299 755261 300 0
1 169
171 1 654 137 0.9239832549096966 0.14654463707514953 0
7 91 0 92 2097694 119 1430012 145 2214519 172 1083574 199 1278590 200 0
0
172 3 931 49 0.9137047312669019 0.10580530250539592 0
12 51 0 52 894182 78 1181462 104 1441763 130 1264322 156 994726 183 1312652 209 1915126 235 2370000 261 2003800 287 2935732 288 0
1 171
173 1 624 2 0.9202545041984882 0.14309622218098425 0
13 35 0 36 696363 62 826746 88 839991 114 1450432 140 1153817 165 1182589 191 1463380 217 1266726 243 977950 269 1219260 295 979231 296 0
0
174 3 1460 179 0.9140065781993986 0.06393906842187003 0
7 79 0 80 796668 107 1179780 135 1270151 163 1747428 190 1444065 191 0
0
175 3 947 17 0.9289576494583176 0.13440787127197631 0
10 18 0 19 2436406 45 2109193 72 1720004 98 1873937 125 2172639 151 1462619 178 1375128 204 2396657 205 0
1 174
176 3 541 123 0.9254191597709308 0.047565965161718606 0
10 14 0 15 1435328 41 2148855 68 1774941 94 1502208 121 1424996 147 1920945 174 2243016 200 1737951 201 0
0
177 3 912 234 0.9102560973421118 0.030864456932970852 0
14 1 0 2 2870652 28 1637116 54 1703272 79 1764974 105 1744976 131 2617534 157 2241974 183 2177346 209 2018598 234 1581279 260 846839 286 692739 287 0
0
178 2 738 157 0.9100463301497653 0.07965466256384172 0
10 86 0 87 1562438 112 1319773 138 1697904 163 1536766 189 971198 214 1020487 240 754133 265 1379327 266 0
0
179 1 576 135 0.9244526451371573 0.03993472844946695 0
10 112 0 113 1439598 136 701294 160 951222 183 845692 206 768546 229 859366 253 1370495 276 1118914 277 0
1 178
180 3 1308 313 0.9247835390972241 0.00023037751334237797 0
13 55 0 56 971265 80 1318802 105 890980 129 1518222 154 1020465 178 1621442 202 1364148 227 1469699 251 1557223 276 1348143 300 1052709 301 0
0
181 2 878 7 0.9293052053582624 0.09421174532159553 0
9 71 0 72 355522 95 366546 119 916266 143 1129805 166 1541881 189 1564280 213 1106547 214 0
1 180
182 3 749 273 0.9273848839751478 0.10388043802211201 0
7 44 0 45 1516979 73 1476119 100 1278104 127 862640 155 668724 156 0
0
183 2 1363 179 0.9171255266837893 0.0050441938194813185 0
9 143 0 144 1154932 168 1226332 192 1256896 217 1104363 241 842824 265 1064207 289 678470 290 0
1 182
184 3 1097 139 0.9156717322829013 0.14762926123634468 0
9 106 0 107 1498845 131 1887426 155 1923184 179 1469189 203 2437352 227 1272712 251 1301767 252 0
1 183
185 2 1042 283 0.9179673423433757 0.02850501663248135 0
8 115 0 116 1393116 140 1045472 163 909877 187 795666 210 886565 234 1105837 235 0
0
186 3 1290 26 0.9202768110046281 0.02453696347598981 0
10 70 0 71 339442 97 754025 123 1473864 149 1330950 175 1009102 201 1247371 227 1017585 253 430259 254 0
1 185
187 3 559 316 0.9214910225535333 0.05650440114235913 0
13 21 0 22 653556 47 420659 71 396542 96 285027 121 393899 145 267410 170 570128 195 1132265 220 1495326 244 1764940 269 1900340 270 0
0
188 1 769 165 0.9249702306854272 0.12843908940473434 0
8 79 0 80 380804 103 732534 125 858993 148 1310457 170 1816246 193 1962625 194 0
1 187
189 1 804 16 0.9228913078967811 0.06894742077261219 0
14 2 0 3 1637673 28 2140214 54 1683742 79 1718883 105 1918537 130 1502268 156 1172592 181 1077083 207 1322767 232 1789907 258 1722136 283 2434821 284 0
0
190 1 892 123 0.9161838851084564 0.001281393370058359 0
8 4 0 5 495057 29 454230 53 745333 77 1053520 101 1611100 125 2025706 126 0
1 189
191 3 1353 200 0.9245770615597871 0.14661494507910403 0
14 20 0 21 1090426 46 884055 72 1029852 97 1282335 122 1613084 147 1516413 173 1026276 198 1219433 223 1939306 248 2816901 274 1852093 299 3523284 300 0
0
192 3 1065 183 0.916433771511968 0.06637546810039073 0
13 8 0 9 1151620 35 1663169 61 1672237 87 1670837 113 1080804 139 1177759 166 786463 192 767220 218 624226 244 1008153 270 1340126 271 0
1 191
193 3 649 250 0.9167946279496656 0.10493130889923065 0
8 47 0 48 3252534 74 1343677 100 701065 125 592007 151 522781 177 353311 178 0
2 192 194
194 2 1204 62 0.92042481215354 0.1002346596263 0
10 117 0 118 1267705 144 1569100 169 2196808 195 2349827 221 1619917 247 2439147 272 1600401 298 1425939 299 0
0
195 1 819 300 0.9179619978534156 0.1338583058969713 0
13 4 0 5 1766888 31 1152752 57 1331915 83 1905053 109 2087907 135 2163972 162 2130102 188 1759039 214 2258613 240 2058851 266 2486969 267 0
0
196 2 576 211 0.9187087220218517 0.01877371660134185 0
8 158 0 159 1576408 184 1486791 209 1112870 235 1587269 260 739052 285 697180 286 0
0
197 1 781 199 0.9257620490775454 0.1332484604771515 0
12 3 0 4 1161815 29 920828 54 928351 79 903025 104 896105 128 1101980 153 1550596 178 2076107 203 1425816 228 1312572 229 0
0
198 1 1486 159 0.9131952905688494 0.0351679090318203 0
12 16 0 17 561283 41 883913 65 781008 89 710909 113 1347737 137 1839991 161 1762102 185 2213710 209 2233118 233 3818157 234 0
1 197
199 1 1044 250 0.9187988171554153 0.01996445928548975 0
9 77 0 78 1369063 103 1591541 129 2480487 154 1795874 179 1567946 205 1091391 230 463242 231 0
2 197 198
200 3 1258 223 0.9261819101746791 0.057501748270783304 0
7 50 0 51 1249588 77 1430332 102 1025463 127 723467 153 1722091 154 0
1 197
201 2 952 109 0.9179013919234567 0.08079024935432907 0
10 49 0 50 952985 74 1313936 97 1295606 121 1699996 144 1955118 168 2453571 191 1539762 215 1175861 216 0
0
202 2 1339 96 0.9113825379059237 0.0894681694206113 0
9 7 0 8 2062186 33 1111300 58 923877 83 1405468 109 1577265 134 2711884 159 3000870 160 0
1 201
203 2 1146 315 0.9220682956289142 0.0666742928179075 0
11 51 0 52 1036371 77 1333145 103 2171091 128 2351361 153 1593017 179 1048970 204 891978 230 885349 255 689182 256 0
1 202
204 3 1096 145 0.9126587627686834 0.10506337201812804 0
7 91 0 92 1715998 119 1148014 147 1112748 175 2362198 202 2279237 203 0
0
205 2 898 9 0.919490350792376 0.062150522961498186 0
14 4 0 5 756746 29 815508 54 1061074 78 1285190 103 1023373 127 1289338 152 1284074 176 1890669 201 853530 225 645161 250 483582 274 648111 275 0
1 204
206 1 1267 227 0.9141796405837636 0.12452000174862707 0
13 15 0 16 1260968 41 703098 65 841670 90 1060311 115 1524143 139 1934304 164 1577666 189 1892563 214 1143048 238 1225384 263 1346180 264 0
0
207 3 678 110 0.9167349994740196 0.018899581250805847 0
12 82 0 83 1857576 107 2181242 131 2307970 155 2281529 179 1533363 202 1353482 226 1188315 250 1373279 274 1724832 298 1060670 299 0
1 206
208 2 1346 83 0.9258068706136091 0.11026618735299124 0
14 11 0 12 2196273 38 1920211 63 1804962 89 2745525 115 2715940 140 2237233 166 1993472 191 1569914 217 1583104 243 1416119 268 1675993 294 1267250 295 0
0
209 1 1228 260 0.9133814006049378 0.09075188743777717 0
11 15 0 16 1048071 40 1222316 64 853082 88 1159634 112 1239979 136 1145194 160 2220804 184 2942452 208 3282478 209 0
0
210 2 501 81 0.9157120769638951 0.06448583011793618 0
7 184 0 185 1626730 210 1311019 235 830519 259 560249 284 505601 285 0
1 209
211 1 1253 44 0.9146229714764188 0.13550996289384729 0
13 18 0 19 227140 44 321972 69 510781 95 756211 120 1152630 145 942492 170 931016 195 1306247 221 1835166 246 1604832 271 1595082 272 0
1 210
212 2 1412 146 0.9185204278563605 0.0960315953432813 0
9 94 0 95 1758785 118 1269253 142 869508 165 636290 188 1052000 212 574404 235 434994 236 0
0
213 2 1328 111 0.9252328828715681 0.038851455828258996 0
12 76 0 77 884384 101 555285 125 811315 149 1407782 173 1516397 198 2035046 222 2208612 246 2369947 270 1873674 294 1022268 295 0
1 212
214 1 758 56 0.9131482357768688 0.03989390103409817 0
8 158 0 159 386543 182 543019 204 824036 227 1622603 249 2622413 272 2289139 273 0
0
215 2 656 194 0.9254873335716555 0.07813269466800503 0
12 12 0 13 807323 37 1697899 61 1210474 85 1541679 109 1682387 133 1869533 157 1592895 181 1448016 205 1180909 229 1062393 230 0
2 214 217
216 3 503 157 0.9248911857488301 0.05558203900802953 0
14 5 0 6 635264 30 802286 54 1795498 77 1104996 101 1115101 125 1004012 149 978438 173 1249985 197 833440 220 903351 244 797115 268 1122106 269 0
0
217 1 606 284 0.9116469912508414 0.13190607717772168 0
8 150 0 151 3084695 177 1769947 203 1576423 228 1436577 254 1107544 280 1283948 281 0
1 216
218 2 1409 267 0.9262004109098816 0.13056243398777231 0
13 7 0 8 632413 34 606500 59 1331689 85 512950 110 459348 136 652631 162 835339 187 699141 213 1441691 238 1825534 264 3748588 265 0
0
219 3 1208 267 0.9118295576493841 0.0488504284072773 0
10 124 0 125 1116058 150 1179054 174 995364 199 1034064 224 1237943 249 2365594 273 1627718 298 1107963 299 0
0
220 2 545 217 0.9149142057326201 0.06306457647587708 0
11 83 0 84 1726215 109 1281227 134 777703 159 710398 183 735039 208 1400882 233 976325 258 1163425 283 1545793 284 0
0
221 3 1031 109 0.9146287559861459 0.006694499500255779 0
13 7 0 8 534433 34 854972 60 1332021 85 1537474 111 2402364 137 1373655 163 919161 189 1112364 214 732176 240 633842 266 757218 267 0
1 220
222 2 1491 48 0.9257864469354209 0.13352637800274014 0
7 85 0 86 1554540 113 1307534 141 1139379 168 1275464 195 1341268 196 0
0
223 2 1182 217 0.9257245521297124 0.10435278295835672 0
11 57 0 58 2374997 83 2591781 109 1390148 135 3081123 160 1981835 185 1589510 211 1287690 237 1414949 262 1160695 263 0
1 222
224 2 757 229 0.9203288024266782 0.041045067310336344 0
12 55 0 56 1853091 80 1791756 104 2038705 128 2227000 152 1632255 177 1667743 201 1456354 225 1182964 249 1409974 273 1384022 274 0
0
225 2 1245 153 0.9238864206866262 0.06157891401723493 0
9 103 0 104 1125926 129 1516412 154 1973769 179 1980363 205 2380963 230 973499 255 1178923 256 0
1 224
226 2 868 16 0.9231461461484669 0.007838436409797271 0
14 10 0 11 1764647 37 984377 63 1749527 88 1672955 114 1432233 140 2529257 166 1538876 192 893986 218 1005103 243 1104779 269 922334 295 728127 296 0
1 224
227 3 1466 115 0.9146918219151116 0.08912516672964328 0
13 26 0 27 659236 53 693222 79 599880 105 489273 131 594122 157 778184 183 670094 209 1054168 235 1114486 261 1214445 287 2643156 288 0
0
228 1 1468 228 0.9253150971801976 0.059546689604079515 0
9 113 0 114 719324 140 939430 167 1885361 193 1324213 219 1513787 246 1326314 272 922928 273 0
1 227
229 1 1117 161 0.9133770282653297 0.05419936081073722 0
12 33 0 34 519529 60 576684 86 1287830 111 1472457 137 1495637 163 854705 189 830882 214 1822820 240 968008 266 1087622 267 0
1 227
230 1 1443 218 0.9122380460120089 0.10012988112162377 0
12 12 0 13 1092532 38 1451667 63 1158676 88 1059114 113 1359470 137 693572 162 780207 187 1744014 212 1873760 237 2571461 238 0
0
231 2 960 10 0.9288497968481796 0.0602893547427279 0
9 73 0 74 1045814 97 1505399 121 1387339 144 1633674 167 1471439 191 1063043 214 907026 215 0
1 230
232 2 1086 309 0.917178556286436 0.14574194947036084 0
11 12 0 13 2112597 38 1420597 63 1596486 87 1070796 112 1596206 137 1504451 161 1651173 186 727687 211 974280 212 0
0
233 3 934 240 0.9253481776778287 0.12449797977518345 0
11 56 0 57 1714889 81 1780591 105 1466015 128 1469244 152 1400443 176 1844749 199 1292543 223 1515972 247 904540 248 0
0
234 3 686 208 0.9252370588328132 0.14916270122996053 0
15 1 0 2 764652 26 1304100 51 724868 75 1234877 99 1226302 124 1418684 148 2444746 172 1931433 197 1900490 221 1310972 245 1374748 270 2331260 294 2560553 295 0
1 233
235 2 1319 244 0.9299019021786937 0.11210248988616005 0
11 82 0 83 767210 109 439215 134 625655 159 732674 185 616527 211 1109711 236 2841809 261 3533596 287 2963122 288 0
0
236 2 608 310 0.9219848282048366 0.07285442830785338 0
10 28 0 29 1263311 52 1690309 75 1330331 98 1238511 122 1522030 145 2077041 168 2480742 191 2955518 192 0
1 235
237 1 1159 301 0.9152190060749547 0.1449807140814378 0
11 73 0 74 532971 99 487768 125 805665 150 686954 175 1274851 200 2044324 225 1368330 251 1512718 276 3015539 277 0
2 235 236
238 3 1038 100 0.9192338038169641 0.07660382549220705 0
9 98 0 99 1427980 122 1166983 145 1173084 169 1094409 192 1475169 215 983123 238 1388898 239 0
0
239 2 1140 187 0.913022134667028 0.07071442708432109 0
13 45 0 46 1707845 71 1459941 96 2352394 121 1608974 146 1238145 171 1427035 197 1249565 222 1106519 247 530816 272 661358 297 596908 298 0
0
240 2 1320 71 0.915623133130295 0.1012082932416222 0
12 43 0 44 1477723 68 1647724 92 1539716 115 935737 139 958137 163 700845 187 532072 210 678629 234 498885 258 1119613 259 0
1 239
241 2 804 94 0.9253136137083213 0.03623977593072564 0
10 94 0 95 949636 120 1086897 146 1697837 171 1550192 197 2542024 222 1628244 248 1276757 273 1504759 274 0
2 239 240
242 2 775 50 0.9269238262929241 0.056301928490029546 0
14 27 0 28 1041332 52 1693385 76 1022830 100 854391 124 1797860 148 2290569 173 3212639 197 3506111 221 1629453 245 1476827 269 1532796 293 1224367 294 0
0
243 2 1473 207 0.926162038521114 0.06000706223267033 0
12 44 0 45 1343292 69 1731313 92 1508969 116 1232546 139 1165630 163 689606 186 476986 210 297444 233 298193 257 135268 258 0
0
244 2 632 224 0.9100404076708155 0.05685705869193129 0
9 125 0 126 1001766 149 930073 172 751894 195 1886957 217 1195284 240 1900823 263 1376108 264 0
1 243
245 1 1065 286 0.912681478053366 0.12141904216755026 0
8 54 0 55 2049486 81 1211446 108 1221292 134 1498042 161 1178301 187 1742681 188 0
1 243
246 2 856 144 0.9203958105827414 0.06686903139930477 0
14 1 0 2 1044852 27 1205047 52 1299230 77 1645658 102 1211531 127 1380472 152 1748591 177 1770017 202 2314165 227 2269439 252 1720160 277 2935521 278 0
0
247 1 1266 202 0.9208491014969307 0.04929918814607543 0
14 10 0 11 1362092 36 1513153 62 1347618 87 1272591 112 1537380 138 2452071 163 1519351 189 1482747 214 1418971 239 1196782 265 1287267 290 497753 291 0
1 246
248 1 560 258 0.9185413593115881 0.13707817365735867 0
13 1 0 2 1634782 26 1812371 50 2491005 73 2845851 97 2786463 121 2201465 145 1656193 169 1212236 192 1144393 216 1242001 240 1220100 241 0
1 246
249 2 1021 120 0.9269032704188485 0.11237594056070202 0
8 22 0 23 1704990 46 1467087 70 1008010 93 755382 117 986339 140 1518982 141 0
0
250 3 1448 62 0.9294543840019 0.08605759473531793 0
11 15 0 16 1941603 41 1666529 65 1390000 90 1223359 115 1520046 139 1201130 164 1608194 188 3323403 213 2497323 214 0
0
7 5 3951161142628469242
0.93226412769381872 0.067679106502696304 5.6765803484833344e-05 0 0 0 0 
0.055709365137404376 0.86369382517796467 0.080466077775187952 0.00013073190944299325 0 0 0 
0.0029719011276661766 0.1897120934122849 0.55130842421775428 0.25591607052196474 9.1510720329948843e-05 0 0 
0 0.0028797015959390821 0.079808851493291866 0.8682441247856606 0.047932982218481461 0.0011343399066269899 0 
0 0 1.1672164114947846e-08 0.14907521642044055 0.83732026274035776 0.013435401106582045 0.00016910806045539303 
0 0 0 0.00062404586588914602 0.074789566963058995 0.85399506441855177 0.070591322752500102 
0 0 0 0 0.00095739138302628434 0.32721784069250265 0.6718247679244711 
7 0 0 0 0 0 0 0
0.013572285984118249 0.9955139316006122 0.23839551615688828
