A
300
949 1593
1 63.0 32.0
2 63.0 33.0
3 62.0 32.0
4 62.0 33.0
5 57.0 37.0
6 58.0 37.0
7 57.0 38.0
8 56.0 37.0
9 56.0 38.0
10 56.0 39.0
11 55.0 38.0
12 54.0 38.0
13 54.0 37.0
14 55.0 37.0
15 54.0 39.0
16 55.0 36.0
17 56.0 36.0
18 56.0 34.0
19 56.0 35.0
20 55.0 35.0
21 54.0 35.0
22 54.0 34.0
23 51.0 38.0
24 52.0 38.0
25 51.0 39.0
26 50.0 38.0
27 50.0 39.0
28 50.0 40.0
29 49.0 39.0
30 48.0 40.0
31 49.0 40.0
32 51.0 40.0
33 48.0 39.0
34 49.0 38.0
35 50.0 37.0
36 48.0 38.0
37 49.0 37.0
38 48.0 36.0
39 48.0 37.0
40 62.0 19.0
41 62.0 20.0
42 62.0 18.0
43 61.0 18.0
44 60.0 20.0
45 61.0 20.0
46 61.0 19.0
47 60.0 19.0
48 60.0 18.0
49 59.0 22.0
50 60.0 22.0
51 60.0 21.0
52 59.0 21.0
53 58.0 21.0
54 57.0 22.0
55 58.0 22.0
56 57.0 21.0
57 58.0 20.0
58 57.0 20.0
59 56.0 21.0
60 56.0 22.0
61 56.0 20.0
62 59.0 20.0
63 58.0 19.0
64 59.0 19.0
65 59.0 18.0
66 58.0 18.0
67 59.0 17.0
68 58.0 17.0
69 58.0 16.0
70 59.0 16.0
71 57.0 16.0
72 57.0 17.0
73 56.0 16.0
74 56.0 17.0
75 52.0 19.0
76 52.0 20.0
77 51.0 19.0
78 52.0 18.0
79 50.0 20.0
80 51.0 20.0
81 50.0 19.0
82 51.0 18.0
83 50.0 18.0
84 51.0 17.0
85 52.0 17.0
86 50.0 17.0
87 51.0 16.0
88 49.0 18.0
89 49.0 17.0
90 49.0 16.0
91 50.0 16.0
92 48.0 18.0
93 48.0 17.0
94 48.0 16.0
95 57.0 10.0
96 58.0 10.0
97 58.0 8.0
98 58.0 9.0
99 56.0 10.0
100 57.0 9.0
101 56.0 9.0
102 57.0 8.0
103 56.0 8.0
104 53.0 10.0
105 54.0 10.0
106 54.0 9.0
107 53.0 9.0
108 54.0 8.0
109 53.0 8.0
110 52.0 8.0
111 49.0 14.0
112 50.0 14.0
113 50.0 13.0
114 49.0 13.0
115 50.0 12.0
116 48.0 14.0
117 48.0 12.0
118 48.0 13.0
119 57.0 18.0
120 52.0 9.0
121 52.0 10.0
122 51.0 9.0
123 51.0 10.0
124 50.0 9.0
125 51.0 8.0
126 49.0 12.0
127 49.0 11.0
128 48.0 11.0
129 49.0 10.0
130 50.0 10.0
131 49.0 9.0
132 50.0 8.0
133 48.0 10.0
134 48.0 9.0
135 49.0 8.0
136 48.0 8.0
137 56.0 5.0
138 56.0 6.0
139 55.0 5.0
140 56.0 4.0
141 54.0 6.0
142 55.0 6.0
143 54.0 5.0
144 55.0 4.0
145 53.0 6.0
146 53.0 5.0
147 54.0 4.0
148 53.0 4.0
149 52.0 6.0
150 31.0 18.0
151 32.0 18.0
152 27.0 22.0
153 27.0 23.0
154 37.0 20.0
155 38.0 20.0
156 40.0 30.0
157 40.0 31.0
158 27.0 21.0
159 28.0 21.0
160 13.0 15.0
161 14.0 15.0
162 49.0 36.0
163 50.0 36.0
164 17.0 17.0
165 17.0 18.0
166 27.0 20.0
167 20.0 20.0
168 20.0 21.0
169 34.0 10.0
170 35.0 10.0
171 24.0 24.0
172 25.0 24.0
173 25.0 23.0
174 14.0 6.0
175 15.0 6.0
176 26.0 20.0
177 26.0 21.0
178 50.0 4.0
179 50.0 5.0
180 24.0 22.0
181 25.0 22.0
182 25.0 21.0
183 39.0 29.0
184 39.0 30.0
185 4.0 2.0
186 4.0 3.0
187 25.0 20.0
188 29.0 0.0
189 30.0 0.0
190 24.0 20.0
191 24.0 21.0
192 28.0 20.0
193 27.0 19.0
194 28.0 19.0
195 10.0 12.0
196 10.0 13.0
197 26.0 19.0
198 37.0 24.0
199 38.0 24.0
200 5.0 28.0
201 6.0 28.0
202 1.0 55.0
203 2.0 55.0
204 34.0 17.0
205 34.0 18.0
206 38.0 18.0
207 39.0 18.0
208 24.0 16.0
209 24.0 17.0
210 18.0 31.0
211 18.0 32.0
212 16.0 31.0
213 17.0 31.0
214 17.0 30.0
215 30.0 1.0
216 23.0 23.0
217 24.0 23.0
218 3.0 4.0
219 3.0 5.0
220 29.0 20.0
221 30.0 20.0
222 47.0 5.0
223 48.0 5.0
224 1.0 16.0
225 2.0 16.0
226 0.0 52.0
227 0.0 53.0
228 22.0 22.0
229 23.0 22.0
230 22.0 23.0
231 15.0 10.0
232 16.0 10.0
233 50.0 11.0
234 21.0 21.0
235 22.0 21.0
236 21.0 22.0
237 27.0 17.0
238 28.0 17.0
239 20.0 22.0
240 21.0 20.0
241 28.0 4.0
242 28.0 5.0
243 30.0 6.0
244 31.0 6.0
245 36.0 16.0
246 37.0 16.0
247 19.0 23.0
248 20.0 23.0
249 19.0 22.0
250 26.0 5.0
251 27.0 5.0
252 13.0 12.0
253 13.0 13.0
254 1.0 17.0
255 1.0 18.0
256 52.0 39.0
257 28.0 23.0
258 29.0 23.0
259 26.0 22.0
260 31.0 8.0
261 32.0 8.0
262 0.0 6.0
263 1.0 6.0
264 18.0 23.0
265 18.0 24.0
266 6.0 18.0
267 7.0 18.0
268 38.0 31.0
269 38.0 32.0
270 37.0 22.0
271 38.0 22.0
272 18.0 17.0
273 18.0 18.0
274 29.0 22.0
275 52.0 16.0
276 17.0 16.0
277 18.0 16.0
278 31.0 19.0
279 31.0 20.0
280 40.0 29.0
281 47.0 27.0
282 47.0 28.0
283 16.0 16.0
284 0.0 16.0
285 1.0 53.0
286 32.0 23.0
287 32.0 24.0
288 41.0 30.0
289 42.0 30.0
290 32.0 7.0
291 32.0 6.0
292 31.0 7.0
293 25.0 17.0
294 26.0 17.0
295 31.0 5.0
296 32.0 5.0
297 28.0 18.0
298 28.0 0.0
299 16.0 17.0
300 39.0 32.0
301 10.0 2.0
302 10.0 3.0
303 28.0 22.0
304 29.0 7.0
305 30.0 7.0
306 28.0 7.0
307 29.0 6.0
308 53.0 38.0
309 28.0 6.0
310 22.0 24.0
311 30.0 5.0
312 29.0 5.0
313 5.0 29.0
314 6.0 29.0
315 18.0 30.0
316 29.0 24.0
317 2.0 6.0
318 3.0 6.0
319 30.0 8.0
320 28.0 31.0
321 28.0 32.0
322 29.0 4.0
323 30.0 2.0
324 28.0 1.0
325 29.0 1.0
326 27.0 18.0
327 27.0 6.0
328 38.0 19.0
329 39.0 19.0
330 27.0 4.0
331 38.0 30.0
332 26.0 6.0
333 25.0 18.0
334 26.0 4.0
335 20.0 3.0
336 20.0 4.0
337 20.0 0.0
338 20.0 1.0
339 45.0 8.0
340 46.0 8.0
341 14.0 8.0
342 15.0 8.0
343 37.0 23.0
344 26.0 23.0
345 29.0 2.0
346 47.0 26.0
347 19.0 0.0
348 18.0 0.0
349 18.0 3.0
350 18.0 4.0
351 30.0 16.0
352 31.0 16.0
353 33.0 31.0
354 34.0 31.0
355 18.0 2.0
356 33.0 22.0
357 34.0 22.0
358 1.0 56.0
359 2.0 56.0
360 33.0 29.0
361 34.0 29.0
362 19.0 24.0
363 17.0 2.0
364 17.0 3.0
365 34.0 23.0
366 35.0 23.0
367 14.0 13.0
368 14.0 14.0
369 6.0 30.0
370 4.0 30.0
371 5.0 30.0
372 28.0 2.0
373 18.0 1.0
374 49.0 6.0
375 50.0 6.0
376 4.0 29.0
377 34.0 11.0
378 35.0 11.0
379 26.0 16.0
380 27.0 16.0
381 48.0 26.0
382 48.0 27.0
383 7.0 24.0
384 8.0 24.0
385 20.0 2.0
386 7.0 23.0
387 8.0 23.0
388 38.0 23.0
389 4.0 28.0
390 7.0 22.0
391 19.0 4.0
392 41.0 31.0
393 29.0 8.0
394 10.0 14.0
395 10.0 15.0
396 44.0 6.0
397 44.0 7.0
398 8.0 22.0
399 27.0 31.0
400 7.0 21.0
401 8.0 21.0
402 9.0 3.0
403 8.0 20.0
404 25.0 30.0
405 26.0 30.0
406 2.0 53.0
407 6.0 21.0
408 6.0 22.0
409 25.0 16.0
410 28.0 16.0
411 33.0 19.0
412 34.0 19.0
413 14.0 2.0
414 15.0 2.0
415 32.0 30.0
416 33.0 30.0
417 46.0 27.0
418 46.0 28.0
419 19.0 17.0
420 19.0 18.0
421 6.0 23.0
422 6.0 24.0
423 28.0 8.0
424 27.0 27.0
425 28.0 27.0
426 4.0 24.0
427 5.0 24.0
428 4.0 23.0
429 5.0 23.0
430 60.0 16.0
431 37.0 21.0
432 19.0 3.0
433 29.0 16.0
434 29.0 17.0
435 19.0 2.0
436 4.0 22.0
437 5.0 22.0
438 30.0 21.0
439 30.0 22.0
440 16.0 3.0
441 0.0 55.0
442 0.0 56.0
443 7.0 20.0
444 8.0 18.0
445 8.0 19.0
446 40.0 13.0
447 40.0 14.0
448 5.0 19.0
449 5.0 20.0
450 36.0 10.0
451 14.0 7.0
452 26.0 18.0
453 32.0 19.0
454 54.0 36.0
455 12.0 7.0
456 12.0 8.0
457 3.0 1.0
458 3.0 2.0
459 26.0 24.0
460 60.0 17.0
461 31.0 4.0
462 32.0 4.0
463 14.0 5.0
464 15.0 5.0
465 16.0 5.0
466 13.0 5.0
467 16.0 4.0
468 12.0 6.0
469 13.0 6.0
470 8.0 4.0
471 9.0 4.0
472 13.0 7.0
473 49.0 5.0
474 20.0 18.0
475 29.0 19.0
476 13.0 8.0
477 3.0 17.0
478 3.0 18.0
479 1.0 8.0
480 2.0 8.0
481 8.0 15.0
482 8.0 16.0
483 12.0 5.0
484 64.0 32.0
485 64.0 33.0
486 33.0 28.0
487 8.0 2.0
488 9.0 2.0
489 0.0 17.0
490 0.0 18.0
491 20.0 16.0
492 20.0 17.0
493 14.0 3.0
494 14.0 4.0
495 12.0 11.0
496 12.0 12.0
497 7.0 7.0
498 7.0 8.0
499 24.0 29.0
500 24.0 30.0
501 39.0 31.0
502 17.0 4.0
503 2.0 0.0
504 2.0 1.0
505 15.0 4.0
506 13.0 16.0
507 27.0 32.0
508 3.0 19.0
509 4.0 19.0
510 8.0 14.0
511 9.0 14.0
512 44.0 26.0
513 45.0 26.0
514 30.0 4.0
515 13.0 14.0
516 6.0 5.0
517 7.0 5.0
518 8.0 6.0
519 8.0 7.0
520 2.0 54.0
521 16.0 2.0
522 3.0 3.0
523 39.0 23.0
524 35.0 17.0
525 36.0 17.0
526 3.0 20.0
527 16.0 32.0
528 19.0 1.0
529 6.0 20.0
530 9.0 16.0
531 8.0 3.0
532 4.0 4.0
533 56.0 18.0
534 6.0 7.0
535 7.0 6.0
536 4.0 5.0
537 49.0 4.0
538 8.0 5.0
539 16.0 18.0
540 0.0 7.0
541 6.0 8.0
542 0.0 8.0
543 9.0 15.0
544 38.0 13.0
545 38.0 14.0
546 40.0 21.0
547 40.0 22.0
548 1.0 7.0
549 26.0 29.0
550 2.0 4.0
551 2.0 5.0
552 4.0 17.0
553 4.0 18.0
554 48.0 7.0
555 33.0 20.0
556 33.0 21.0
557 16.0 9.0
558 2.0 3.0
559 44.0 25.0
560 29.0 18.0
561 30.0 18.0
562 4.0 1.0
563 14.0 9.0
564 13.0 4.0
565 47.0 6.0
566 7.0 19.0
567 41.0 8.0
568 42.0 8.0
569 40.0 32.0
570 2.0 17.0
571 33.0 23.0
572 35.0 22.0
573 36.0 22.0
574 12.0 14.0
575 12.0 15.0
576 14.0 12.0
577 32.0 31.0
578 2.0 7.0
579 36.0 20.0
580 36.0 21.0
581 14.0 16.0
582 32.0 20.0
583 32.0 21.0
584 34.0 30.0
585 10.0 4.0
586 5.0 18.0
587 35.0 20.0
588 38.0 29.0
589 0.0 54.0
590 39.0 12.0
591 39.0 13.0
592 3.0 0.0
593 39.0 20.0
594 45.0 25.0
595 12.0 4.0
596 2.0 2.0
597 46.0 26.0
598 23.0 24.0
599 8.0 13.0
600 9.0 13.0
601 25.0 28.0
602 26.0 28.0
603 2.0 20.0
604 8.0 8.0
605 50.0 7.0
606 31.0 21.0
607 13.0 11.0
608 4.0 6.0
609 4.0 7.0
610 10.0 16.0
611 35.0 24.0
612 36.0 24.0
613 3.0 8.0
614 4.0 8.0
615 15.0 14.0
616 16.0 14.0
617 15.0 16.0
618 19.0 16.0
619 17.0 32.0
620 2.0 18.0
621 2.0 19.0
622 22.0 20.0
623 7.0 4.0
624 6.0 4.0
625 12.0 13.0
626 4.0 16.0
627 36.0 11.0
628 36.0 12.0
629 4.0 20.0
630 12.0 16.0
631 40.0 28.0
632 41.0 28.0
633 13.0 10.0
634 14.0 10.0
635 41.0 29.0
636 42.0 29.0
637 15.0 7.0
638 27.0 28.0
639 28.0 28.0
640 36.0 18.0
641 37.0 18.0
642 36.0 31.0
643 36.0 32.0
644 16.0 6.0
645 16.0 7.0
646 14.0 11.0
647 16.0 8.0
648 15.0 15.0
649 31.0 22.0
650 8.0 12.0
651 9.0 12.0
652 40.0 19.0
653 40.0 20.0
654 28.0 24.0
655 15.0 9.0
656 20.0 24.0
657 46.0 24.0
658 46.0 25.0
659 30.0 17.0
660 12.0 10.0
661 55.0 34.0
662 26.0 26.0
663 26.0 27.0
664 24.0 28.0
665 36.0 19.0
666 37.0 19.0
667 34.0 20.0
668 31.0 17.0
669 39.0 16.0
670 40.0 16.0
671 52.0 5.0
672 1.0 54.0
673 6.0 6.0
674 15.0 3.0
675 6.0 19.0
676 16.0 15.0
677 32.0 22.0
678 1.0 52.0
679 36.0 15.0
680 40.0 23.0
681 39.0 28.0
682 16.0 30.0
683 34.0 12.0
684 36.0 23.0
685 3.0 16.0
686 4.0 0.0
687 37.0 15.0
688 39.0 24.0
689 38.0 16.0
690 30.0 19.0
691 38.0 21.0
692 39.0 21.0
693 27.0 24.0
694 40.0 12.0
695 29.0 21.0
696 33.0 32.0
697 34.0 32.0
698 32.0 16.0
699 32.0 17.0
700 44.0 24.0
701 3.0 7.0
702 45.0 7.0
703 46.0 7.0
704 24.0 18.0
705 25.0 29.0
706 30.0 23.0
707 30.0 24.0
708 33.0 24.0
709 34.0 24.0
710 27.0 26.0
711 46.0 6.0
712 37.0 8.0
713 38.0 8.0
714 38.0 12.0
715 28.0 26.0
716 42.0 31.0
717 57.0 36.0
718 58.0 36.0
719 27.0 29.0
720 34.0 28.0
721 27.0 30.0
722 33.0 5.0
723 28.0 29.0
724 35.0 12.0
725 28.0 30.0
726 26.0 31.0
727 42.0 28.0
728 26.0 32.0
729 34.0 16.0
730 2.0 52.0
731 49.0 7.0
732 40.0 24.0
733 33.0 4.0
734 33.0 6.0
735 35.0 16.0
736 33.0 7.0
737 35.0 31.0
738 33.0 8.0
739 34.0 8.0
740 36.0 14.0
741 35.0 18.0
742 35.0 32.0
743 55.0 39.0
744 34.0 21.0
745 38.0 15.0
746 35.0 30.0
747 39.0 7.0
748 39.0 8.0
749 40.0 7.0
750 40.0 8.0
751 38.0 17.0
752 37.0 14.0
753 32.0 28.0
754 32.0 29.0
755 39.0 14.0
756 39.0 15.0
757 40.0 15.0
758 41.0 7.0
759 37.0 17.0
760 42.0 6.0
761 42.0 7.0
762 41.0 32.0
763 46.0 5.0
764 45.0 6.0
765 44.0 8.0
766 38.0 28.0
767 48.0 4.0
768 39.0 22.0
769 48.0 6.0
770 33.0 18.0
771 35.0 19.0
772 48.0 28.0
773 40.0 18.0
774 52.0 4.0
775 32.0 32.0
776 36.0 30.0
777 42.0 32.0
778 45.0 24.0
779 38.0 7.0
780 60.0 32.0
781 60.0 34.0
782 56.0 32.0
783 52.0 36.0
784 52.0 34.0
785 52.0 32.0
786 54.0 32.0
787 62.0 22.0
788 64.0 22.0
789 62.0 24.0
790 64.0 20.0
791 64.0 18.0
792 64.0 16.0
793 62.0 16.0
794 56.0 24.0
795 58.0 24.0
796 54.0 18.0
797 48.0 20.0
798 58.0 12.0
799 60.0 12.0
800 60.0 8.0
801 60.0 10.0
802 56.0 12.0
803 64.0 6.0
804 64.0 8.0
805 60.0 24.0
806 62.0 6.0
807 64.0 4.0
808 62.0 4.0
809 62.0 8.0
810 60.0 6.0
811 60.0 4.0
812 58.0 6.0
813 54.0 16.0
814 58.0 4.0
815 52.0 12.0
816 54.0 12.0
817 52.0 14.0
818 46.0 32.0
819 48.0 32.0
820 48.0 30.0
821 46.0 30.0
822 2.0 10.0
823 16.0 28.0
824 28.0 12.0
825 28.0 14.0
826 30.0 12.0
827 32.0 12.0
828 18.0 20.0
829 30.0 32.0
830 24.0 26.0
831 28.0 10.0
832 30.0 10.0
833 24.0 14.0
834 16.0 22.0
835 16.0 24.0
836 24.0 12.0
837 26.0 14.0
838 44.0 28.0
839 26.0 12.0
840 24.0 10.0
841 26.0 10.0
842 0.0 0.0
843 0.0 2.0
844 24.0 8.0
845 26.0 8.0
846 24.0 6.0
847 24.0 4.0
848 4.0 10.0
849 4.0 12.0
850 6.0 32.0
851 8.0 32.0
852 32.0 0.0
853 8.0 28.0
854 8.0 30.0
855 4.0 32.0
856 0.0 4.0
857 44.0 30.0
858 64.0 24.0
859 16.0 20.0
860 10.0 0.0
861 12.0 0.0
862 8.0 0.0
863 32.0 2.0
864 16.0 12.0
865 6.0 52.0
866 8.0 52.0
867 10.0 6.0
868 0.0 10.0
869 20.0 30.0
870 14.0 0.0
871 16.0 0.0
872 32.0 10.0
873 0.0 20.0
874 20.0 28.0
875 44.0 32.0
876 6.0 16.0
877 12.0 2.0
878 2.0 12.0
879 10.0 8.0
880 0.0 12.0
881 4.0 54.0
882 36.0 8.0
883 8.0 48.0
884 8.0 50.0
885 40.0 26.0
886 36.0 26.0
887 38.0 26.0
888 10.0 50.0
889 48.0 24.0
890 18.0 28.0
891 10.0 52.0
892 20.0 32.0
893 6.0 54.0
894 4.0 52.0
895 4.0 56.0
896 54.0 20.0
897 6.0 56.0
898 8.0 54.0
899 8.0 56.0
900 10.0 48.0
901 12.0 48.0
902 12.0 50.0
903 12.0 52.0
904 24.0 32.0
905 28.0 34.0
906 30.0 34.0
907 32.0 34.0
908 34.0 0.0
909 34.0 2.0
910 36.0 28.0
911 32.0 48.0
912 36.0 48.0
913 32.0 52.0
914 52.0 24.0
915 64.0 12.0
916 60.0 0.0
917 64.0 0.0
918 56.0 0.0
919 16.0 48.0
920 16.0 52.0
921 0.0 48.0
922 4.0 48.0
923 44.0 12.0
924 0.0 64.0
925 4.0 64.0
926 24.0 0.0
927 20.0 8.0
928 20.0 44.0
929 20.0 48.0
930 8.0 64.0
931 52.0 0.0
932 0.0 32.0
933 12.0 56.0
934 16.0 44.0
935 0.0 28.0
936 8.0 60.0
937 24.0 48.0
938 0.0 60.0
939 4.0 60.0
940 0.0 24.0
941 44.0 16.0
942 16.0 56.0
943 16.0 40.0
944 48.0 0.0
945 32.0 40.0
946 16.0 64.0
947 24.0 64.0
948 24.0 56.0
949 48.0 48.0
946 947 8
942 946 8
942 948 8
938 939 4
936 939 4
935 940 4
934 943 4
933 942 4
932 935 4
931 944 4
930 946 8
930 936 4
929 937 4
928 934 4
928 929 4
925 939 4
925 930 4
924 938 4
924 925 4
923 941 4
921 932 16
921 922 4
920 942 4
919 929 4
919 934 4
919 920 4
918 931 4
916 918 4
916 917 4
911 937 8
911 945 8
911 913 4
911 912 4
903 920 4
903 933 4
902 903 2
901 919 4
901 902 2
900 901 2
899 936 4
899 933 4
898 899 2
897 899 2
895 939 4
895 897 2
894 922 4
893 898 2
893 897 2
891 903 2
889 914 4
888 902 2
888 891 2
888 900 2
886 910 2
886 887 2
885 887 2
884 888 2
883 922 4
883 900 2
883 884 2
881 894 2
881 895 2
881 893 2
878 880 2
874 890 2
873 940 4
870 871 2
869 892 2
869 874 2
868 880 2
867 879 2
866 898 2
866 884 2
866 891 2
865 893 2
865 894 2
865 866 2
863 909 2
861 870 2
861 877 2
860 862 2
860 861 2
857 875 2
855 932 4
853 854 2
852 908 2
852 863 2
851 854 2
850 855 2
850 851 2
849 878 2
848 849 2
847 926 4
846 847 2
844 927 4
844 846 2
844 845 2
843 856 2
842 843 2
841 845 2
840 844 2
840 841 2
839 841 2
838 857 2
837 839 2
836 840 2
836 839 2
834 835 2
833 837 2
833 836 2
832 872 2
831 841 2
831 832 2
829 906 2
827 872 2
826 832 2
826 827 2
825 837 2
824 839 2
824 826 2
824 831 2
824 825 2
823 835 4
823 890 2
822 878 2
822 848 2
822 868 2
821 857 2
820 821 2
819 820 2
818 821 2
818 875 2
818 819 2
815 817 2
815 816 2
812 814 2
811 916 4
811 814 2
810 811 2
810 812 2
808 811 2
807 917 4
807 808 2
806 808 2
806 810 2
806 809 2
804 915 4
804 809 2
803 807 2
803 806 2
803 804 2
802 816 2
800 810 2
800 809 2
800 801 2
799 915 4
799 801 2
798 802 2
798 799 2
797 889 4
796 896 2
796 813 2
795 805 2
794 914 4
794 795 2
792 915 4
792 793 2
791 792 2
790 791 2
789 858 2
789 805 2
788 858 2
788 790 2
787 789 2
787 788 2
785 819 4
785 786 2
784 785 2
783 784 2
782 794 8
782 786 2
780 782 4
780 781 2
777 875 2
776 910 2
775 907 2
775 829 2
774 931 4
772 820 2
766 910 2
766 887 2
765 923 4
762 777 1
760 761 1
758 761 1
756 757 1
755 756 1
753 754 1
751 759 1
749 750 1
748 750 1
747 748 1
746 776 1
745 756 1
741 771 1
740 752 1
738 739 1
737 746 1
737 742 1
736 738 1
732 885 2
730 894 2
729 735 1
727 838 2
726 728 1
723 725 1
721 725 1
720 910 2
719 723 1
719 721 1
717 718 1
716 777 1
713 779 1
713 748 1
712 713 1
711 764 1
711 763 1
710 715 1
708 709 1
706 707 1
703 711 1
702 764 1
702 703 1
700 732 4
700 778 1
698 827 4
698 729 2
698 699 1
697 742 1
696 775 1
696 697 1
694 750 4
694 923 4
692 768 1
691 692 1
689 751 1
689 745 1
688 732 1
687 745 1
687 752 1
686 862 4
683 827 2
683 724 1
682 823 2
681 766 1
680 732 1
679 740 1
679 687 1
678 730 1
671 774 1
670 941 4
670 773 2
670 757 1
669 756 1
669 689 1
669 670 1
668 699 1
667 744 1
665 771 1
665 666 1
664 874 4
664 830 2
662 830 2
662 710 1
662 663 1
659 668 1
657 889 2
657 778 1
657 658 1
656 874 4
654 715 2
654 693 1
652 773 1
652 653 1
650 849 4
650 651 1
649 677 1
648 676 1
647 927 4
645 647 1
644 645 1
643 742 1
642 776 1
642 737 1
642 643 1
641 666 1
641 759 1
640 665 1
640 741 1
640 641 1
639 753 4
639 723 1
638 719 1
638 639 1
637 645 1
636 727 1
635 636 1
634 646 1
633 634 1
633 660 1
632 727 1
632 635 1
631 885 2
631 681 1
631 632 1
628 740 2
628 714 2
628 724 1
627 628 1
626 849 4
626 876 2
626 685 1
623 624 1
620 621 1
617 648 1
616 864 2
616 676 1
615 648 1
615 616 1
614 848 2
613 701 1
613 614 1
612 886 2
612 684 1
611 709 1
611 612 1
610 630 2
609 701 1
609 614 1
608 673 2
608 609 1
607 646 1
607 633 1
606 649 1
605 731 1
604 650 4
604 879 2
603 873 2
603 621 1
602 638 1
602 663 1
601 705 1
601 664 1
601 602 1
600 651 1
599 650 1
599 600 1
597 658 1
596 843 2
595 877 2
594 778 1
594 658 1
593 653 1
593 692 1
592 686 1
591 755 1
590 714 1
590 694 1
590 591 1
589 672 1
588 766 1
587 771 1
587 667 1
585 867 2
585 595 2
584 746 1
583 677 1
583 606 1
582 583 1
581 617 1
579 665 1
579 587 1
579 580 1
578 701 1
577 775 1
576 864 2
576 646 1
575 630 1
574 625 1
574 575 1
573 580 1
573 684 1
572 573 1
571 708 1
570 620 1
569 762 1
568 765 2
568 761 1
567 758 1
567 750 1
567 568 1
566 675 1
565 769 1
565 711 1
564 595 1
563 634 1
563 655 1
562 686 1
561 690 1
561 659 1
560 561 1
559 700 1
559 594 1
558 596 1
557 647 1
557 655 1
556 744 1
556 583 1
555 667 1
555 582 1
555 556 1
554 769 1
554 731 1
553 586 1
552 626 1
552 553 1
550 856 2
550 558 1
550 551 1
549 719 1
549 602 1
549 705 1
548 578 1
547 768 1
547 680 1
546 653 1
546 692 1
546 547 1
545 745 1
545 755 1
545 752 1
544 591 1
544 714 1
544 545 1
542 868 2
257 303 1
257 654 1
257 258 1
255 620 1
255 490 1
254 570 1
254 489 1
254 255 1
253 625 1
253 367 1
253 515 1
252 496 1
252 607 1
252 576 1
252 253 1
251 327 1
251 330 1
250 334 1
250 332 1
250 251 1
248 656 1
247 362 1
247 248 1
246 759 1
246 687 1
246 689 1
245 525 1
245 735 1
245 679 1
245 246 1
244 295 1
244 291 1
244 292 1
243 307 1
243 305 1
243 311 1
243 244 1
242 251 1
242 309 1
242 312 1
241 330 1
241 322 1
241 372 2
241 242 1
240 622 1
239 248 1
239 249 1
238 410 1
238 434 1
238 297 1
237 294 1
237 380 1
237 326 1
237 238 1
236 239 1
235 622 1
234 240 1
234 236 1
234 235 1
232 864 2
232 557 1
231 655 1
231 634 1
231 232 1
230 310 1
228 235 1
228 236 1
228 230 1
228 229 1
227 589 1
227 285 1
226 921 4
226 678 1
226 227 1
225 685 1
225 570 1
224 284 1
224 254 1
224 225 1
223 769 1
223 767 1
223 473 1
222 565 1
222 223 1
221 438 1
221 279 1
221 690 1
220 695 1
220 475 1
220 221 1
219 318 1
219 551 1
219 536 1
218 522 1
218 532 1
218 550 1
218 219 1
216 598 1
216 229 1
216 230 1
216 217 1
215 325 1
215 323 1
214 682 1
214 315 1
213 619 1
213 214 1
212 682 1
212 527 1
212 213 1
211 619 1
210 213 1
210 315 1
210 211 1
209 704 1
209 293 1
208 491 4
208 409 1
208 833 2
208 209 1
207 773 1
207 329 1
206 328 1
206 751 1
206 641 1
206 207 1
205 770 1
205 741 1
205 412 1
204 524 1
204 729 1
204 205 1
203 359 1
203 520 1
202 672 1
202 441 1
202 358 1
202 203 1
201 853 2
201 314 1
200 389 1
200 313 1
200 201 1
199 887 2
199 388 1
199 688 1
198 612 1
198 343 1
198 199 1
197 452 1
196 394 1
196 600 1
195 496 2
195 651 1
195 196 1
194 475 1
194 297 1
193 326 1
193 197 1
193 194 1
192 220 1
192 194 1
190 622 2
190 704 2
190 191 1
189 852 2
189 215 1
188 325 1
188 298 1
188 189 1
187 190 1
186 532 1
186 522 1
185 458 1
185 562 1
185 186 1
184 501 1
184 331 1
183 681 1
183 588 1
183 280 1
183 184 1
182 191 1
182 187 1
181 259 1
181 182 1
180 229 1
180 191 1
180 217 1
180 181 1
179 375 1
179 473 1
178 774 2
178 537 1
178 179 1
177 259 1
177 182 1
176 187 1
176 197 1
176 177 1
175 637 1
175 644 1
175 464 1
174 469 1
174 463 1
174 451 1
174 175 1
173 217 1
173 344 1
173 181 1
172 459 1
172 173 1
171 830 2
171 217 1
171 598 1
171 172 1
170 378 1
170 450 1
169 739 2
169 377 1
169 872 2
169 170 1
168 234 1
168 239 1
167 828 2
167 474 2
167 240 1
167 168 1
166 176 1
166 193 1
166 192 1
165 273 1
165 539 1
164 272 1
164 299 1
164 276 1
164 165 1
163 783 2
162 163 1
161 368 1
161 648 1
161 581 1
160 575 1
160 515 1
160 506 1
160 161 1
159 695 1
159 192 1
159 303 1
158 177 1
158 166 1
158 159 1
157 501 1
157 569 1
157 392 1
156 280 1
156 288 1
156 184 1
156 157 1
155 691 1
155 593 1
155 328 1
154 579 1
154 666 1
154 431 1
154 155 1
153 693 1
153 344 1
153 257 1
152 259 1
152 158 1
152 303 1
152 153 1
151 770 1
151 699 1
151 453 1
150 561 1
150 668 1
150 278 1
150 151 1
149 375 2
149 671 1
148 774 1
147 148 1
146 148 1
146 671 1
145 146 1
145 149 1
144 147 1
143 147 1
143 146 1
141 143 1
141 145 1
141 142 1
140 918 4
140 814 2
140 144 1
139 142 1
139 144 1
139 143 1
138 812 2
138 142 1
137 140 1
137 139 1
137 138 1
136 340 2
136 554 1
135 136 1
135 731 1
134 136 1
133 134 1
132 135 1
132 605 1
131 135 1
131 134 1
130 233 1
129 131 1
129 133 1
129 130 1
128 133 1
59 61 1
59 60 1
58 61 1
57 63 1
57 62 1
57 58 1
56 58 1
56 59 1
55 795 2
54 60 1
54 56 1
54 55 1
53 55 1
53 57 1
53 56 1
52 62 1
52 53 1
51 52 1
50 787 2
50 805 2
50 51 1
49 55 1
49 52 1
49 50 1
48 65 1
48 460 1
47 64 1
47 48 1
46 47 1
45 46 1
44 62 1
44 51 1
44 47 1
44 45 1
43 48 1
43 46 1
42 793 2
42 791 2
42 43 1
41 787 2
41 790 2
41 45 1
40 46 1
40 42 1
40 41 1
38 162 1
38 819 4
38 39 1
37 162 1
37 39 1
36 39 1
35 163 1
35 37 1
34 37 1
34 36 1
33 36 1
30 949 8
30 33 1
30 31 1
13 454 1
13 14 1
12 308 1
12 15 1
12 13 1
11 743 1
11 14 1
11 12 1
9 11 1
9 10 1
8 17 1
8 14 1
8 9 1
7 9 1
5 717 1
5 8 1
5 7 1
5 6 1
3 780 2
3 4 1
1 3 1
1 484 1
1 2 1
14 16 1
16 454 1
16 20 1
16 17 1
17 717 1
17 19 1
18 782 2
18 661 1
18 19 1
19 20 1
20 661 1
20 21 1
21 454 1
21 22 1
22 786 2
22 784 2
22 661 1
23 26 1
23 25 1
23 24 1
24 783 2
25 27 1
25 256 1
25 32 1
26 34 1
26 35 1
26 27 1
27 29 1
27 28 1
28 31 1
29 34 1
29 33 1
29 31 1
60 794 2
61 896 2
61 533 2
62 64 1
63 66 1
63 64 1
64 65 1
65 67 1
65 66 1
66 68 1
66 119 1
67 70 1
67 460 1
67 68 1
68 72 1
68 69 1
69 71 1
69 70 1
70 430 1
71 73 1
71 72 1
72 74 1
72 119 1
73 813 2
73 802 4
73 74 1
74 533 1
75 78 1
75 77 1
75 76 1
76 914 4
76 896 2
76 80 1
77 82 1
77 81 1
77 80 1
78 796 2
78 85 1
78 82 1
79 797 2
79 81 1
79 80 1
81 83 1
82 84 1
82 83 1
83 86 1
83 88 1
84 87 1
84 86 1
84 85 1
85 275 1
86 91 1
86 89 1
87 91 1
87 275 1
88 89 1
88 92 1
89 93 1
89 90 1
90 94 1
90 91 1
91 112 2
92 797 2
92 93 1
93 94 1
94 941 4
94 116 2
95 100 1
95 99 1
95 96 1
96 801 2
96 798 2
96 98 1
97 812 2
97 102 1
97 800 2
97 98 1
98 100 1
99 105 2
99 802 2
99 101 1
100 101 1
100 102 1
101 103 1
102 103 1
103 138 2
103 108 2
104 121 1
104 107 1
104 105 1
105 816 2
105 106 1
106 108 1
106 107 1
107 109 1
107 120 1
108 141 2
108 109 1
109 110 1
110 149 2
110 120 1
110 125 1
111 114 1
111 116 1
111 112 1
112 817 2
112 113 1
113 115 1
113 114 1
114 118 1
114 126 1
115 233 1
115 815 2
115 126 1
116 118 1
117 923 4
117 128 1
117 126 1
117 118 1
119 533 1
120 122 1
120 121 1
121 815 2
121 123 1
122 125 1
122 124 1
122 123 1
123 130 1
124 132 1
124 131 1
124 130 1
125 132 1
126 127 1
127 233 1
127 129 1
127 128 1
258 706 1
258 316 1
258 274 1
259 344 1
260 292 1
260 319 1
260 261 1
261 872 2
261 738 1
261 290 1
262 856 2
262 540 1
262 263 1
263 317 1
263 548 1
264 265 1
265 835 2
265 362 1
266 876 2
266 586 1
266 675 1
266 267 1
267 566 1
267 444 1
268 501 1
268 331 1
268 269 1
269 643 2
269 300 1
270 573 1
270 431 1
270 343 1
270 271 1
271 768 1
271 388 1
271 691 1
272 277 1
272 419 1
272 273 1
273 828 2
273 420 1
274 439 1
274 303 1
274 695 1
275 817 2
275 813 2
276 283 1
276 277 1
277 618 1
278 690 1
278 453 1
278 279 1
279 606 1
279 582 1
280 635 1
280 631 1
281 382 1
281 417 1
281 346 1
281 282 1
282 772 1
282 418 1
283 617 1
283 676 1
283 299 1
284 880 4
284 489 1
285 672 1
285 678 1
285 406 1
286 571 1
286 677 1
286 287 1
287 753 4
287 707 2
287 708 1
288 392 1
288 635 1
288 289 1
289 716 1
289 857 2
289 636 1
290 736 1
290 292 1
290 291 1
291 734 1
291 296 1
292 305 1
293 409 1
293 333 1
293 294 1
294 379 1
294 452 1
295 311 1
295 461 1
295 296 1
296 722 1
296 462 1
297 560 1
297 326 1
298 926 4
298 324 1
299 539 1
300 501 1
300 569 1
301 877 2
301 860 2
301 488 1
301 302 1
302 585 1
302 402 1
304 393 1
304 307 1
304 306 1
304 305 1
305 319 1
306 423 1
306 309 1
307 309 1
307 312 1
309 327 1
310 656 2
310 598 1
311 312 1
311 514 1
312 322 1
313 371 1
313 376 1
313 314 1
314 369 1
315 890 2
315 869 2
316 707 1
316 654 1
317 551 1
317 578 1
317 318 1
318 701 1
318 608 1
319 832 2
319 393 1
320 725 1
320 399 1
320 321 1
321 905 2
321 829 2
321 507 1
322 514 1
323 863 2
323 514 2
323 345 1
324 372 1
324 325 1
325 345 1
326 452 1
327 332 1
328 666 1
328 329 1
329 652 1
329 593 1
330 334 1
331 776 2
331 588 1
332 845 2
332 846 2
333 704 1
333 452 1
334 847 2
335 432 1
335 385 1
335 336 1
336 847 4
336 927 4
336 391 1
337 926 4
337 347 1
337 338 1
338 528 1
338 385 1
339 765 1
339 702 1
339 340 1
340 703 1
341 451 1
341 476 1
341 563 1
341 342 1
342 637 1
342 655 1
342 647 1
343 684 1
343 388 1
344 459 1
345 372 1
346 381 1
346 597 1
347 528 1
347 348 1
348 871 2
348 373 1
349 432 1
349 364 1
349 355 1
349 350 1
350 502 1
350 391 1
351 659 1
351 433 1
351 352 1
352 698 1
352 668 1
353 416 1
353 696 1
353 577 1
353 354 1
354 697 1
354 584 1
354 737 1
355 363 1
355 373 1
355 435 1
356 677 1
356 556 1
356 571 1
356 357 1
357 744 1
357 365 1
357 572 1
358 442 1
358 359 1
359 895 2
360 416 1
360 754 1
360 486 1
360 361 1
361 720 1
361 584 1
362 656 1
363 521 1
363 364 1
364 502 1
364 440 1
365 709 1
365 571 1
365 366 1
366 611 1
366 572 1
366 684 1
367 576 1
367 368 1
368 615 1
368 515 1
369 850 2
369 854 2
369 371 1
370 855 2
370 376 1
370 371 1
373 528 1
374 731 1
374 769 1
374 473 1
374 375 1
375 605 1
376 389 1
377 683 1
377 378 1
378 627 1
378 724 1
379 837 2
379 409 1
379 380 1
380 410 1
381 889 2
381 382 1
382 772 1
383 422 1
383 386 1
383 384 1
384 835 8
384 853 4
384 387 1
385 435 1
386 421 1
386 390 1
386 387 1
387 398 1
388 523 1
389 935 4
389 426 4
390 408 1
390 400 1
390 398 1
391 432 1
392 762 1
392 716 1
393 423 1
394 574 2
394 511 1
394 395 1
395 610 1
395 543 1
396 397 1
397 765 1
397 702 1
398 401 1
399 507 1
399 726 1
399 721 1
400 443 1
400 407 1
400 401 1
401 403 1
402 531 1
402 471 1
402 488 1
403 445 1
403 443 1
404 500 1
404 705 1
404 405 1
405 726 1
405 721 1
405 549 1
406 520 1
406 730 1
407 529 1
407 408 1
408 437 1
408 421 1
410 825 2
410 433 1
411 770 1
411 453 1
411 555 1
411 412 1
412 771 1
412 667 1
413 877 2
413 870 2
413 493 1
413 414 1
414 674 1
414 521 1
415 577 1
415 754 1
415 416 1
416 584 1
417 597 1
417 418 1
418 821 2
418 838 2
419 618 1
419 492 1
419 420 1
420 474 1
421 429 1
421 422 1
422 427 1
423 845 2
423 831 2
424 663 1
424 638 1
424 710 1
424 425 1
425 639 1
425 715 1
426 940 4
426 428 1
426 427 1
427 429 1
428 436 1
428 429 1
429 437 1
430 799 4
430 793 2
430 460 1
431 691 1
431 580 1
432 435 1
433 434 1
434 560 1
434 659 1
435 528 1
436 629 2
436 437 1
438 695 1
438 606 1
438 439 1
439 706 1
439 649 1
440 467 1
440 674 1
440 521 1
441 589 1
441 442 1
442 938 4
443 529 1
443 566 1
444 482 2
444 445 1
445 566 1
446 591 1
446 694 1
446 447 1
447 757 1
447 755 1
448 675 1
448 509 1
448 586 1
448 449 1
449 529 1
449 629 1
450 882 2
450 627 1
451 637 1
451 472 1
453 582 1
454 783 2
455 468 1
455 472 1
455 456 1
456 660 2
456 879 2
456 476 1
457 504 1
457 592 1
457 562 1
457 458 1
458 596 1
458 522 1
459 662 2
459 693 1
461 514 1
461 462 1
462 863 2
462 733 1
463 464 1
463 494 1
463 466 1
464 505 1
464 465 1
465 644 1
465 467 1
466 564 1
466 469 1
466 483 1
467 502 1
467 505 1
468 867 2
468 483 1
468 469 1
469 472 1
470 531 1
470 623 1
470 538 1
470 471 1
471 585 1
472 476 1
473 537 1
474 492 1
475 690 1
475 560 1
477 552 1
477 685 1
477 570 1
477 478 1
478 508 1
478 620 1
478 553 1
479 548 1
479 542 1
479 480 1
480 822 2
480 578 1
480 613 1
481 510 1
481 543 1
481 482 1
482 876 2
482 530 1
483 595 1
484 858 8
484 485 1
486 753 1
486 720 1
487 862 2
487 531 1
487 488 1
489 490 1
490 873 2
491 618 1
491 492 1
493 674 1
493 494 1
494 564 1
494 505 1
495 607 1
495 660 1
495 496 1
496 625 1
497 535 1
497 534 1
497 519 1
497 498 1
498 541 1
498 604 1
499 705 1
499 664 1
499 500 1
500 904 2
503 592 1
503 842 2
503 504 1
504 596 1
505 674 1
506 630 1
506 581 1
507 728 1
508 621 1
508 526 1
508 509 1
509 629 1
509 553 1
510 599 1
510 511 1
511 600 1
511 543 1
512 559 1
512 838 2
512 513 1
513 594 1
513 597 1
515 574 1
516 624 1
516 673 1
516 517 1
517 623 1
517 535 1
517 538 1
518 867 2
518 538 1
518 535 1
518 519 1
519 604 1
520 881 2
520 672 1
521 871 2
522 558 1
523 768 1
523 680 1
523 688 1
524 741 1
524 735 1
524 525 1
525 640 1
525 759 1
526 629 1
526 603 1
527 851 8
527 943 8
527 619 1
529 675 1
530 610 1
530 543 1
532 624 2
532 536 1
533 796 2
534 673 1
534 541 1
535 673 1
536 608 1
537 767 1
539 859 2
540 542 1
540 548 1
541 614 2
10
126 65 3 1 2 3
909 74 1 1
376 64 3 1 2 3
779 79 2 1 2
701 99 2 2 3
344 75 3 1 2 3
569 37 1 1
45 100 2 1 2
573 68 1 1
187 69 1 3
252
1 1 732 257 0.9159172970460802 0.08358042173238092 1
8 14 0 15 2374012 40 1509590 64 1449160 89 1345184 113 1927076 138 2275890 139 0
0
2 3 749 644 0.923242854507807 0.06227146140049916 0
11 51 0 52 1025037 75 1660186 99 1407674 123 951852 146 816886 169 1066793 193 754486 217 325736 240 220353 241 0
1 1
3 3 1311 224 0.9254249008056414 0.10076209222331474 0
12 31 0 32 677573 56 679218 80 502453 103 670945 127 756804 151 1217602 175 1629997 198 3547693 222 3227741 246 2858003 247 0
1 1
4 3 1194 895 0.9129548343159418 0.05057864271798538 0
11 24 0 25 1943263 49 3297956 73 2281668 97 1650209 121 1197906 144 911644 168 606434 192 593437 216 464591 217 0
0
5 1 1345 552 0.9286955276988831 0.13778102912151552 0
11 41 0 42 2227596 66 2669561 90 1714828 114 876951 138 1649303 162 758030 186 1112056 210 868789 234 932463 235 0
1 4
6 2 845 634 0.9236512930384959 0.11362043704369704 0
14 9 0 10 1422905 36 1340107 61 1414476 87 2450544 113 2974976 139 2036064 164 1902159 190 1802122 216 1807533 242 2053838 267 1412124 293 1263382 294 0
2 4 5
7 2 666 356 0.9180353885318924 0.12459306962949247 0
11 8 0 9 338248 33 617247 57 733551 81 883389 105 973496 130 1465684 154 1104161 178 1300398 202 2331234 203 0
2 4 6
8 3 1222 485 0.9222608462706408 0.032977965470169304 0
13 39 0 40 3377947 65 3950544 91 1653743 117 1552420 142 1160146 167 819187 193 563520 219 703282 244 913274 269 853617 295 880482 296 0
0
9 2 1337 243 0.9142826132720964 0.03080987996115086 0
10 31 0 32 1853580 55 1920594 78 947459 101 1232139 125 1564704 148 1460830 171 1716571 194 1130972 195 0
1 8
10 1 1101 592 0.9187662543303567 0.01587375204343388 0
8 104 0 105 2885809 132 2439011 159 1403521 187 1328675 214 961336 241 1465678 242 0
0
11 2 679 311 0.9145374523032682 0.07721319480301739 0
10 46 0 47 3109768 71 2360774 95 1579193 119 1230650 142 1067755 166 1348224 190 1077386 214 739834 215 0
1 10
12 3 740 215 0.919484732027276 0.09261648428273286 0
12 11 0 12 328751 37 463140 62 317370 87 406710 112 627865 138 872135 163 1525589 188 2521676 213 1511980 238 1157904 239 0
0
13 2 751 502 0.9142979299297952 0.03274239260089543 0
12 3 0 4 556574 28 469359 51 581820 75 558599 98 1251026 122 1552425 145 2160129 169 2383840 192 2093850 216 1471207 217 0
0
14 3 626 486 0.91003977558177 0.038463150590168846 0
8 132 0 133 1434791 157 1233624 180 1266058 204 962637 227 2248085 251 2642519 252 0
0
15 3 750 866 0.9180673928858324 0.07369422124766374 0
9 92 0 93 565988 118 670659 143 1092160 167 2125599 192 1665271 217 1053885 242 995068 243 0
0
16 2 550 866 0.9139250663845483 0.015462578165226537 1
14 0 0 1 1892725 25 1651563 49 1821515 73 1797145 97 1754499 121 1236683 146 791754 170 1120432 194 772547 218 1495897 242 1145584 266 640993 267 0
0
17 3 505 258 0.9173235988744715 0.10739502314939103 0
10 117 0 118 787980 144 1527951 170 1006630 196 1307987 221 1845534 247 1846965 273 1208404 299 2122002 300 0
0
18 3 923 105 0.9183457832148338 0.019789341939178067 0
15 8 0 9 1536302 33 1514013 57 878039 81 721199 105 424803 129 553445 153 560884 177 697918 201 754065 225 896946 249 1029980 273 1248920 297 1385440 298 0
1 17
19 1 1065 566 0.9255786520726517 0.1405689352968795 0
10 54 0 55 1349646 81 1146407 106 1403605 132 800784 158 994695 184 1043863 209 1553723 235 947190 236 0
0
20 3 1419 461 0.9288872761926281 0.09052667381378708 0
9 155 0 156 1591979 179 2655121 202 1775101 225 1308057 249 2118636 272 1850479 295 1493354 296 0
1 19
21 1 523 211 0.9235577000496573 0.10474003907863955 0
14 0 0 1 1959492 26 2110192 51 2159473 76 1251572 101 1694267 126 941843 152 1116555 177 1344710 202 1769750 227 1603774 252 1315288 277 1574788 278 0
1 20
22 2 522 436 0.9164760406636127 0.12170381314958219 0
14 7 0 8 2412500 33 2230878 59 1885800 84 1464257 109 1378191 134 1308848 160 1600721 185 1458103 210 1117108 235 1281067 261 1081514 286 1979235 287 0
0
23 1 899 922 0.928266123029296 0.010319312991848944 0
13 52 0 53 3222007 77 2135990 102 1437686 126 2194521 151 1776703 175 1138215 199 1013416 224 595016 248 462391 273 513259 297 648651 298 0
1 22
24 1 586 854 0.918200706027968 0.029056804102297717 0
15 5 0 6 3511483 30 2999625 55 2498427 79 1627289 104 1640786 128 938891 153 725146 177 899071 201 785338 226 969693 250 805313 275 1060351 299 1460943 300 0
0
25 3 1386 601 0.9198760939935564 0.1266482585678972 0
11 69 0 70 1091079 94 1115494 118 1296124 142 1105353 165 1595104 189 2264358 213 3150553 237 1477896 261 1336212 262 0
1 24
26 3 1455 195 0.9112454002811241 0.07367963530715273 0
8 155 0 156 1002774 182 500468 207 663145 233 812717 258 1855294 284 2264867 285 0
1 24
27 1 691 818 0.9219197185820762 0.10968621491850956 0
10 31 0 32 1065812 55 1239190 78 1083824 101 1075139 125 2314649 148 2258580 171 1002674 194 1208728 195 0
0
28 1 1128 708 0.916107509480217 0.07921076003829251 0
10 63 0 64 3009756 88 2033865 112 1798727 136 1485182 159 1197809 183 1204803 207 1115233 231 1208896 232 0
1 27
29 2 763 583 0.9282344705416742 0.014062225433364856 0
10 28 0 29 1942653 55 2750343 81 1947080 107 1913865 133 2540573 159 1709959 185 1183408 211 1236778 212 0
0
30 2 1013 939 0.9263020901221165 0.11120388048457654 1
8 166 0 167 2048158 193 1644719 218 1149488 244 630727 269 504576 295 789794 296 0
2 29 31
31 1 612 371 0.9116549073714038 0.08533179396972003 0
9 47 0 48 1739439 73 2543185 97 2045666 122 1466360 147 1477111 171 884208 196 1119298 197 0
0
32 2 1068 578 0.9196559718020914 0.03568365641048311 0
13 12 0 13 2194379 37 1352186 61 1071067 85 973245 109 1186519 133 648989 157 810929 181 472007 205 439157 229 288869 253 370092 254 0
0
33 2 748 798 0.9249616240421747 0.1242523937201674 0
8 143 0 144 2110953 169 1767393 194 1324128 218 1023056 243 488411 268 585118 269 0
1 32
34 3 1049 759 0.9276351256710429 0.058870891896461025 0
14 13 0 14 3907302 39 1871063 64 1168334 89 1708716 114 1362726 139 1507279 165 1444697 190 1043340 215 919739 240 497321 265 585012 290 558280 291 0
0
35 1 542 825 0.9184333896978057 0.013239882940170793 0
9 65 0 66 3125697 91 2732594 117 1256000 143 1398579 168 969550 193 797690 219 1186215 220 0
1 34
36 1 1405 288 0.9215283537713999 0.004824866496718355 0
9 35 0 36 2747585 60 1889554 84 1251690 109 1385993 133 1564977 157 1020174 181 978753 182 0
0
37 1 567 620 0.9257125100810666 0.14284595510363746 0
14 5 0 6 1760136 31 2336876 55 1236767 80 1235793 104 1261547 129 1399479 153 1671639 178 1001698 202 1310747 227 1506545 251 1274186 276 1491794 277 0
1 36
38 1 1056 601 0.920003051061015 0.046168670527864664 0
7 78 0 79 1414069 106 1381768 133 1000851 160 1105886 187 844070 188 0
0
39 3 692 139 0.9150881671256716 0.08421178824010944 0
14 18 0 19 1240389 44 1651375 70 2228332 95 1944447 120 2686133 146 1495452 171 1188251 197 1470090 222 1300455 247 1700344 273 1454879 298 2453966 299 0
1 38
40 1 1076 646 0.9229012199643462 0.04134343006680411 0
13 39 0 40 669361 65 813026 91 1405336 116 1329858 141 1296439 167 1248262 192 718895 217 1087875 242 1089633 268 1659032 293 2348777 294 0
0
41 1 1196 784 0.9190882299899032 0.04383298838838557 0
7 42 0 43 1855589 69 1915819 94 1557905 119 1409855 145 1311094 146 0
0
42 2 1442 709 0.9241022475029702 0.13917575132839274 0
13 41 0 42 2682501 68 3319993 93 1795845 119 2241877 144 1292142 170 1553035 196 1049408 221 1350010 247 1257218 272 717459 298 1344782 299 0
1 41
43 1 1311 627 0.9242638373937245 0.09674819377035586 0
15 0 0 1 1100360 26 852719 51 757522 76 881235 101 1084467 126 742674 151 1617048 175 1388430 200 1061619 225 1376279 250 1088796 275 869644 300 1053094 301 0
1 42
44 1 1230 505 0.9164335620410738 0.1095364755802523 0
12 43 0 44 1757315 68 1261056 92 2272971 116 2491138 140 1716955 164 1996207 188 1145254 212 1451453 236 1689150 260 1370097 261 0
0
45 1 837 563 0.9290429190265165 0.08806012773700485 0
7 166 0 167 663168 192 809407 217 955330 241 995067 266 1628375 267 0
1 44
46 1 1335 417 0.9115745455958371 0.11554631871993427 0
7 188 0 189 1963830 214 2670052 239 1495417 264 2022000 289 1101962 290 0
1 44
47 3 671 835 0.9162068123431196 0.040098911700989684 0
8 175 0 176 1768708 199 1344453 223 1300653 246 804598 270 421044 293 412687 294 0
0
48 1 874 718 0.9172357337306256 0.07068981794430754 0
11 30 0 31 175964 55 308570 79 717636 103 1347466 127 1057454 151 1158947 175 737610 199 1819888 223 1647352 224 0
1 47
49 2 1146 866 0.9268653454687165 0.0351646786517672 0
12 17 0 18 1489144 42 2499415 65 1356271 89 1455820 113 1109305 136 1606167 160 2163892 184 2464395 207 1399654 231 2051465 232 0
1 48
50 2 1175 811 0.9267485540996414 0.03178125015124585 0
13 35 0 36 702789 61 1141456 87 1605351 113 1034039 138 1074010 163 1345978 189 1011591 215 1210161 240 806028 265 562803 291 1009586 292 0
0
51 2 619 432 0.9208432892791533 0.11972814002020851 0
12 28 0 29 1705708 53 1106957 77 1445370 101 1417918 125 1798705 150 1537012 174 1419582 198 2514395 222 2096963 246 2076598 247 0
1 50
52 3 640 497 0.9117335829147968 0.051684822303848924 0
12 32 0 33 2498402 59 2703131 85 1764451 111 1558447 137 1246036 162 799688 188 727845 214 493976 240 724723 266 407596 267 0
1 50
53 2 814 832 0.9296063643816498 0.03798828355581917 0
9 63 0 64 969152 88 1166411 112 1681787 136 1850539 160 1450995 184 1152982 208 678224 209 0
0
54 3 528 853 0.9224701409596556 0.02928592355439593 0
11 88 0 89 1448387 115 1479422 142 2454445 168 1543110 195 843584 221 923328 247 802716 274 904010 300 1365205 301 0
2 53 56
55 2 855 735 0.9259474250688001 0.027391272436271846 0
10 97 0 98 1534095 125 699802 151 541792 178 1068417 204 1637034 231 1624470 257 1739858 284 1788069 285 0
2 53 56
56 3 1204 118 0.9297021325099267 0.07110488112988587 0
7 103 0 104 1125088 130 1335484 156 1471461 182 2172059 208 1318354 209 0
0
57 3 731 503 0.916146874156886 0.029408608153103487 0
8 95 0 96 1536114 120 1147779 144 1166351 169 1760970 193 1313876 217 1739331 218 0
0
58 3 1290 126 0.9284554916336091 0.03871527400775369 0
13 38 0 39 2765156 63 2598859 88 1964955 113 2908790 137 2458165 161 1465473 186 1025568 211 1146864 235 923601 259 1246499 284 1342283 285 0
0
59 1 751 225 0.916171302438728 0.12436738599302906 0
8 58 0 59 924167 84 1007286 108 1093838 133 1375962 157 1613480 182 1649791 183 0
0
60 2 1257 611 0.9119071929085851 0.05901663704223783 0
12 25 0 26 333685 52 456867 78 482735 105 1024260 131 1319355 157 1621823 183 1657957 210 1857578 236 1799457 262 1163553 263 0
1 59
61 2 599 78 0.9131594886881668 0.004882470885946377 0
8 70 0 71 1642273 97 2747567 123 2091237 149 1082526 175 1086125 201 663721 202 0
0
62 2 1492 482 0.911631187025755 0.13280907332339303 0
11 23 0 24 2445544 49 1771869 74 1567480 99 1349379 124 893906 149 1043778 174 1157030 199 1283644 224 946749 225 0
0
63 2 1420 724 0.9272799784356293 0.02844355651447492 0
8 144 0 145 740379 169 532174 193 1073994 217 1620338 241 1318902 265 1160897 266 0
1 62
64 1 1252 450 0.921132747303135 0.04608154472354525 0
9 43 0 44 1123498 70 900866 96 1307011 121 1644787 147 1588944 173 1145699 199 1023575 200 0
0
65 2 1417 938 0.9144809302666514 0.04410708487029039 0
14 12 0 13 752306 39 1070564 64 1424636 90 750647 115 834647 141 1205074 166 1056507 192 1337759 217 1480809 243 1426822 268 1618755 294 1493322 295 0
2 64 66
66 1 777 903 0.914880452286128 0.08005521429022418 0
11 39 0 40 866926 66 832999 93 1203374 119 1731161 145 1305729 171 1278140 197 1880505 224 1648166 250 893480 251 0
0
67 2 659 44 0.9178916190991568 0.02717774098906341 0
11 80 0 81 1617891 106 1678402 131 1813599 156 1744690 181 1827414 207 1245992 232 1198802 257 1642293 282 1134876 283 0
1 65
68 1 1491 693 0.91467103092341 0.13940029663229025 0
8 28 0 29 952110 53 1367326 77 1761590 101 2557973 125 1442533 149 2194238 150 0
0
69 3 949 312 0.9227034950532177 0.048624899739183575 0
12 42 0 43 878235 69 1319312 95 1372671 121 1134476 147 1650001 172 2436280 198 2251067 224 1590640 250 1339337 276 1247326 277 0
1 68
70 2 565 1 0.9181192157521854 0.04393188004068322 0
11 98 0 99 1530204 124 994651 148 1441701 173 1398648 197 1094999 222 976451 247 1061953 271 646121 296 684683 297 0
0
71 3 1026 739 0.923758915495451 0.0766450967163757 0
11 39 0 40 1479471 65 1419018 91 1387559 116 1539081 141 2073297 166 1714629 191 2536171 217 1785818 242 1253510 243 0
2 70 73
72 2 1039 463 0.9295780683485659 0.1299375171712268 0
13 8 0 9 1380995 35 799065 61 834193 87 744354 113 1299541 139 1696876 164 1335335 190 1046821 216 2170010 242 1785277 268 3258169 269 0
0
73 2 653 141 0.9295990474887786 0.07623042893920583 0
8 107 0 108 1263460 135 1525706 161 1080942 188 804013 214 1036006 241 1042116 242 0
1 72
74 1 531 172 0.9183285532493042 0.06681960710145855 0
9 79 0 80 594349 106 336092 132 868772 159 553297 185 1221975 211 2296443 237 1559451 238 0
0
75 2 1018 753 0.9258307644889614 0.10442075918041635 0
13 1 0 2 1865549 26 1309505 50 1240742 74 1298458 98 1445915 121 1835559 145 2008624 169 1788008 193 1868178 217 1730241 241 1549731 242 0
1 74
76 2 1416 717 0.9120679420517803 0.037464580251798274 0
14 11 0 12 1191736 36 822724 60 592469 85 571261 109 769102 133 885968 157 1121493 181 1481845 205 1428539 230 1730997 254 1805590 278 2461783 279 0
1 75
77 1 789 763 0.9184381519209065 0.1384447707204486 0
10 7 0 8 2505691 31 1884059 55 1516826 78 1136850 102 1382716 125 1812947 149 1654738 172 1541430 173 0
0
78 3 1290 436 0.9290062930416814 0.017976919493507142 0
14 21 0 22 2020077 46 1043174 70 1714908 95 1983679 119 2326293 143 1855984 167 2561072 191 2182452 215 2183928 240 1182794 264 916513 288 1185919 289 0
0
79 2 1160 323 0.9177415442842293 0.036689105912888244 0
12 60 0 61 1333965 86 1133976 112 1360299 137 1038662 163 1704568 188 1883710 214 1437080 239 1404957 265 1024132 290 1275773 291 0
0
80 2 1285 446 0.9161613477721292 0.003853551279466122 0
10 55 0 56 1755135 80 1369956 104 776351 128 1677989 151 1382894 175 1755737 199 2390273 223 1706308 224 0
1 79
81 3 821 553 0.924197406447188 0.1339871223971111 0
11 0 0 1 2337498 27 1700083 52 1368664 78 1057093 103 1479407 129 1317423 155 1208414 180 2578672 206 1119207 207 0
2 79 80
82 2 904 625 0.9170434525668303 0.04010617149377017 0
12 26 0 27 1489859 53 904736 79 945337 105 1424144 131 1749709 156 1336998 182 1495536 208 1529802 234 849237 260 782500 261 0
2 79 80
83 2 631 508 0.9257998393711591 0.05222962940951694 0
9 22 0 23 479240 49 501253 75 939580 101 1588722 128 1532386 154 1786076 180 2882173 181 0
0
84 1 731 388 0.9207780348626239 0.1278885746334392 1
11 43 0 44 3100094 69 2078137 94 1832190 119 1855312 145 2274533 170 1174676 195 1231884 220 444794 245 309751 246 0
0
85 3 741 319 0.921417169294649 0.10451052348139649 0
12 29 0 30 1455460 55 2005078 81 1506540 106 2441819 132 2242469 157 2889146 183 1368484 208 1106488 234 907227 259 660956 260 0
1 84
86 3 788 777 0.9164086926148592 0.08074359830843829 0
15 0 0 1 4397437 26 1537818 50 1229475 75 980111 99 1624438 124 1436245 149 740462 173 1128943 198 1636358 222 1547637 247 1591863 271 1377681 296 2475228 297 0
0
87 1 1122 24 0.9160384689135054 0.007692417393265416 0
12 70 0 71 1179594 95 1372309 120 1313717 144 1386037 169 1242053 193 970938 218 704260 242 806068 267 1204711 291 667489 292 0
1 86
88 3 1192 446 0.9153637120078056 0.0873130969264952 0
8 112 0 113 2166772 136 1822837 159 2341563 181 1695310 204 1079906 227 1561455 228 0
2 86 87
89 3 1101 879 0.9109738750614125 0.06356419500030629 0
9 57 0 58 1828530 82 2090116 106 1468546 131 1284946 155 1463844 179 1485701 203 1553684 204 0
3 86 87 88
90 1 1229 60 0.9169449625750068 0.0612583847944914 0
14 13 0 14 1278949 40 2195500 65 1103152 91 1280437 116 1193823 142 954213 167 1992231 193 1895963 218 1366914 244 1334517 269 958294 295 1449861 296 0
0
91 3 1344 199 0.9193960210184544 0.04637961893977161 0
9 75 0 76 1396235 99 1498898 123 1757889 146 1046426 169 621965 193 665765 216 860292 217 0
1 90
92 2 935 484 0.9164228350842362 0.008237703717218452 1
12 28 0 29 880187 55 553095 81 611612 107 999781 133 998398 159 1670917 185 1911208 211 1984043 237 2190538 263 2597392 264 0
0
93 3 1425 333 0.9163246238754319 0.0274215126514188 0
8 100 0 101 2170396 127 2237321 152 2068524 178 947635 203 1064468 229 428756 230 0
0
94 3 1057 602 0.9231027940483394 0.045093888400933084 0
10 132 0 133 1172546 156 753736 180 1062418 203 1156920 227 1319546 250 1249184 274 1405277 297 1258728 298 0
0
95 3 1264 221 0.9151146618100819 0.0758626798083072 0
13 21 0 22 416735 47 552804 72 884808 98 530568 123 592898 148 906959 173 989281 198 805622 224 1017430 249 1798250 274 1913547 275 0
0
96 1 966 284 0.9285735115262793 0.11482515733477623 0
13 31 0 32 1730237 57 1900881 82 1505206 107 2344562 132 2264887 157 2614440 181 1478436 206 1469222 231 1959104 256 1681384 281 1992106 282 0
0
97 2 1448 729 0.9279436653255054 0.09374061778822926 0
11 103 0 104 2155843 128 1357877 152 1401749 176 1012497 199 1189631 223 2833100 247 1505873 271 985864 295 651285 296 0
0
98 3 1166 200 0.9183231768169775 0.03010079888970835 0
13 37 0 38 865855 62 859249 86 1112530 110 852823 134 725184 157 511253 181 1212149 205 1078161 229 1619760 253 2342154 277 1730648 278 0
0
99 1 939 183 0.922717131826659 0.1121672792336416 0
14 26 0 27 199947 52 312397 76 620838 101 965666 125 1176388 150 1300981 174 1265125 199 1584270 223 2462271 248 2099175 272 2063256 297 1774362 298 0
0
100 1 1204 848 0.9125623673013832 0.10640191075841496 0
12 0 0 1 2985735 27 1592704 53 598500 78 1438886 104 1388161 130 1071398 156 966725 181 724435 207 547691 233 736524 234 0
2 99 101
101 3 523 522 0.9137339357003416 0.11714776527835749 0
7 82 0 83 1479104 111 1245040 138 1280828 165 1542150 193 2762097 194 0
0
102 1 801 415 0.9168196780582634 0.08851408013534835 0
7 165 0 166 1917355 192 1259530 217 1832094 243 905197 269 674654 270 0
1 101
103 1 851 474 0.9263774183746569 0.025514710851125593 0
9 50 0 51 1618778 74 1712414 97 1828753 121 897813 144 694747 167 1382890 190 1637396 191 0
0
104 1 1485 150 0.9206603272914506 0.0803006462609332 0
15 5 0 6 780065 30 1196520 55 775012 79 787493 103 538232 127 394769 151 565585 176 727517 200 801954 224 898999 249 1408317 273 1908044 297 1769622 298 0
0
105 3 1402 153 0.923493340383896 0.060403724021390215 0
14 11 0 12 1318704 38 670182 64 416527 90 411670 116 425201 142 661648 167 882934 193 1329222 219 2097906 245 1913296 271 2402986 297 1534928 298 0
1 104
106 1 1328 270 0.9138411160655661 0.044464591833519564 0
12 5 0 6 2777190 31 1787265 56 1840769 81 1990313 106 2351791 130 1692568 155 1273250 180 1486116 205 1509595 230 1288686 231 0
0
107 1 1201 113 0.9263498565207685 0.10586390482488588 0
9 118 0 119 353961 143 674465 167 959020 191 1047481 214 2394176 238 1280709 262 2691686 263 0
1 106
108 2 775 814 0.9170033700398759 0.1014430748251875 0
13 40 0 41 560125 66 805030 91 454239 116 530542 141 538465 165 454718 190 680275 215 1014777 240 996945 265 1630110 290 2605849 291 0
0
109 2 984 475 0.9176905020666465 0.039545319845830075 0
9 35 0 36 1459193 60 1099230 85 1725949 109 2887966 133 1476877 158 1148339 182 441426 183 0
1 108
110 3 735 430 0.9167263972061758 0.1148471055929436 0
13 19 0 20 542155 45 630388 69 396047 93 390501 118 692837 143 1100844 167 1038114 191 1152764 216 997258 241 2720144 265 2542552 266 0
1 108
111 1 640 109 0.9265517339085508 0.09207275421766319 0
9 117 0 118 1832941 143 1850019 169 1247078 194 1240537 219 1389630 245 1353843 270 967564 271 0
0
112 2 954 484 0.9292678399049703 0.0912590608004447 0
10 73 0 74 1369469 100 2152932 125 797821 151 881704 176 1130068 202 1772869 227 3208410 253 2024380 254 0
1 111
113 2 1204 782 0.914183582560772 0.05973065900393139 0
12 7 0 8 2092850 32 1995282 56 1873538 80 1435402 104 1645481 128 1404258 152 1574724 176 1372330 200 1076225 224 595836 225 0
0
114 1 695 922 0.9159704097360292 0.05622855981136267 0
14 10 0 11 1574688 36 1235964 61 1121262 86 1605002 111 1963417 136 1764719 160 1103783 185 510255 210 283213 235 166935 260 254409 285 233520 286 0
0
115 3 1032 87 0.9133721966389681 0.027864930667154512 0
9 113 0 114 2709363 140 1675649 166 1488508 192 1087175 218 495802 244 281453 270 318111 271 0
1 114
116 2 1083 365 0.9208088789411866 0.10315495300298379 0
8 14 0 15 2553609 41 1441054 68 1155056 94 1625285 121 1635079 147 2687879 148 0
2 114 115
117 1 1101 552 0.9228037135028365 0.04210851252252125 0
10 110 0 111 774079 136 892761 161 1516227 186 1690029 210 1183870 235 2135585 260 1175433 285 1106662 286 0
0
118 1 537 421 0.9252699887083395 0.11822402525100133 0
10 107 0 108 1223038 133 1611967 157 1643440 182 1711203 206 1428067 231 1215249 255 1049099 280 1130339 281 0
1 117
119 3 748 303 0.929116791092312 0.004452621753340052 0
11 36 0 37 938424 62 1376793 88 976489 113 1438529 139 2305839 164 1748114 189 1365997 215 1017808 240 879183 241 0
1 118
120 2 658 179 0.9150657728431463 0.07975116464407658 0
12 59 0 60 607383 86 548582 112 866844 138 792510 164 1079066 190 1088600 216 853797 242 1500028 268 1322407 294 1720821 295 0
1 119
121 1 928 844 0.9239369671520832 0.06617838496176266 0
15 9 0 10 1750263 34 1964820 58 2311379 82 1139277 106 1192449 130 926561 155 733981 179 837243 203 1220660 227 903631 251 1004969 275 726788 299 433588 300 0
0
122 3 1087 570 0.9108416269160271 0.08161378008431668 0
12 32 0 33 650992 58 819960 83 1030613 108 1629572 133 1925624 159 1909123 184 1898059 209 1748729 234 2198446 259 2130596 260 0
2 121 123
123 2 682 105 0.9233466966515784 0.01362954636742606 0
13 43 0 44 1483941 70 1137257 95 911259 121 669373 146 622041 172 519142 198 536970 223 806642 249 955473 274 1336660 300 1610417 301 0
0
124 2 554 69 0.9156721516871986 0.0028126890499321987 0
12 11 0 12 2060896 37 2818320 61 3244456 86 1705726 110 1344352 135 1320447 159 732952 184 1126010 208 2486749 233 1343326 234 0
0
125 3 835 78 0.9166548722987977 0.03233284213546263 0
12 23 0 24 633786 49 674848 74 734785 99 1240092 124 1252641 148 1038421 173 2541088 198 1398596 223 1117295 248 1006598 249 0
2 124 126
126 3 969 271 0.9142107758561893 0.035331939891257484 0
7 138 0 139 928192 165 1008159 191 1610279 216 2187953 242 1906579 243 0
0
127 2 862 895 0.9225954740109242 0.013580526381299817 0
9 10 0 11 1545838 38 1518655 64 960645 91 972959 118 1527426 144 1579056 171 1976314 172 0
0
128 3 955 245 0.9185609585739827 0.06647565373671281 0
13 18 0 19 824713 43 885492 68 1705492 93 1506370 117 1878615 141 2120400 166 3106749 191 2367900 215 1503445 239 850034 264 494909 265 0
1 127
129 3 854 420 0.9217740389966426 0.12463153619678961 0
12 71 0 72 1558521 96 1889057 120 1455524 144 2832875 168 2122964 193 2954289 217 1189817 241 1091057 265 1531748 289 1387115 290 0
0
130 3 517 662 0.9250348685511177 0.033117064501117156 0
9 157 0 158 693010 181 576346 204 1063108 227 1585871 251 1147009 274 1051647 297 1024990 298 0
1 129
131 2 781 76 0.9238051277430698 0.06572408265723009 0
12 60 0 61 983695 85 993288 109 1152319 133 1936781 157 2258613 181 1713375 205 1507361 229 2029917 253 2270556 277 2957709 278 0
0
132 3 1308 902 0.9184587522448272 0.04551521368055595 0
8 81 0 82 534298 108 444294 134 516003 159 1464979 185 991280 211 1758350 212 0
0
133 2 1100 37 0.9148749865922049 0.1263259137092757 0
9 107 0 108 1559189 132 1547128 157 1892160 181 1410728 205 2088238 230 1614594 254 1077816 255 0
1 132
134 2 958 190 0.9114983345696739 0.11467888196533207 0
8 55 0 56 1337814 82 919152 108 2002313 133 2047273 159 1611425 185 1910628 186 0
2 132 133
135 3 1297 603 0.919816147295727 0.08893071823832781 0
10 100 0 101 624846 126 765432 152 1843508 177 1608910 202 1891634 227 2085139 253 2101183 278 3179118 279 0
0
136 1 1199 801 0.921486318773659 0.058537199899655536 0
12 3 0 4 481371 30 530597 55 1139655 81 1230351 106 1077611 132 2246240 157 2280137 183 1535861 208 1437194 234 1000778 235 0
1 135
137 1 1293 731 0.9159324830069097 0.034293017774443504 0
9 112 0 113 834421 136 864912 159 1369580 181 1981299 204 1364002 227 1484160 250 2390919 251 0
0
138 1 1165 80 0.9185549139551518 0.045109302447580935 0
14 7 0 8 1382637 33 942397 58 896518 84 1561075 109 690756 134 681263 159 950569 184 794721 209 983093 235 1153154 260 1786729 285 2128584 286 0
1 137
139 3 1023 224 0.9131289902925793 0.026797077023112646 0
10 76 0 77 1954290 102 1508155 127 1803373 152 1914815 176 2088109 201 1841244 226 1039062 251 811850 252 0
2 137 138
140 1 1235 928 0.9164401620508741 0.12359287339241841 0
15 5 0 6 918389 30 1418096 55 2461887 79 1632508 103 1384344 127 1235857 151 2757982 176 2581485 200 2888128 224 1845344 249 1453411 273 1033961 297 863542 298 0
1 138
141 1 1076 242 0.9233173675654809 0.04242270635869332 0
9 126 0 127 1843614 153 1726920 180 1583977 206 2232965 232 1893790 259 2148804 285 2114857 286 0
0
142 1 1446 751 0.9236324255436157 0.14111768111240294 0
14 2 0 3 1256379 28 1030384 54 1129369 79 1407316 105 1013256 130 787059 156 1197618 181 801139 207 815269 232 1223500 258 1008783 283 577081 284 0
2 141 143
143 2 593 381 0.9104989779315221 0.008455383457196264 0
14 8 0 9 592977 34 304128 60 919665 85 1703348 110 3221976 135 3881672 161 2048089 186 1467796 211 1946454 236 2059915 262 1597266 287 1154082 288 0
0
144 1 1226 399 0.9205801278537598 0.06345617867738897 0
10 51 0 52 1214974 78 1635397 104 2320972 130 1273923 157 1022719 183 1638639 209 1163903 235 1032041 236 0
0
145 1 577 584 0.9212054187361437 0.01570725574307838 1
12 37 0 38 2486604 64 2067232 90 1130115 117 1087285 143 993110 169 981095 195 1136945 222 858732 248 712894 274 325402 275 0
1 144
146 3 1080 620 0.9139332860319004 0.07253655611171216 0
14 25 0 26 424840 50 407104 74 462703 98 723127 122 544064 146 863757 170 957676 194 1161150 218 1545128 242 1380913 266 1740650 290 1255061 291 0
2 144 145
147 2 1250 808 0.9272420928153485 0.1352715089541703 0
15 6 0 7 637804 31 657230 56 972403 80 2242450 104 1306977 129 720281 153 639384 177 780233 202 1227395 226 1129868 250 1117386 275 995888 299 1282639 300 0
1 144
148 1 533 697 0.9259231378513403 0.013773794223508046 0
9 136 0 137 2253731 161 1690982 186 1170410 211 1443413 235 2474722 259 1734745 284 2308884 285 0
0
149 2 875 859 0.9109110060527269 0.14353183646094475 0
10 125 0 126 1301906 150 1736948 174 1895754 198 1927400 222 1491898 246 598672 270 510014 294 539761 295 0
1 148
150 3 714 486 0.9251630279879967 0.05165639862173327 0
12 28 0 29 819432 53 924433 77 1569259 100 1185430 124 1830327 148 1687549 172 1750464 195 1374566 219 1573721 243 2179395 244 0
0
151 3 653 13 0.9276704076135176 0.013064636520133437 0
8 103 0 104 609455 129 1259361 154 463525 179 961220 204 2225499 229 2684512 230 0
1 150
152 3 895 177 0.9246720892508622 0.013196420070244574 0
15 7 0 8 1881426 32 2320884 56 2065230 81 1359168 105 1233143 129 1037518 153 1424397 177 2229207 201 2108369 225 1806089 250 2107945 274 1748623 298 2150144 299 0
1 151
153 3 1150 821 0.9237523523985955 0.07237645746596218 0
9 41 0 42 1321602 67 1965112 92 1255343 117 1278242 142 1040126 167 883191 192 698160 193 0
0
154 1 678 212 0.9298427429574863 0.03018070216077095 0
14 1 0 2 730240 27 909502 51 778675 76 672722 101 1181739 126 2527320 150 2250411 175 1261097 200 925434 225 774988 249 616637 274 998163 275 0
1 153
155 3 720 630 0.9123602444021736 0.07754758212790773 0
9 97 0 98 1536585 121 775820 145 919363 169 740044 192 1457487 215 862459 239 357692 240 0
1 153
156 2 556 454 0.9174761419805777 0.045064952353957355 0
8 121 0 122 2116190 148 1715311 174 1676374 200 1236361 226 1360040 252 1076451 253 0
0
157 3 563 926 0.9158240309536286 0.058003302599385756 0
14 23 0 24 1347405 48 1189558 72 1433507 96 1361904 120 1135073 144 1371039 169 1460806 193 1389203 217 1621790 241 2296217 265 3092931 289 3432148 290 0
1 156
158 1 1218 154 0.912000482151527 0.045323950629662976 0
15 3 0 4 1520995 29 1403081 53 1762638 77 2151866 102 2368186 127 1604011 151 1584088 175 1371882 200 1177058 225 1575664 249 1306035 273 728932 298 623880 299 0
0
159 3 668 911 0.9288320247783967 0.1223222239361619 0
12 62 0 63 469850 88 1002458 112 1346594 137 1355417 162 1084399 186 1496741 211 2116229 236 3331781 260 2882372 285 2041598 286 0
0
160 1 1194 771 0.9145282170226295 0.046938732344822494 0
10 31 0 32 1559581 57 1166785 81 1698724 106 1593387 130 1503553 155 1701659 179 1173811 204 796081 205 0
1 159
161 2 569 935 0.9165487535844331 0.03422442699718212 0
12 40 0 41 1740447 66 1670990 92 1762812 117 1919133 142 2672337 168 1411988 193 2508978 218 1216320 244 925542 269 558215 270 0
3 159 160 162
162 3 1227 833 0.9260661430435299 0.09488226180500686 0
9 105 0 106 670149 132 798862 159 1349826 185 1588431 211 756128 238 989844 264 794054 265 0
0
163 1 846 513 0.9184486160175076 0.14951161229580284 0
14 14 0 15 1089277 40 1271257 64 959789 89 808917 114 753132 138 1083246 163 1843875 187 1780500 212 1447855 237 1377039 261 1613663 286 1515381 287 0
0
164 1 1017 155 0.9116857130720393 0.12120062432635581 0
10 18 0 19 1016995 44 1163830 69 802036 94 1058897 119 1380316 144 1689808 169 2499419 194 2598014 195 0
0
165 3 1473 592 0.9244612477109129 0.1145127068251369 0
9 110 0 111 2704878 134 2228649 158 1755977 181 1458028 204 1209439 228 1043161 251 1341493 252 0
0
166 2 898 670 0.9104482628704734 0.1143874164438761 0
14 1 0 2 1188989 27 792122 53 656672 78 823906 104 1331251 129 1867205 155 1842696 180 2073938 206 3612139 231 2304955 257 1754220 282 2070788 283 0
1 165
167 3 625 703 0.9180910155592427 0.08832143428026536 0
10 126 0 127 2187483 152 2368160 176 1984108 201 2027988 225 1331796 250 1954456 274 1752030 299 1084569 300 0
0
168 1 743 603 0.9209305698098172 0.007166190158792912 0
7 172 0 173 1491785 201 1536641 228 1162125 255 1155497 283 1418135 284 0
1 167
169 1 1275 261 0.9231832458530203 0.0862406985184403 0
12 39 0 40 1365104 65 1474118 90 2464933 116 2226665 141 1741325 166 1732435 191 1790258 217 1915459 242 1459375 267 1119995 268 0
2 167 168
170 1 679 904 0.9181347151492575 0.14338395628084577 0
8 131 0 132 1868505 158 2555687 184 1294476 211 1827996 237 1723428 263 1460393 264 0
0
171 2 592 912 0.9145624466483654 0.04706387928955643 0
10 95 0 96 2175715 122 2019914 149 855959 175 611462 201 556962 227 540198 254 654800 280 1371760 281 0
2 170 172
172 1 747 359 0.9201139306776914 0.14200847758447535 0
7 62 0 63 2752418 91 1960383 118 2013213 145 1615178 173 1137957 174 0
0
173 1 706 623 0.9287205063223926 0.1252075086885445 0
10 89 0 90 582870 116 547830 142 515534 168 1119273 194 1127808 220 1448286 246 1260389 272 1624944 273 0
0
174 2 1312 510 0.9282826479042059 0.06374088388964497 0
12 46 0 47 1970332 73 2530965 99 3435919 126 1496923 152 1280934 178 808663 204 956060 231 974416 257 1507539 283 1210540 284 0
1 173
175 1 734 304 0.9225088632170515 0.08605792649844247 0
14 9 0 10 1963774 34 1956155 58 1585355 82 1101030 106 788722 130 373774 154 270608 178 268892 202 172860 226 154571 250 109990 274 62394 275 0
1 173
176 3 1295 551 0.9109797026264851 0.03413457534430196 0
13 40 0 41 301678 66 353512 90 453634 115 983586 139 977818 164 801747 189 1194545 213 1081941 238 1459273 262 1721801 287 2574369 288 0
0
177 3 533 747 0.9105752693833675 0.13848865889473133 0
12 60 0 61 1389625 86 1452269 112 1351779 137 1472149 162 1848540 188 2246454 213 1536805 238 1756888 264 1406237 289 1136908 290 0
0
178 3 1107 889 0.9222643185885381 0.0016483003854450894 0
10 84 0 85 961841 111 1097468 136 987941 162 1066005 188 1368783 214 2190932 239 2063261 265 3180733 266 0
1 177
179 3 1320 50 0.9238601471577053 0.1184558239030447 0
12 18 0 19 754711 45 694522 70 734052 96 1013166 122 1164092 147 1364640 173 2160613 199 2303744 224 1597928 250 2383538 251 0
0
180 3 828 428 0.92235249536254 0.015527172640903841 0
9 7 0 8 796385 35 1648008 61 1672617 88 1504077 115 1818987 141 1264636 168 1133334 169 0
1 179
181 3 916 462 0.9132929176677139 0.0668577881878654 0
12 82 0 83 675008 107 858126 131 1287023 155 1498396 179 2275507 202 2202519 226 1216654 250 809327 274 730050 298 589624 299 0
0
182 2 1307 39 0.9135671114330274 0.009935359219728601 0
13 40 0 41 1349738 67 2315644 93 1999670 119 3096761 145 2591651 171 2275670 196 1666057 222 1544221 248 1095574 274 1040373 300 1150637 301 0
1 181
183 2 1178 626 0.9161722178973598 0.013596757972918339 0
9 123 0 124 3258018 147 1928305 170 1662405 193 1440432 216 1520183 239 1220224 262 1184009 263 0
1 181
184 3 621 44 0.9172382828225414 0.0577062763829384 0
8 134 0 135 1405691 161 940890 187 911997 214 818947 240 1079680 266 1019232 267 0
0
185 1 612 8 0.9247902460883153 0.011356947603380001 0
10 58 0 59 2411308 82 2671941 106 2317153 129 2283405 153 2054364 176 978018 200 601224 223 576166 224 0
1 184
186 1 532 513 0.9292972483369761 0.13886195213136368 0
12 13 0 14 2136490 39 1313077 63 1464113 88 1026092 112 669092 137 651836 161 689696 186 1032484 210 857806 235 1227395 236 0
1 185
187 2 1369 839 0.9108376661915931 0.05374855020179071 0
8 84 0 85 572437 111 743568 138 947598 164 1524620 191 1316208 217 1109686 218 0
0
188 2 1084 267 0.9168160088499472 0.08243005790882026 0
11 3 0 4 2143147 30 2080944 57 2653480 83 1490368 109 2187414 135 2002146 161 1401196 188 1393836 214 1104869 215 0
1 187
189 2 1128 860 0.9211147813989419 0.022338845092846775 0
11 21 0 22 2739576 45 1628474 69 1241190 93 1177825 116 572310 139 620562 163 622681 187 431253 210 453577 211 0
0
190 3 873 678 0.9201989232212431 0.07038981846901439 1
8 30 0 31 1798535 57 1902114 83 1449973 109 1795408 135 1090716 161 696414 162 0
1 189
191 1 570 656 0.9221648261898113 0.08763341107071608 0
9 1 0 2 1746150 26 1789278 50 2260717 73 1975775 97 937141 121 726084 145 1237566 146 0
2 189 190
192 2 992 486 0.9217939906895944 0.03717845364935615 0
14 13 0 14 1044231 39 1418580 64 1190047 90 1378092 115 1230517 140 742344 165 754406 190 1243495 215 862523 241 720319 266 423217 291 306851 292 0
0
193 3 1133 859 0.9256674916139662 0.05974840301134849 0
11 92 0 93 1413516 119 1166172 145 1567613 170 1422238 196 1753668 222 1523293 247 2183170 273 2351697 299 3109160 300 0
1 192
194 3 1096 603 0.919181743610115 0.04484257660177033 0
12 67 0 68 2040124 92 1829202 116 1322470 140 1127485 164 1312149 189 1276384 213 1058320 237 1080763 261 1621651 285 1551818 286 0
2 192 193
195 2 1299 676 0.9152836369833489 0.12519384890440274 0
13 51 0 52 3556527 76 2871796 100 1481848 124 635930 148 1145342 171 950018 195 1559883 219 1478879 243 2009939 267 2043650 291 2013693 292 0
2 192 193
196 2 1422 211 0.9271922334923581 0.08908681146970453 0
7 47 0 48 1536564 73 1200064 98 1033050 123 1520789 148 927019 149 0
0
197 1 538 45 0.9115323553262688 0.13683511955089955 0
11 30 0 31 1720068 56 1932493 82 2569925 107 1418134 133 1071423 158 1236724 183 1083459 209 729635 234 1220788 235 0
2 196 198
198 2 1031 408 0.922562425159669 0.11237180403145701 0
12 66 0 67 2515098 93 1744300 119 2138285 145 1899940 171 1447330 196 1332096 222 1390494 248 1609347 274 1664885 300 1096476 301 0
0
199 2 1245 511 0.9127419268425347 0.07702822034874289 0
11 83 0 84 1658088 108 1635961 133 1184426 157 1293122 181 707155 206 719170 230 1268528 255 1655428 279 2092741 280 0
1 198
200 3 1101 881 0.9201163712008316 0.1458644240362191 0
13 18 0 19 1362963 44 1761840 69 1842840 94 997503 119 1417621 143 1837012 168 1538457 193 915112 218 917588 243 1652287 268 1827716 269 0
0
201 1 977 234 0.9267465834409898 0.11265649297751998 1
10 49 0 50 1248299 75 1063319 99 1031477 124 1093292 149 1181419 174 1227293 198 1264926 223 768958 224 0
2 200 202
202 2 942 450 0.913278660280204 0.044075048749879754 0
10 78 0 79 1699675 102 2112593 125 1652565 148 1017591 172 724245 195 639925 218 506889 241 632301 242 0
0
203 1 1295 411 0.9271123640889822 0.12457298848891234 0
12 49 0 50 1916630 76 1679245 102 1614303 129 1124675 155 819066 181 666065 207 574004 234 706424 260 640029 286 738523 287 0
0
204 1 735 533 0.9100975899236781 0.09863788473837712 0
7 162 0 163 780668 188 1091843 213 1618425 239 1013782 264 1217453 265 0
1 203
205 1 707 927 0.9155405536243352 0.03901401916774397 0
13 27 0 28 1379820 52 1576188 76 1379386 99 1105364 123 1177601 147 1326721 171 1011399 195 998620 218 789599 242 637483 266 890235 267 0
0
206 2 1356 576 0.9270160688285456 0.08433744970693233 0
8 13 0 14 1721715 39 1369950 63 1283273 88 1510739 112 2224526 137 953747 138 0
1 205
207 2 1259 782 0.9293499546163373 0.0606344144381003 0
8 40 0 41 746191 68 823260 95 853251 123 1251482 150 1231992 177 1031558 178 0
2 205 208
208 3 1133 665 0.91486547659507 0.014483137177141036 0
8 155 0 156 919742 179 941903 201 2197745 224 1664360 246 929551 269 1395165 270 0
0
209 2 616 634 0.915399382592523 0.12584183967694088 0
9 104 0 105 1177597 130 1343832 155 1630014 179 1464942 204 1231344 229 1292967 254 2534714 255 0
0
210 1 1189 776 0.9156284599665012 0.08977410866752532 0
10 51 0 52 2721533 77 1749303 103 2024252 128 1924873 153 1296310 178 934036 204 865215 229 1013809 230 0
0
211 1 811 828 0.9185121576643932 0.069794976512945 0
10 110 0 111 827816 137 1278946 162 1387113 188 1171544 213 1202937 239 1045596 264 1697287 290 1635777 291 0
0
212 2 831 306 0.9239387783038887 0.14706147615817639 0
14 1 0 2 3947315 27 1836830 53 1665583 78 1228038 103 1379602 129 682522 154 590713 180 433242 205 575452 230 360573 256 321809 281 555306 282 0
2 211 213
213 3 770 49 0.9161175481294057 0.13746601021372692 0
7 50 0 51 1233622 77 1131282 103 908717 129 1157713 155 1615872 156 0
0
214 3 615 100 0.9235649628003245 0.11204470145625825 0
13 30 0 31 4816964 56 2129679 81 1681769 106 1337251 131 1670718 157 1175940 182 984676 207 694325 232 633001 257 454164 282 336805 283 0
0
215 3 744 502 0.9293643798678728 0.06611002743596857 0
12 65 0 66 898573 91 889222 117 448298 142 717453 168 975586 193 2241556 219 1751565 244 1116747 270 1382833 295 1709569 296 0
1 214
216 2 1363 755 0.9154817754636578 0.01762291495962152 0
14 0 0 1 1116861 26 1284039 52 768171 77 542761 103 594215 128 1534306 154 1464792 179 1171586 205 1187474 230 1292187 256 2129006 281 2715865 282 0
0
217 1 1387 260 0.9241730732776429 0.12852418606284857 0
10 129 0 130 763507 154 568706 178 550424 202 547331 225 923316 249 1196901 273 2463090 297 3887994 298 0
2 216 218
218 1 555 836 0.9276372807624804 0.12443191677208447 0
9 137 0 138 1294989 163 1069890 189 1015519 214 1077831 239 691133 265 1146887 290 897541 291 0
0
219 2 553 628 0.9194819784681858 0.092429278986738 0
8 150 0 151 1882494 177 1984991 203 1325010 228 1074737 254 1886746 280 1469394 281 0
0
220 1 1363 248 0.9283793399047537 0.0711521211045807 0
10 103 0 104 1437950 129 1538778 154 944166 179 1186987 203 904375 228 717889 253 951787 278 1921993 279 0
0
221 3 1421 121 0.9182119528719245 0.09456413772947107 0
9 72 0 73 952090 100 1088154 127 1253321 153 1457806 180 1320114 207 841317 234 536514 235 0
1 220
222 1 1287 57 0.9206026469848415 0.03180552295336407 0
15 6 0 7 2331162 31 2640703 56 1970006 80 1826330 105 1079062 129 1435799 153 1383052 178 1200823 202 1204450 227 736707 251 666447 276 594596 300 568050 301 0
0
223 1 1239 160 0.9226400031079368 0.12964326807846732 0
8 119 0 120 428960 144 465743 168 648444 192 1059167 216 2386666 240 1954716 241 0
2 222 224
224 2 1236 741 0.9151115414415545 0.04106565478159432 1
8 175 0 176 2074273 200 1321463 224 1719514 247 1814120 271 2263726 295 1039045 296 0
0
225 1 543 798 0.9212386869381087 0.11485916385543313 0
7 23 0 24 2229005 51 1701750 79 1685466 107 1317790 134 1509221 135 0
1 224
226 2 930 587 0.9285838447923752 0.07317381398126606 0
13 3 0 4 1176564 29 1006417 55 1304570 81 1988098 106 2105439 131 1589620 157 1146588 183 1049130 208 2069515 233 1334743 259 738641 260 0
0
227 3 1385 794 0.9173861033942585 0.009942433221152385 0
11 19 0 20 908899 45 778372 71 1066390 97 843502 122 600376 147 1106815 173 2794793 199 2270425 224 1530226 225 0
1 226
228 3 614 104 0.916723063167018 0.13394213445278708 0
9 111 0 112 574201 137 637960 161 1421135 186 2128575 211 1864021 235 1891591 260 1733541 261 0
0
229 3 1141 323 0.9114814857706471 0.03122326018302377 0
14 2 0 3 2473697 27 1640385 51 2340706 76 1486144 100 1882474 124 2376049 148 1502041 172 1203106 196 865642 221 1121076 245 976439 269 1087565 270 0
0
230 1 1167 71 0.9260825755852862 0.07617553243165538 0
10 15 0 16 1594837 41 1144614 67 1189927 92 1156944 118 2054184 143 1748188 169 1163286 194 1298420 195 0
3 229 231 232
231 3 1382 426 0.9107165819198979 0.1428245918932419 0
12 66 0 67 972089 91 883711 115 882402 139 1047566 163 865007 188 1002875 212 1668086 236 2011607 260 1966836 284 2322341 285 0
0
232 1 933 815 0.9226667906433672 0.042538927618996594 0
7 67 0 68 873635 95 1254896 123 1637432 150 1582849 177 2098193 178 0
0
233 2 508 94 0.9201862721713014 0.09948329123059489 0
14 5 0 6 4705855 32 2653177 57 2335036 83 1923974 109 894206 134 665880 160 735858 185 624546 211 616622 237 664551 262 660685 288 529308 289 0
0
234 3 624 725 0.9272603587811804 0.05953873197055046 0
9 126 0 127 2445071 153 1766739 178 2463107 204 1642613 230 1837947 255 1098162 281 1073893 282 0
0
235 1 1482 174 0.9237740308756212 0.01726056732905525 0
11 71 0 72 311381 98 275619 124 253014 150 562254 177 857757 203 834832 229 1125523 255 1548926 281 2077539 282 0
0
236 1 744 540 0.928970795748507 0.04583948392082923 0
13 49 0 50 1122777 74 1722371 98 1843710 122 1380049 146 2081388 170 1884695 194 1961058 218 2443525 242 2393748 266 1973749 290 2314197 291 0
0
237 3 1018 168 0.9278082124118855 0.07033636289612426 0
14 11 0 12 1023556 38 716345 64 652783 89 1194356 115 999336 141 1346669 167 1304633 193 1407530 219 1548276 244 1851861 270 1284227 296 1202197 297 0
2 236 238
238 2 1266 35 0.92251251908882 0.12426161193342236 0
7 0 0 1 574143 29 1071241 56 833801 83 1295475 111 1704860 112 0
0
239 3 501 585 0.923422621208017 0.13050102556827 0
14 0 0 1 2147480 27 1435079 53 1745520 79 2272331 105 1969218 131 1924375 156 1762674 182 2130039 208 1180563 234 1403112 260 2389382 286 1781939 287 0
0
240 3 836 318 0.9174153636366454 0.08226862782919493 0
11 46 0 47 1267175 72 1903531 96 3093849 121 2621321 145 1970945 170 1392944 195 1622700 219 1504489 244 1698394 245 0
1 239
241 2 1090 949 0.9238128737054987 0.09235008697861413 0
14 1 0 2 1702123 26 1833858 50 2797237 75 1768336 99 1434722 123 1758612 147 1555947 171 1571983 195 1782553 220 2190261 244 1750951 268 1359449 269 0
1 240
242 3 626 733 0.916164851310859 0.08054650282340109 0
14 13 0 14 1404606 39 1588722 65 1705888 90 1446406 115 2010802 141 1721946 166 1539482 192 2348209 217 2933282 242 2449603 268 1952528 293 1591333 294 0
0
243 3 903 239 0.9282401536401692 0.007670742538908482 0
8 0 0 1 461025 25 479257 49 636905 74 1134038 98 1786165 122 1663779 123 0
0
244 2 982 66 0.916088291789015 0.008851541481539937 0
10 102 0 103 892725 127 1283652 152 1031141 176 1489764 200 1217330 224 1734599 249 1089138 273 1289945 274 0
0
245 3 901 344 0.9220813067593874 0.030813034850698317 0
12 34 0 35 462959 60 698070 85 564238 111 464855 136 782345 161 1184931 186 1508757 212 2096378 237 1299674 262 2179384 263 0
1 244
246 2 585 490 0.9232629659799612 0.10098033113864209 0
8 1 0 2 1551747 28 1310735 54 1372084 79 2326037 105 863584 131 844210 132 0
0
247 2 774 692 0.9215070699918434 0.14546022334952555 0
11 78 0 79 962682 103 1457665 127 1311956 151 1052213 175 1350262 198 1371076 222 2291008 246 2352011 270 3012000 271 0
1 246
248 3 658 428 0.9295000385862783 0.14027885006739227 0
8 110 0 111 1434954 138 1532275 164 2155536 191 2749534 217 1555074 244 1695570 245 0
0
249 3 544 521 0.9195618378078027 0.11202862765808384 0
13 61 0 62 1752290 86 2553835 110 3142110 133 2132367 157 1660783 181 1056743 205 1251872 229 1240705 252 1613122 276 1507298 300 1411016 301 0
0
250 2 1236 330 0.9128388424587056 0.09063989664740606 0
14 11 0 12 1174568 38 1350574 63 1006135 89 949356 115 1497693 140 1532757 166 864526 191 648073 217 514072 243 589717 268 712308 294 603315 295 0
1 249
251 3 596 762 0.9242146772417333 0.09980182266237723 0
7 13 0 14 1025562 39 1861058 65 1641616 90 2100558 115 2177285 116 0
0
252 3 1376 368 0.9158937678764512 0.07518063178816871 0
12 8 0 9 3765311 34 2774481 59 1609341 84 909285 109 534096 134 1028996 159 1369842 184 1388307 209 2018934 234 1704033 235 0
2 251 250
7 10 11858475328204692914
0.65038945819291305 0.34563956882504965 0.0039709729820371362 0 0 0 0 
0.29367291714300131 0.5797862507438768 0.11253142456916909 0.014009407543952867 0 0 0 
1.4131189430426344e-09 0.18905960051799561 0.44909739165434842 0.32239542530231813 0.039447581112218938 0 0 
0 0.043752041690362654 0.079271361143687852 0.87011603340370036 0.0033077052290538069 0.0035528585331954204 0 
0 0 0.015190350742277408 0.044334491311077411 0.90080171493640016 0.039640375730251982 3.3067279992976463e-05 
0 0 0 2.9123680876183852e-09 0.21976983161374733 0.68711791872304939 0.093112246750835195 
0 0 0 0 0.018677162951541051 0.41030647336908055 0.57101636367937847 
7 0 0 0 0 0 0 0
0.008959124668690994 0.9833805645150437 2.319979038549458
