A
1000
236 405
1 31.0 31.0
2 32.0 31.0
3 32.0 30.0
4 30.0 31.0
5 32.0 29.0
6 31.0 29.0
7 32.0 28.0
8 30.0 29.0
9 31.0 28.0
10 29.0 32.0
11 30.0 32.0
12 29.0 31.0
13 28.0 31.0
14 29.0 30.0
15 30.0 30.0
16 29.0 29.0
17 30.0 28.0
18 28.0 30.0
19 29.0 28.0
20 28.0 28.0
21 30.0 27.0
22 30.0 26.0
23 31.0 26.0
24 30.0 25.0
25 29.0 25.0
26 29.0 24.0
27 30.0 24.0
28 28.0 26.0
29 29.0 26.0
30 28.0 24.0
31 28.0 32.0
32 27.0 31.0
33 27.0 32.0
34 26.0 29.0
35 27.0 29.0
36 26.0 31.0
37 26.0 32.0
38 26.0 30.0
39 24.0 32.0
40 25.0 32.0
41 25.0 31.0
42 25.0 29.0
43 26.0 28.0
44 24.0 28.0
45 24.0 29.0
46 27.0 28.0
47 28.0 27.0
48 27.0 26.0
49 27.0 25.0
50 28.0 25.0
51 27.0 24.0
52 26.0 26.0
53 26.0 24.0
54 26.0 25.0
55 25.0 28.0
56 25.0 27.0
57 26.0 27.0
58 25.0 26.0
59 24.0 26.0
60 27.0 22.0
61 28.0 22.0
62 27.0 21.0
63 27.0 20.0
64 25.0 24.0
65 26.0 23.0
66 32.0 26.0
67 32.0 27.0
68 25.0 23.0
69 24.0 23.0
70 28.0 19.0
71 28.0 20.0
72 25.0 30.0
73 27.0 19.0
74 28.0 18.0
75 26.0 19.0
76 28.0 16.0
77 28.0 17.0
78 26.0 17.0
79 27.0 17.0
80 26.0 16.0
81 27.0 16.0
82 25.0 18.0
83 26.0 18.0
84 25.0 17.0
85 25.0 16.0
86 23.0 32.0
87 24.0 31.0
88 24.0 30.0
89 23.0 30.0
90 22.0 32.0
91 22.0 31.0
92 23.0 31.0
93 22.0 30.0
94 21.0 32.0
95 20.0 32.0
96 20.0 31.0
97 21.0 31.0
98 21.0 30.0
99 24.0 17.0
100 22.0 28.0
101 22.0 29.0
102 21.0 29.0
103 21.0 28.0
104 24.0 18.0
105 20.0 28.0
106 23.0 27.0
107 24.0 27.0
108 23.0 28.0
109 22.0 27.0
110 23.0 26.0
111 24.0 25.0
112 23.0 25.0
113 22.0 26.0
114 23.0 24.0
115 22.0 25.0
116 20.0 26.0
117 21.0 26.0
118 20.0 24.0
119 21.0 24.0
120 20.0 25.0
121 19.0 32.0
122 19.0 31.0
123 20.0 30.0
124 18.0 32.0
125 18.0 31.0
126 19.0 30.0
127 18.0 30.0
128 31.0 32.0
129 19.0 29.0
130 18.0 29.0
131 19.0 28.0
132 17.0 32.0
133 28.0 29.0
134 17.0 31.0
135 16.0 32.0
136 18.0 28.0
137 16.0 30.0
138 16.0 31.0
139 17.0 30.0
140 16.0 29.0
141 17.0 29.0
142 16.0 28.0
143 17.0 28.0
144 24.0 24.0
145 23.0 23.0
146 24.0 22.0
147 22.0 24.0
148 22.0 23.0
149 23.0 21.0
150 24.0 21.0
151 22.0 21.0
152 22.0 22.0
153 21.0 21.0
154 20.0 22.0
155 21.0 22.0
156 21.0 20.0
157 23.0 20.0
158 24.0 20.0
159 24.0 19.0
160 23.0 19.0
161 23.0 18.0
162 27.0 27.0
163 24.0 16.0
164 23.0 16.0
165 22.0 18.0
166 31.0 27.0
167 22.0 17.0
168 23.0 17.0
169 22.0 16.0
170 22.0 19.0
171 22.0 20.0
172 21.0 19.0
173 20.0 20.0
174 21.0 18.0
175 21.0 17.0
176 20.0 23.0
177 18.0 24.0
178 19.0 24.0
179 18.0 23.0
180 19.0 23.0
181 19.0 22.0
182 20.0 21.0
183 19.0 21.0
184 17.0 24.0
185 17.0 23.0
186 18.0 22.0
187 26.0 21.0
188 26.0 22.0
189 16.0 23.0
190 16.0 24.0
191 17.0 22.0
192 17.0 21.0
193 18.0 21.0
194 19.0 20.0
195 19.0 19.0
196 20.0 19.0
197 19.0 18.0
198 20.0 18.0
199 31.0 30.0
200 18.0 18.0
201 18.0 17.0
202 17.0 17.0
203 17.0 16.0
204 18.0 16.0
205 27.0 18.0
206 23.0 22.0
207 28.0 15.0
208 20.0 29.0
209 32.0 32.0
210 26.0 20.0
211 27.0 30.0
212 20.0 16.0
213 21.0 16.0
214 18.0 20.0
215 21.0 25.0
216 28.0 21.0
217 20.0 17.0
218 26.0 15.0
219 25.0 15.0
220 29.0 16.0
221 18.0 19.0
222 16.0 22.0
223 25.0 22.0
224 17.0 18.0
225 24.0 14.0
226 24.0 15.0
227 25.0 14.0
228 26.0 14.0
229 32.0 24.0
230 32.0 22.0
231 30.0 22.0
232 30.0 20.0
233 32.0 20.0
234 24.0 12.0
235 32.0 16.0
236 0.0 32.0
212 217 1
212 213 1
204 212 2
203 204 1
201 204 1
201 202 1
200 224 1
200 221 1
200 201 1
198 217 1
197 200 1
197 198 1
196 198 1
195 197 1
195 196 1
193 214 1
192 193 1
191 222 1
191 192 1
189 222 1
189 190 1
188 223 1
187 210 1
187 188 1
186 193 1
186 191 1
185 191 1
185 189 1
184 190 1
184 185 1
183 193 1
183 194 1
182 183 1
181 186 1
181 183 1
180 181 1
179 186 1
179 185 1
179 180 1
178 180 1
177 179 1
177 184 1
177 178 1
176 180 1
175 217 1
175 213 1
174 198 1
174 175 1
173 182 1
173 196 1
172 196 1
172 174 1
170 172 1
170 171 1
169 213 1
167 169 1
167 175 1
167 168 1
165 170 1
165 167 1
165 174 1
164 169 1
164 168 1
163 226 1
163 164 1
161 168 1
161 165 1
160 170 1
160 161 1
159 160 1
158 210 2
158 159 1
157 160 1
157 171 1
157 158 1
156 172 1
156 173 1
156 171 1
154 182 1
154 176 1
154 181 1
154 155 1
153 182 1
153 156 1
153 155 1
152 155 1
152 206 1
151 171 1
151 153 1
151 152 1
150 158 1
149 157 1
149 151 1
149 206 1
149 150 1
148 152 1
147 148 1
146 206 1
146 223 1
146 150 1
145 206 1
145 148 1
142 190 4
142 143 1
141 143 1
140 142 1
140 141 1
139 141 1
137 140 1
137 139 1
137 138 1
136 143 1
135 236 16
135 138 1
134 138 1
134 139 1
132 134 1
132 135 1
131 136 1
130 141 1
130 136 1
129 131 1
129 208 1
129 130 1
128 209 1
59 111 1
59 110 1
59 107 1
58 59 1
57 162 1
56 107 1
56 58 1
56 57 1
55 56 1
53 65 1
53 64 1
53 54 1
52 58 1
52 54 1
52 57 1
51 53 1
219 227 1
219 226 1
49 51 1
49 54 1
49 50 1
48 49 1
48 162 1
48 52 1
47 162 1
46 162 1
218 219 1
218 228 1
45 88 1
44 108 1
44 107 1
44 55 1
44 45 1
43 57 1
43 46 1
43 55 1
42 45 1
42 55 1
42 72 1
41 87 1
41 72 1
40 41 1
39 87 1
39 86 1
39 40 1
38 211 1
38 72 1
37 40 1
36 41 1
36 38 1
36 37 1
35 46 1
35 211 1
35 133 1
34 43 1
34 42 1
34 38 1
34 35 1
33 37 1
32 211 1
32 36 1
32 33 1
31 33 1
30 61 2
30 50 1
30 51 1
13 32 1
13 18 1
13 31 1
12 14 1
12 13 1
11 128 1
10 31 1
10 12 1
10 11 1
9 166 1
9 17 1
8 17 1
8 16 1
8 15 1
7 67 1
7 9 1
6 199 1
6 9 1
6 8 1
5 7 1
5 6 1
4 15 1
4 12 1
4 11 1
3 199 1
3 5 1
2 209 1
2 3 1
1 128 1
1 199 1
1 4 1
1 2 1
14 16 1
14 18 1
14 15 1
15 199 1
16 133 1
16 19 1
17 19 1
17 21 1
18 133 1
18 211 1
19 20 1
20 133 1
20 47 1
20 46 1
21 166 1
21 22 1
22 29 1
22 24 1
22 23 1
23 166 1
23 66 1
24 27 1
24 25 1
25 26 1
25 50 1
25 29 1
26 30 1
26 27 1
27 231 2
27 229 2
28 47 1
28 50 1
28 48 1
28 29 1
60 188 1
60 62 1
60 61 1
61 231 2
61 216 1
62 187 1
62 216 1
62 63 1
63 71 1
63 210 1
63 73 1
64 144 1
64 68 1
65 188 1
65 68 1
66 229 2
66 67 1
67 166 1
68 223 1
68 69 1
69 146 1
69 145 1
69 144 1
70 74 1
70 73 1
70 71 1
71 232 2
71 216 1
72 88 1
73 205 1
73 75 1
225 234 2
225 227 1
225 226 1
74 205 1
74 77 1
75 83 1
75 210 1
76 81 1
76 220 1
76 207 1
76 77 1
77 79 1
78 80 1
78 84 1
78 83 1
78 79 1
79 81 1
79 205 1
80 85 1
80 218 1
80 81 1
82 84 1
82 104 1
82 83 1
83 205 1
84 99 1
84 85 1
85 163 1
85 219 1
86 92 1
86 90 1
87 92 1
87 88 1
88 89 1
89 93 1
89 92 1
90 91 1
90 94 1
91 97 1
91 93 1
91 92 1
93 101 1
93 98 1
94 97 1
94 95 1
95 96 1
95 121 1
96 122 1
96 123 1
96 97 1
97 98 1
98 123 1
98 102 1
99 168 1
99 104 1
99 163 1
100 103 1
100 109 1
100 108 1
100 101 1
101 102 1
102 208 1
102 103 1
103 105 1
229 230 2
104 161 1
104 159 1
230 233 2
230 231 2
105 116 2
105 131 1
105 208 1
231 232 2
106 108 1
106 109 1
106 110 1
106 107 1
232 233 2
233 235 4
109 113 1
110 112 1
110 113 1
111 144 1
111 112 1
112 115 1
112 114 1
113 117 1
113 115 1
114 144 1
114 145 1
114 147 1
115 147 1
115 215 1
116 120 1
116 117 1
117 215 1
118 178 1
118 176 1
118 120 1
118 119 1
119 147 1
119 215 1
120 215 1
121 122 1
121 124 1
122 126 1
122 125 1
123 126 1
123 208 1
124 125 1
124 132 1
125 127 1
125 134 1
126 129 1
126 127 1
127 139 1
127 130 1
1
106 59 3 1 2 3
252
1 2 816 226 0.9996756034666221 0.13361302511852924 0
21 438 0 439 596900 465 764227 490 697419 515 1061245 541 1444113 567 1487977 592 1978105 617 1543444 643 1147149 669 1022423 694 1185360 719 1573370 745 1441727 771 958679 796 767837 821 524137 847 400956 873 325228 898 402616 899 0
0
2 1 1344 33 0.99370912182199 0.05291524292685527 0
23 434 0 435 658673 460 520940 485 675767 511 1581188 536 1656740 561 1340490 586 1542169 611 1302097 637 1490414 662 965536 687 915163 712 799797 737 608843 763 690097 788 601994 813 388393 838 495873 863 598188 889 1494666 914 1736213 939 2194192 940 0
0
3 2 952 111 0.984349604321265 0.05989896095915337 0
11 468 0 469 1032377 495 1639118 521 1148735 547 1503816 573 1078910 598 1307556 624 1270899 650 738336 676 1879103 677 0
1 2
4 3 765 98 0.9970813311860253 0.010047489780914682 0
25 293 0 294 918634 319 842170 345 1021623 371 819428 396 955823 421 1010866 447 1160885 473 1025779 498 894070 523 919844 549 1851928 575 1974043 600 1790742 625 2272187 651 2043854 677 3835390 702 3121443 727 2751693 753 2413254 779 2217083 804 2188234 829 1729378 855 1426910 856 0
0
5 2 650 127 0.9969098529451755 0.08614543726759992 0
16 671 0 672 1604663 696 750394 720 800164 744 659818 769 1440267 793 1579055 817 1073766 841 1287842 865 1135522 889 1649419 914 1161826 938 922678 962 462887 986 424372 987 0
1 4
6 3 1337 184 0.9817496304974391 0.0854729482840474 1
20 201 0 202 2008470 226 1361831 250 2682190 275 2789454 299 3191190 323 3214055 347 2247525 372 1700861 396 1557662 420 1462346 444 1974311 469 1897477 493 1437888 517 1877165 541 1390288 566 864662 590 1000967 614 1031640 615 0
2 4 5
7 3 811 56 0.9986811513112054 0.02327931192125685 0
42 18 0 19 716644 44 580797 69 528053 94 532530 118 798895 143 1312953 168 2213269 193 1279467 218 756132 243 742864 268 462444 293 486773 317 568744 342 626029 367 763171 392 536023 417 527059 442 991837 467 1507298 492 1088432 516 807614 541 1283897 566 1108605 591 797688 616 730642 641 569283 666 417316 691 611664 715 691007 740 1132924 765 1509978 790 2175201 815 1878123 840 2128399 865 2898006 890 3405784 914 3633903 939 3271891 964 1709559 989 1401700 990 0
0
8 3 872 57 0.9918579060848739 0.07351006024834496 0
11 742 0 743 1402570 768 1389776 793 2663820 818 2670307 843 2058677 869 1587660 894 1308707 919 1260542 944 863145 945 0
0
9 2 1359 18 0.9883929010242012 0.08436098480944451 0
34 170 0 171 3500898 196 5223053 220 5176068 245 4410352 270 3041446 295 2826438 319 1559209 344 1548191 369 1197785 393 1509770 418 779072 443 816036 468 829155 492 449475 517 307070 542 306820 566 211670 591 295720 616 176899 640 150704 665 176529 690 97509 715 114525 739 126446 764 153091 789 123366 813 109413 838 138147 863 155545 888 148727 912 109128 937 165941 938 0
1 8
10 2 1186 13 0.9862107509009997 0.006622612380754689 0
20 227 0 228 1772037 254 916884 279 893125 305 947988 330 2042509 356 1798762 381 1526401 407 2027769 432 1619890 458 1605768 483 2147217 509 3507980 534 2734533 560 2942678 585 2028394 611 1289339 636 1172938 662 1848608 663 0
0
11 1 779 94 0.9970201509774647 0.13457936822774436 0
39 74 0 75 180073 100 204325 125 157496 151 79434 176 90048 201 103852 227 113537 252 121532 277 128554 302 212505 327 245730 353 281792 378 253224 403 273908 429 346808 454 639676 479 846513 504 819950 529 1000659 555 910628 580 579140 605 460727 631 260088 656 228324 681 213512 706 379555 731 596246 757 737352 782 548946 807 1037947 833 1370578 858 2315005 883 2965323 908 3216308 933 3459163 959 3825019 984 3343834 985 0
2 10 9
12 2 808 16 0.9831047086320682 0.09301504023041825 0
18 119 0 120 1436871 145 2164917 169 1199228 194 1668405 219 2995627 243 2902562 268 1980336 293 1985034 317 1334881 342 1020273 367 1516473 391 1126315 416 1375916 441 1602111 465 2614599 490 2717766 491 0
0
13 1 776 82 0.984984549657642 0.008637080390537255 0
15 670 0 671 3367195 696 2647361 721 2266752 745 1377906 770 1338941 795 706360 820 549982 845 576499 870 351045 895 292406 919 326302 944 259968 969 98300 970 0
1 12
14 1 861 91 0.9979847662828389 0.14884950363388805 0
28 348 0 349 2026112 374 1997237 399 2731059 423 2151975 448 1842377 473 1157547 498 1392812 522 1491245 547 2202503 572 1612942 597 1612762 621 1081261 646 1141257 671 849485 696 886010 720 985029 745 877093 770 682876 795 618115 819 815061 844 1118511 869 994315 894 1955452 918 1597895 943 1848679 968 3017027 969 0
0
15 2 847 190 0.992379139900709 0.11889290196856682 0
20 134 0 135 1460703 160 1446450 185 2775809 210 2212925 235 1786177 260 3133852 285 1763459 310 1601282 335 1037394 359 920227 384 423930 409 367971 434 447288 459 632714 484 853872 509 625294 534 709296 559 1223509 560 0
1 14
16 3 780 48 0.9872672523565177 0.11093859330714699 0
40 41 0 42 322356 67 419526 92 372151 117 458439 142 439129 167 439610 192 369237 218 377306 243 503850 268 298840 293 257119 318 367901 343 249330 368 563630 393 505029 418 820938 443 1136889 468 1129833 493 1629746 519 3013107 544 2579998 569 2459107 594 2632880 619 2771562 644 2429945 669 1689892 694 1731737 719 1763303 744 1602076 769 1636638 794 2470284 820 2858901 845 2286007 870 2065265 895 1834800 920 935258 945 747227 970 390893 971 0
1 14
17 1 1128 209 0.9895674647993487 0.14442665503569588 0
31 8 0 9 1521608 34 1251723 60 927225 85 1221682 111 1961254 136 1716328 161 1873387 187 1856459 212 1459255 238 930030 263 922223 288 1314321 314 887887 339 704400 365 935772 390 890954 415 1806568 441 2470799 466 2041209 491 2278061 517 1904220 542 1663902 568 1960310 593 2049469 618 1789454 644 3012558 669 3333742 695 2657103 720 1799663 721 0
0
18 3 899 73 0.9982885552615391 0.06062645775638855 0
23 309 0 310 662663 335 1103824 361 1466352 386 1248594 411 1257642 437 1268047 462 1324519 487 1361111 513 1447075 538 1434021 563 819630 589 789322 614 901666 640 916921 665 1103898 690 1389383 716 1555569 741 1740282 766 1378164 792 903989 817 570928 818 0
3 17 19 20
19 2 1290 230 0.980834909378996 0.14692382323941072 0
10 46 0 47 788697 70 721583 93 898760 116 850994 140 832453 163 1533294 186 1416766 209 1220708 210 0
0
20 3 977 159 0.9996890464934886 0.07184193193083883 0
32 79 0 80 3061232 105 3086564 130 1876539 156 1827582 181 2737559 206 3598435 231 2041200 256 1780179 282 1632769 307 1754766 332 1867402 357 2253660 382 1600462 408 1302382 433 1176425 458 641090 483 706955 509 894161 534 787143 559 380591 584 559160 609 888934 635 1368855 660 2404540 685 1594554 710 1702361 735 2097799 761 1182298 786 1773429 811 1022322 812 0
0
21 3 690 210 0.9890607548964533 0.012391791593124674 0
28 222 0 223 348995 248 290346 274 315661 299 880654 324 492460 349 362253 375 453799 400 542188 425 448717 451 792733 476 574951 501 228541 526 425038 552 520785 577 725823 602 886289 627 419653 653 558821 678 895411 703 1612562 729 1570532 754 2163936 779 1844288 804 2063031 830 4141581 855 5085966 856 0
0
22 2 1212 108 0.994810780035999 0.09783865497376391 0
22 186 0 187 2257126 212 1448832 236 2019407 261 1955058 286 1932706 310 1432172 335 1485673 360 1654071 384 1532329 409 972562 434 1333623 459 1684884 483 1803373 508 1940080 533 1387439 557 1427381 582 1083930 607 731404 631 995243 656 915619 657 0
1 21
23 3 1028 164 0.9984692558117213 0.06260276202170677 0
27 141 0 142 2449210 167 3415444 191 3628935 216 2951076 241 1796015 266 1705873 291 1217393 315 687875 340 774192 365 429441 389 256747 414 303058 439 512757 464 659394 489 861227 513 871311 538 1512363 563 1844536 587 1626676 612 1148631 637 1424824 662 1589233 687 1334084 711 919354 736 400354 737 0
0
24 2 843 66 0.9986312584574883 0.0959666843051057 0
11 724 0 725 1082025 751 2849248 777 2940900 803 2495414 829 2124505 855 1809595 881 1214196 907 883457 933 1135597 934 0
1 23
25 3 1352 14 0.9839831092284343 0.08880440235127461 0
16 269 0 270 2622905 295 2412514 319 2339651 344 2731146 368 1402448 393 1149972 418 1306074 442 1264768 467 1048435 492 1401714 516 1657694 541 1194102 565 1004145 590 991940 591 0
0
26 1 1255 161 0.9824866239174946 0.14010561390243917 0
15 617 0 618 2524464 642 2642892 666 1616684 690 1050298 714 983903 738 846214 761 533977 785 561711 809 820944 833 1316889 857 889782 881 1073458 905 687756 906 0
0
27 2 1441 26 0.9838883505657684 0.06025087298370019 0
10 373 0 374 1244194 400 1079425 427 913290 453 1640722 479 962155 505 937192 532 639990 558 528275 559 0
0
28 3 1396 161 0.9809220204601533 0.06527276702497643 0
27 324 0 325 33729 350 36596 375 42554 399 67311 424 38171 449 42669 473 53865 498 69412 523 120018 548 49410 573 32477 597 51358 622 104928 647 129989 671 148230 696 291072 721 775361 746 1396388 771 1122496 795 1286696 820 1658506 845 1582806 869 2948037 894 3414581 919 3297956 920 0
2 27 29
29 3 1352 206 0.9922863751789625 0.06739026977137826 0
22 309 0 310 2016607 335 1448815 360 1547204 386 1591076 411 1384385 436 1028844 461 812066 486 1110598 512 1623332 537 2315510 562 3072496 587 2171519 613 888623 638 670192 663 908229 688 2244594 713 1844244 739 2718004 764 2067371 789 2460131 790 0
0
30 3 1477 206 0.9808150045187999 0.11196117560962894 0
18 305 0 306 1115928 331 841704 356 1357966 381 1072630 406 1833596 431 1917514 456 2339376 481 1784789 505 3631434 530 2515762 555 2166829 580 2695326 605 2775969 630 1437156 655 1094269 680 499986 681 0
2 29 28
31 1 1027 87 0.9958376696104889 0.1430020056131889 0
18 603 0 604 1584378 629 1638494 655 1054915 680 1435484 706 1385029 731 1923013 757 1464785 782 919888 808 1262384 833 1161665 859 1472160 884 1437241 910 800385 935 385656 961 546482 986 561718 987 0
0
32 2 702 51 0.9858752465269988 0.09666435430758635 0
41 16 0 17 3414759 42 4029833 67 4090697 92 3389815 117 5431061 142 4152854 167 2719884 192 2376633 217 1706661 242 1520288 268 1605943 293 1112780 318 778759 343 991345 368 879751 393 675828 418 416485 443 433686 468 559612 493 596207 518 656438 543 597815 568 455449 593 288260 618 226715 643 143973 668 140898 693 125426 718 132578 744 169982 769 203574 794 123902 819 126349 844 252257 869 296240 894 219127 919 175071 944 159123 969 195697 970 0
1 31
33 2 1396 7 0.994750523774801 0.10918387182435016 0
24 152 0 153 860313 177 529544 202 787764 226 823326 251 1152092 275 1271387 300 1079193 324 969686 349 522899 373 646423 398 632342 422 516206 447 469932 471 757830 496 852987 520 1789794 545 2590423 569 2680287 594 1961616 618 1975406 643 1853619 667 1710690 668 0
0
34 1 833 185 0.9841550193587157 0.06347822655604048 0
42 17 0 18 344958 43 257703 68 224958 93 329137 118 369073 143 220486 168 414679 193 760990 218 1027673 243 1066041 268 914415 293 1635154 318 1804251 343 1069581 368 579851 393 375935 418 470254 443 447979 468 837701 493 929605 517 1433436 542 1086672 567 1379806 592 1480864 617 1888764 642 1669274 667 1482573 692 1872886 717 2290476 742 2289048 767 1786251 792 1444233 817 1276957 842 1751930 867 2145638 892 3193225 917 1700271 942 631446 967 560289 992 282013 993 0
1 33
35 1 903 201 0.9803370643610756 0.026945080869833094 0
41 1 0 2 20852 27 31569 52 19762 77 28700 103 31924 128 54708 153 65527 178 93318 203 97895 228 181885 254 166507 279 119363 304 94708 329 112896 354 119238 379 285061 405 330601 430 415538 455 589229 480 874070 505 732271 530 656691 555 787527 581 987826 606 1066197 631 1302644 656 1210456 681 1399442 706 1401757 732 1488579 757 1611914 782 1564158 807 1631570 832 2415424 857 3498839 883 4320884 908 4041620 933 5127710 958 4895701 959 0
2 33 34
36 1 1262 22 0.9857529357579893 0.12998345142213155 0
30 208 0 209 203293 234 227620 258 359580 283 700879 308 1055662 332 910053 357 701541 381 687548 406 562741 431 274455 455 233810 480 221066 505 192630 529 171330 554 243500 578 291249 603 410555 628 621451 652 517703 677 391720 702 254503 726 584669 751 827102 775 1173340 800 1100433 825 1129722 849 2379572 874 4300635 875 0
0
37 2 696 34 0.9885433153379976 0.08132291272079299 0
17 636 0 637 876882 663 735560 688 825244 714 583301 739 716817 765 514335 790 612321 816 989875 842 1787596 867 2189392 893 3747995 918 2828633 944 2223051 969 1620420 995 1398143 996 0
1 36
38 1 1136 103 0.9910876297212617 0.10990628063019021 0
9 201 0 202 1161843 227 979133 252 1341010 277 1553221 302 1528388 327 1360024 352 2001271 353 0
1 36
39 3 614 178 0.9817691113464273 0.03985206494377633 0
23 32 0 33 851283 58 568310 83 372397 108 318079 133 561067 158 592985 183 497409 208 460938 233 977242 258 1322849 283 1444897 307 1249710 332 1123586 357 1279085 382 1303377 407 1895753 432 3057108 457 3059563 482 3346584 507 2999971 532 3723989 533 0
0
40 3 1099 113 0.9918071261383962 0.052009614978351985 0
9 231 0 232 1583291 256 2260480 280 1941918 303 1478658 327 1661125 351 1916324 375 1861768 376 0
1 39
41 1 539 230 0.9976089130286967 0.0378590018298151 0
12 3 0 4 2001571 30 1171052 56 1644518 81 2561031 107 1676188 133 1158235 159 1884424 184 1569685 210 1354516 236 1745671 237 0
2 39 40
42 1 604 61 0.9900614371088505 0.0867968828727696 0
35 139 0 140 326514 165 255362 190 335554 215 1026684 241 1199212 266 1381560 291 949367 316 776142 341 943435 366 1219160 391 1372742 416 1690939 441 1595190 467 2069743 492 3362796 517 3750973 542 2763470 567 1527844 592 1056684 617 804784 643 576954 668 515925 693 620771 718 548157 743 415151 768 436711 793 335857 818 296299 843 279795 869 352863 894 359741 919 475545 944 311987 945 0
0
43 3 1461 176 0.9961986003855634 0.10108725273478372 0
10 215 0 216 600387 241 885916 267 1165964 292 1567239 317 1446859 342 1274222 368 1274431 393 948311 394 0
1 42
44 3 1393 144 0.9805616283309654 0.06337229427248688 0
29 106 0 107 2131468 132 1586269 157 1764085 182 1778445 207 1611452 232 1387387 257 1385739 282 1192134 307 1843379 332 1040532 357 852829 382 1045953 407 747709 433 659588 458 603643 483 595868 508 842227 533 2465363 558 1742278 583 2423081 608 1469007 633 1005770 658 558893 683 641293 708 439207 733 622929 758 1280557 759 0
0
45 2 1209 81 0.9933049396531308 0.05795897643192646 0
24 122 0 123 1638545 148 906130 174 891336 199 1681941 225 1624365 250 816913 276 722762 301 505293 326 1328710 352 1046822 377 1421297 403 1554679 428 973266 454 720598 479 799955 504 509148 530 626518 555 835982 581 662585 606 508728 632 242650 657 78648 658 0
1 44
46 1 1412 173 0.999308429553334 0.03695005061918545 0
10 570 0 571 1573581 595 1256201 620 1643406 644 1439377 668 1844141 692 1712280 717 1804661 741 1546007 742 0
0
47 3 676 18 0.9939626873862327 0.06405010092770318 0
34 105 0 106 2598537 131 2223281 156 3110602 182 1151117 207 1014489 232 1804427 257 1339743 283 930670 308 1464006 333 1127566 358 938972 383 1228441 409 1514354 434 1131987 459 1258491 484 1116130 510 1220910 535 718789 560 1072170 585 1145982 611 1301453 636 1154629 661 1309840 686 874886 711 790662 737 528632 762 545238 787 408488 812 586010 838 466753 863 619029 888 1056400 889 0
1 46
48 3 1131 188 0.9934976297688697 0.06321446747309498 0
41 47 0 48 1798794 73 2225558 98 3157433 123 1957684 148 2589545 173 2643795 198 1893854 223 1588784 248 1526480 273 1198382 298 1586386 323 982247 348 826151 373 919023 398 896957 423 1473230 448 1735741 473 1127925 498 1042576 523 1012916 548 1066622 573 887183 598 708685 623 628443 648 584779 673 718339 698 619679 723 391549 748 455283 773 733967 798 742265 823 876793 848 510383 873 348704 898 327382 923 381781 948 333447 973 230679 998 264720 999 0
0
49 1 1044 44 0.990624535286984 0.0115892151825017 0
24 276 0 277 2262944 301 2263270 326 1772807 350 1293160 375 1598207 399 1825808 423 1780220 448 1392087 472 1704872 496 1157510 521 1285949 545 864781 570 1489602 594 1710683 618 3456813 643 2670116 667 1565060 691 1970263 716 2654830 740 2112906 765 2761069 789 2275164 790 0
2 48 50
50 2 1331 70 0.9923006595482889 0.08296659760977741 0
13 450 0 451 633945 475 581117 500 1175706 525 1219688 549 919131 573 754565 598 1026177 623 1528488 647 3091797 671 2959046 696 2271515 697 0
0
51 3 1193 177 0.9930192610826087 0.07736861110267503 0
15 40 0 41 99733 65 119772 90 185781 115 253738 139 405404 163 913128 188 1071700 213 908554 237 1366594 261 1983024 286 2624930 311 2664099 335 1847206 336 0
0
52 1 550 87 0.9802577464176031 0.025329423260015502 0
21 543 0 544 2999680 568 4293561 593 3775441 617 1815075 642 1458965 666 3179134 691 1510077 715 789091 740 469613 764 641623 788 693359 813 494879 837 437943 862 503999 886 390552 911 208177 935 199284 960 175847 984 162087 985 0
2 51 53
53 3 1006 61 0.9863519470144951 0.025583124446854538 0
14 293 0 294 2227198 319 2903608 345 2121582 370 2691041 396 1082692 421 1312904 447 1133121 472 981277 498 1305986 523 1529687 549 1378055 574 838041 575 0
0
54 1 1272 149 0.9862218547892727 0.004347960177581994 0
32 161 0 162 76110 187 74355 212 99963 237 75678 262 82517 287 87404 312 77178 337 188476 362 272729 387 311801 412 477129 437 916086 462 1252479 487 1236006 512 881744 537 635710 562 1077936 587 1129056 612 926732 637 527588 662 673525 687 744276 712 1417242 737 1415332 762 2456149 787 2807395 812 1625510 837 1080750 862 1774505 887 1269710 888 0
0
55 3 1091 154 0.9983420640095411 0.10148710964156948 0
32 177 0 178 1164217 203 2366814 228 1465357 253 1282487 278 1159710 303 730719 328 566313 353 785628 378 855990 403 567173 428 835666 453 764263 478 777103 503 680639 528 1175538 553 684270 578 683806 603 1178760 628 1309617 653 875955 678 1107412 703 763142 728 637338 753 653444 778 729040 803 589914 828 684700 853 1054430 878 1573283 903 1616520 904 0
1 54
56 3 589 29 0.9948890290083743 0.04154204642002366 0
12 322 0 323 4197177 348 2126262 373 1873993 398 1238435 423 1191526 447 1793005 472 1360593 497 1215765 522 1061448 547 1469987 548 0
2 54 55
57 2 1284 41 0.9962283975679455 0.050003455853695415 0
8 446 0 447 447016 470 734647 493 977059 517 826402 540 1737193 563 2426040 564 0
2 54 56
58 2 949 204 0.9926054622187339 0.14309059620104614 0
36 151 0 152 235997 177 433576 201 429747 226 633638 251 358602 275 225596 300 231069 325 445100 349 509762 374 825262 399 537415 423 324798 448 424742 473 999099 497 1063623 522 1466199 547 1842302 571 2819702 596 1704606 621 869919 645 921118 670 1149480 695 722477 719 952391 744 1366239 769 856700 793 1032145 818 771942 843 1546283 867 847893 892 1003960 917 673991 941 576880 966 1009650 967 0
0
59 1 1449 217 0.9843539125216908 0.05480060723884833 0
29 60 0 61 2728844 86 2359141 111 1627427 136 2763485 161 2419420 186 1881222 211 2308197 236 2361205 261 2363217 286 1501213 311 2306544 336 1967933 361 1146962 385 1395467 410 1008140 435 670164 460 958479 485 791528 510 847782 535 745626 560 916124 585 556972 610 773199 635 710366 660 706956 685 806957 710 707189 711 0
2 58 60
60 1 647 208 0.9838557637010362 0.07063242789201211 0
37 24 0 25 503780 50 355880 76 318392 101 349934 126 229012 151 337407 177 443029 202 345953 227 452132 252 730302 278 848010 303 509734 328 485492 353 453954 379 553851 404 669243 429 592716 455 765796 480 1035877 505 1011282 530 784636 556 1477829 581 1984454 606 1488734 631 1724833 657 2978967 682 1635978 707 1257072 732 1294521 758 1953533 783 3027462 808 2583875 833 2023924 859 1724365 884 2068108 885 0
0
61 3 717 223 0.9910398368535206 0.09309066926582187 0
25 360 0 361 893808 386 859220 411 972801 436 1120108 461 1572780 486 1720799 512 2320445 537 2257276 562 2921913 587 2349775 612 3263803 637 2380765 662 1602055 687 1033919 712 1254902 737 850612 762 458031 788 533572 813 744489 838 784201 863 580320 888 1257533 913 1006204 914 0
0
62 1 1183 93 0.9839073195908825 0.1388694729121216 0
43 5 0 6 116276 31 155042 56 162438 80 215305 105 117696 130 146776 155 94633 180 141959 205 157816 229 170413 254 223284 279 154025 304 309263 329 239044 354 176563 378 307697 403 287828 428 373276 453 318626 478 618831 503 447550 527 341365 552 451386 577 510026 602 297498 627 473577 651 521944 676 654808 701 626010 726 582272 751 1007940 776 1131341 800 1034803 825 796040 850 1329556 875 1444399 900 3135487 925 1968027 949 1935667 974 2615819 999 2391573 1000 0
0
63 2 984 85 0.9856480282617633 0.10645617967862603 0
27 214 0 215 445114 240 1151520 265 1800706 289 2430785 314 2191619 339 2270299 364 1964159 389 1756991 413 2599770 438 3823965 463 2319121 488 1145291 513 1667532 537 3251481 562 2952105 587 1998616 612 1243299 636 892011 661 924805 686 1018152 711 850248 736 725144 760 534030 785 475596 810 330713 811 0
0
64 1 594 208 0.9839988990121511 0.04759973637990746 0
22 315 0 316 3727099 341 1562788 366 1122391 391 1162404 416 1336706 441 1177584 466 1233964 491 707656 516 751529 541 705802 566 517783 591 1063595 616 1325516 641 1086790 666 395288 691 242243 716 243329 741 168171 766 174898 791 175988 792 0
0
65 1 652 77 0.9918395864058597 0.0028842902076130993 0
8 873 0 874 1544485 898 1418081 922 1209801 945 971240 969 668752 993 1541181 994 0
1 64
66 1 1189 46 0.9988882555556184 0.09529608968586943 0
7 565 0 566 1534923 592 2242707 617 1493500 643 1431496 669 1475406 670 0
1 65
67 2 1460 191 0.9945963444460085 0.05564536571623128 0
28 269 0 270 1761016 295 1466591 319 1262629 344 837348 368 1531244 393 1809477 417 2512670 442 1492795 466 766855 491 561019 515 477805 540 730630 564 492737 589 782789 613 1129913 638 754912 662 476463 687 363705 711 540662 736 1007423 760 907656 785 881108 809 878919 834 961376 858 722147 883 498918 884 0
0
68 3 861 180 0.9880572521456034 0.030393372264822836 0
30 259 0 260 677796 285 686854 311 857845 336 1407691 361 1958238 387 2897783 412 2091473 438 1364878 463 1562018 488 1381254 514 1008615 539 899275 564 1054454 590 1381248 615 2272035 641 1056859 666 718604 691 1199631 717 1185610 742 1395469 767 1327931 793 2141658 818 2046605 844 1644469 869 1473985 894 2048798 920 2252476 945 2006702 946 0
0
69 2 899 6 0.9892005125817953 0.05797206361573342 0
21 1 0 2 2540111 27 1631664 51 1461842 76 813754 101 606095 125 1128009 150 867672 175 650365 199 619870 224 520312 249 287639 273 484723 298 516805 323 750214 347 1284456 372 2485137 397 2237978 421 1873054 446 1167581 447 0
1 68
70 2 1131 194 0.9896545988009283 0.14476421431075942 0
42 3 0 4 1164039 29 1028818 54 1265915 79 1067782 104 1071220 128 1119623 153 833193 178 430485 203 457911 228 530124 253 431771 278 569917 303 1030092 328 896213 353 985833 377 973986 402 838031 427 583339 452 671984 477 791769 502 968332 527 1668762 552 943404 577 854355 602 924451 626 803127 651 987953 676 1798272 701 1997695 726 1390282 751 857810 776 1093807 801 1221186 826 1623658 851 1765562 875 1979558 900 2469627 925 1838863 950 1487563 975 1819044 976 0
0
71 1 1087 110 0.9927580330340561 0.10827332153945067 0
41 31 0 32 2242451 57 1892391 83 1616043 108 1276346 133 1556718 158 1106258 184 1847417 209 2358508 234 2090026 259 1388201 285 1141239 310 1096658 335 1067599 360 858773 386 929558 411 1088396 436 662313 461 441930 487 462993 512 236461 537 267530 563 293282 588 476995 613 348236 638 473987 664 705077 689 563103 714 503121 739 476986 765 502305 790 624310 815 795591 840 1397354 866 1130624 891 1223312 916 1959208 941 3776579 967 3672267 992 3357193 993 0
1 70
72 3 1444 192 0.9997884726690263 0.03578117101860126 0
9 27 0 28 1225895 55 875186 82 1042048 109 1309676 135 1057892 162 1438739 189 1614597 190 0
1 70
73 1 567 206 0.9833044361835953 0.0009662629882869311 0
34 9 0 10 75509 35 99488 60 76307 85 74719 110 63249 135 86021 160 135351 185 157104 211 169374 236 223653 261 141716 286 245960 311 271568 336 267765 361 289050 386 365245 411 555783 436 771987 461 576734 486 952306 511 1063852 536 764285 561 1425701 586 1209152 612 1675326 637 1825924 662 2525207 687 2695074 712 2161552 737 1749434 762 1855767 787 2845143 788 0
3 70 71 72
74 3 564 184 0.9978121177396398 0.0630036716173817 0
25 425 0 426 571832 451 666957 476 823321 501 1231977 526 1754656 551 2248124 576 2440118 601 1366608 626 1574806 651 1642768 676 1335470 701 1094361 727 1200574 752 1149889 777 742458 802 670529 827 1014798 852 1129110 877 790159 902 1323634 927 1135980 952 714017 977 699713 978 0
0
75 1 1415 128 0.9871594577254175 0.08979298233078395 0
34 56 0 57 2673472 82 1855191 107 1499893 132 1785647 156 804657 181 777787 206 401322 231 468023 256 373218 281 443347 306 347106 331 507173 355 403980 380 415497 405 493718 430 330123 455 265386 480 182112 505 190824 530 209460 554 281308 579 384474 604 850562 629 1034249 654 1191133 679 1420060 704 1453414 729 1434345 753 1170624 778 861018 803 625134 828 1204254 829 0
1 74
76 3 1320 168 0.9971400436819915 0.13445314544461506 0
23 77 0 78 79779 103 135047 129 277782 154 367841 179 667559 205 768152 230 572097 255 815794 281 772690 306 526089 331 549525 357 861816 382 942946 408 993540 433 1466433 458 1826285 484 1333259 509 1127645 534 2334567 560 1776332 585 1252868 586 0
2 74 75
77 3 1055 98 0.9914751403118305 0.10117805936067184 0
12 245 0 246 1589274 271 1737554 295 1078158 320 1210618 344 1957208 369 1742839 393 1708322 418 933156 442 1080610 467 1497977 468 0
2 74 75
78 1 664 204 0.9839629072207581 0.0558256570362313 0
26 129 0 130 2353199 155 2262105 180 1290812 205 1477183 230 2076400 255 1444556 280 886450 305 1770211 330 1935489 355 2135927 380 2697183 405 1654217 429 1426830 454 1305836 479 996318 504 1012176 529 784235 554 740324 579 679173 604 596837 629 807489 654 489032 679 517163 704 748647 705 0
0
79 2 1010 45 0.9935960310300699 0.039782633599713436 0
35 172 0 173 1731660 198 2216168 223 2543666 248 2030733 273 1776020 298 2050402 323 1898129 348 1472391 373 996437 397 628872 422 414292 447 279493 472 422477 497 245627 522 152698 547 238525 572 137476 597 99591 622 90113 647 80135 672 121306 697 145110 722 75371 747 69437 771 52291 796 77709 821 111539 846 137525 871 86225 896 70068 921 62649 946 68411 971 76845 972 0
0
80 3 718 34 0.9914901632658049 0.1029784606267196 0
23 391 0 392 1275192 416 1020606 441 1498701 465 1677836 490 1602098 514 1231560 539 2021848 563 1658237 588 2148655 612 2154246 637 1888889 661 1143433 685 1303210 710 1154620 734 1364390 759 1663677 783 1484726 808 912968 832 1156397 857 764918 881 954494 882 0
1 79
81 1 1058 167 0.9988208112156997 0.00031072351228989545 0
17 566 0 567 354135 591 332515 615 450578 639 328759 663 486523 687 623409 711 1032734 735 1352785 760 1481265 784 1769837 808 1405258 832 2166575 856 2724070 880 2536879 904 1427984 905 0
2 79 82
82 3 1375 221 0.99523279731749 0.024620968325596276 0
9 169 0 170 1426215 194 1427889 218 1556429 242 959509 266 1202312 290 949951 314 1206949 315 0
0
83 3 1186 117 0.9821536088356816 0.1299948119769799 0
32 191 0 192 494180 217 640108 241 428704 266 518599 290 873185 315 960763 339 1092051 364 1071626 388 741711 413 425186 438 455083 462 571907 487 446270 511 341386 536 467888 560 872420 585 833374 609 939875 634 1094827 658 1391539 683 1919877 708 3270853 732 1956416 757 1896202 781 1701376 806 2692884 830 3344304 855 4441790 879 3230700 904 3289038 905 0
0
84 2 1387 58 0.9884412313999902 0.06660845325543738 0
18 546 0 547 2825938 572 2669330 597 1465981 621 2215216 646 2913264 671 1812283 696 1842648 721 1963357 745 903939 770 1456808 795 1012896 820 981170 845 629010 869 927786 894 2058538 919 1854893 920 0
1 83
85 2 791 41 0.9833660764723018 0.06920918965253267 0
22 202 0 203 661004 228 665717 254 1346595 279 1347739 305 1215418 330 980703 356 1587406 381 1691789 407 2506391 432 2115751 458 2289546 483 1961129 509 2319453 534 1331271 560 912192 585 1015619 611 1610696 636 2349555 662 1809812 687 1785267 688 0
1 84
86 3 1105 44 0.9913861966091456 0.10090043870563703 0
9 476 0 477 1455878 500 1399932 523 1212735 545 1123405 568 514906 591 477274 614 458469 615 0
0
87 1 1212 194 0.9837446670001861 0.1042375712590363 0
34 54 0 55 175190 80 98771 105 83680 131 86499 156 150618 181 155910 206 182664 231 138153 257 89103 282 147393 307 109863 332 117925 357 170794 383 113264 408 187026 433 185039 458 255965 483 330054 508 372198 534 611147 559 572423 584 926715 609 1971177 634 2388081 660 2780880 685 2267944 710 2752832 735 2391544 760 4523050 786 3869701 811 2814944 836 1409622 837 0
0
88 1 1197 208 0.983365447678413 0.020110044711959336 0
15 530 0 531 1847494 556 2480650 580 1572324 605 2081866 629 1485072 654 1078100 679 1564674 703 1057474 728 1635541 752 2464472 777 2446245 801 1057817 826 1008746 827 0
2 87 89
89 2 1251 144 0.9952031122849689 0.07517426204447065 0
30 280 0 281 617557 306 656107 332 734270 357 996164 382 851969 408 669651 433 436020 458 773472 484 661304 509 692053 534 963878 560 1085212 585 1663685 610 2832439 636 1658942 661 2107887 686 2057732 712 1695952 737 1020124 762 587646 788 719948 813 1283758 838 2429580 864 1731568 889 1177904 914 802724 940 773915 965 1166288 966 0
0
90 1 1385 114 0.9901208187293303 0.010366108256581297 0
14 408 0 409 897364 434 1664431 458 2568295 483 1324275 508 1256541 532 880521 557 988951 581 971660 606 1197812 631 632337 655 923350 680 1059102 681 0
0
91 1 561 24 0.9934977314070945 0.08769543913580284 0
19 509 0 510 990518 536 728198 561 957018 587 1632901 613 2018344 638 2641919 664 1939390 690 2471727 715 1687683 741 1747072 767 1138614 793 1937466 818 1994496 844 1412618 870 1456398 895 1666456 921 1659116 922 0
1 90
92 2 688 32 0.9836347279459243 0.11305013995929845 0
32 239 0 240 5037637 265 4267581 291 4670369 316 3320701 341 2486713 367 2167427 392 1378528 417 1276581 443 867986 468 780651 493 935752 519 507369 544 530846 569 761886 595 769276 620 1011398 646 1294105 671 962135 696 840325 722 883463 747 739223 772 635985 798 430317 823 592932 848 651683 874 383275 899 177973 924 189104 950 205590 975 173434 976 0
0
93 1 576 48 0.9864189544595355 0.12554325940431202 0
23 6 0 7 261823 32 245118 57 275871 82 405790 108 279127 133 526920 158 864867 183 775484 208 649404 233 842728 259 696886 284 1118844 309 1461133 334 1289008 359 966593 384 1577348 409 2040034 435 2829333 460 3766378 485 2490459 510 1894724 511 0
2 92 94
94 2 1478 224 0.9822689866336128 0.03146615884689592 0
36 89 0 90 1321472 115 1246112 140 1894979 164 1540518 189 1683875 214 3054263 239 3167822 263 2022544 288 1861208 313 1701239 338 2114526 362 2043850 387 1874688 412 2468745 437 2260314 461 2574318 486 1937970 511 1733469 536 1271042 560 1522427 585 1970740 610 1895563 635 2409089 659 1973984 684 1671203 709 1685978 734 1388522 758 1370178 783 1342528 808 1853245 833 1839786 857 1477949 882 921892 907 1461082 908 0
0
95 2 796 213 0.9876936355223521 0.11250959721922328 0
20 303 0 304 53228 329 78508 354 114989 379 150488 404 311139 428 281328 453 259446 478 245585 503 259048 528 190513 553 405844 578 487914 603 1170395 627 1043960 652 1113185 677 2188395 702 1667485 727 4111469 728 0
0
96 3 1428 42 0.9871839153584161 0.14842934363128354 0
35 6 0 7 3453820 32 1438585 57 1270646 81 1784641 106 1882051 131 1631137 156 3370052 181 2660735 205 1531448 230 1052579 255 797855 280 777461 305 494278 330 503010 354 536022 379 312901 404 281654 429 308238 454 436480 478 355679 503 361661 528 652042 553 554624 578 568117 603 455977 627 601347 652 718036 677 954525 702 707775 727 966660 751 683622 776 521712 801 294242 802 0
0
97 3 1355 163 0.9996149261696045 0.06558795467666344 0
19 436 0 437 2053665 463 1535719 488 1092161 514 1046220 540 1120647 565 980783 591 2011180 617 1788502 643 3140692 668 4244992 694 2102174 720 2346808 745 1376608 771 843071 797 766764 822 1253683 848 1282629 849 0
1 96
98 3 689 86 0.9834891718230284 0.02904847504515598 0
27 158 0 159 2635688 184 2706872 210 1727424 235 1016366 260 816462 286 659962 311 420133 336 443829 362 474058 387 516981 412 339255 438 288823 463 627706 488 1124796 514 1202680 539 1813727 564 899574 590 1203281 615 791016 640 601997 666 870867 691 649543 716 779362 742 1006015 767 1212861 768 0
0
99 2 525 179 0.986106972414233 0.015042780488763874 0
21 206 0 207 306225 231 541468 256 488341 280 579859 305 722214 329 960382 353 997228 378 1617287 402 2541483 427 1793165 451 2280634 475 2102035 500 1255827 524 1306080 548 787792 573 617157 597 466100 622 289004 646 252037 647 0
1 98
100 2 707 144 0.9897598605319462 0.07683600374473418 0
20 483 0 484 396607 509 833310 535 699520 560 599606 586 550246 611 831462 636 1081361 662 1082961 687 1697309 713 1155296 738 792122 764 802533 789 1411750 814 1797691 840 2397698 865 3566905 891 2259207 916 2679488 917 0
1 99
101 1 1208 220 0.9888180601559163 0.0023366571166624325 0
22 133 0 134 3899964 159 2474971 183 3073381 208 2057120 232 1648516 257 1091189 281 739384 306 955404 331 680363 355 627930 380 636444 404 667390 429 826936 454 946927 478 1038575 503 1130428 527 757707 552 999613 576 792624 601 514809 602 0
0
102 2 824 56 0.9929765946526191 0.02405609714426542 0
18 53 0 54 3397946 78 2523162 102 2530964 126 1871984 151 1814802 175 1407036 199 1099942 223 870645 247 731261 271 710202 295 909621 319 430146 344 367797 368 351723 392 431945 416 501161 417 0
1 101
103 1 1064 90 0.9876188229941365 0.09085279636488895 0
39 62 0 63 329876 88 393737 113 853172 137 640206 162 856034 187 936546 211 1149829 236 647637 261 790858 286 452318 311 473593 335 603930 360 533491 385 689504 409 812195 434 834350 459 1246678 484 715468 509 1069525 533 1218165 558 1180793 583 1240309 607 1680533 632 2209124 657 2507782 682 2382591 707 2443558 731 1731958 756 1882394 781 3539380 805 5062585 830 3832011 855 2287874 880 1843384 905 1641533 929 1396365 954 1778329 955 0
0
104 2 530 158 0.9852661445268464 0.009789442252351387 0
16 72 0 73 3222550 98 1901802 122 1836466 147 2555256 171 2048006 196 1116508 220 1865603 245 1518176 269 978848 294 823837 318 573056 343 944428 367 589378 392 368208 393 0
0
105 3 1037 42 0.9817819897960158 0.12623561762027785 0
13 411 0 412 1124387 436 786396 460 637590 485 601239 509 1307618 533 1339239 557 1210375 581 1368461 606 1864491 630 1926030 654 1507434 655 0
2 104 107
106 1 575 153 0.9922124969667241 0.011806062872819422 0
17 592 0 593 1534880 619 1527435 645 2193787 670 2192133 696 2582359 722 1639013 748 1367443 773 861620 799 858871 825 570641 851 410952 877 398735 902 311026 928 229797 954 321713 955 0
2 104 105
107 3 1338 116 0.9964703888820836 0.07734100425708838 0
40 72 0 73 25448 98 26464 123 24657 147 20313 172 19798 197 27509 222 50845 246 64424 271 82782 296 152974 321 233617 345 335555 370 744948 395 733224 420 875538 444 1122825 469 1770464 494 1281479 519 1563852 543 785753 568 1505975 593 1400545 618 1983237 642 2884282 667 2938929 692 1358163 717 1280511 741 985804 766 872409 791 655463 816 704622 840 1026687 865 667174 890 808251 915 1184100 939 1622941 964 1258558 989 1878591 990 0
0
108 1 1202 186 0.9905067668459567 0.07843965013399953 0
25 229 0 230 1560091 254 1174056 279 2496210 303 3413578 328 3800044 352 3630807 377 2748012 401 2046574 426 2099223 450 2066094 475 1225624 499 812914 523 964580 548 731468 572 504288 597 628716 621 1111052 646 1064047 670 735620 695 447437 719 277790 744 327436 768 306225 769 0
0
109 2 1463 141 0.9865729581704913 0.10073762444485708 0
40 42 0 43 2674863 68 2445157 93 1530107 118 1394964 143 1692222 168 2788398 193 2611415 218 3340398 243 1614306 268 1480690 293 1275657 318 1078570 343 1040913 368 1621544 393 736707 418 1020925 443 1053136 468 1521402 493 676238 519 639514 544 363823 569 440062 594 551509 619 414052 644 328184 669 244320 694 282675 719 201944 744 115574 769 87446 794 65750 819 56299 844 89604 869 87564 894 112681 919 140091 944 116781 969 81033 970 0
2 108 110
110 1 1099 4 0.9945708700281305 0.08975627147109143 0
42 14 0 15 2381772 40 1598082 65 1928784 90 1863968 116 2256785 141 2791144 166 1817254 191 1850448 216 1012240 241 998090 267 951269 292 1263919 317 1147505 342 371524 367 434412 392 367818 417 161763 443 162585 468 166914 493 160335 518 257109 543 283685 568 224225 594 164149 619 164985 644 208904 669 195360 694 166674 719 210436 744 159917 770 269138 795 254251 820 325543 845 415457 870 548227 895 846245 921 934016 946 959422 971 1111531 996 920185 997 0
0
111 2 543 42 0.9821888436776782 0.06184824358761276 0
28 276 0 277 844785 302 991471 327 1328813 352 1499174 377 1161012 402 1059178 427 925456 452 978817 477 780472 502 1059235 527 1384809 552 1252326 577 688386 603 452997 628 329893 653 640611 678 789943 703 1257118 728 1402017 753 1324782 778 2733006 803 1899410 828 1375285 853 1810403 878 2684523 903 1749807 904 0
0
112 3 762 108 0.9868030855114623 0.005286699390538041 0
41 7 0 8 3180348 33 3036616 57 2374399 82 2890276 107 2874444 132 1950088 156 1632366 181 861555 206 1300432 230 1036798 255 1429325 280 1237121 305 1036767 329 956221 354 1397249 379 1756972 403 1125445 428 1080918 453 2006322 477 1228105 502 1484144 527 1849646 552 1763500 576 1652833 601 1354160 626 696219 650 509337 675 496036 700 591425 725 417365 749 404532 774 363140 799 669069 823 586033 848 421205 873 333768 898 201986 922 153078 947 170248 948 0
1 111
113 2 1247 45 0.9949527418267577 0.022070874661818275 0
11 131 0 132 273979 155 352392 179 645183 203 929773 226 946945 249 1381014 273 1247873 297 1568688 320 1283135 321 0
0
114 3 647 205 0.9953067693793792 0.11655930936779664 0
24 237 0 238 3141047 263 1892775 288 1886396 313 1628391 338 1055274 363 1226882 388 1957109 413 830347 438 1609348 463 1290788 488 1609585 514 1036515 539 1166009 564 1695466 589 988972 614 663472 639 343271 664 468109 689 291097 714 277683 739 258452 764 105025 765 0
0
115 3 1132 91 0.9814098447271126 0.0737993270562702 0
22 202 0 203 1017034 227 849784 252 929494 276 648889 300 916257 325 1189042 349 1375661 373 1222021 398 2023398 422 1900464 446 1921503 470 1661535 495 2536853 519 2885430 543 2076038 568 1589133 592 1831937 616 1648168 641 2102248 665 1789492 666 0
0
116 3 1100 137 0.9805495535314505 0.08952180293988973 0
9 365 0 366 2251272 390 1132091 413 1439701 437 1402970 461 2611755 484 2235006 508 2257839 509 0
1 115
117 3 1330 36 0.9898929699783695 0.060653023408574425 0
24 402 0 403 1806786 428 1101633 453 1006908 479 780623 504 1154488 529 1913747 554 1182552 580 1239373 605 1513332 630 1913638 655 2778707 681 2463178 706 1763491 731 1667644 756 1411135 782 1140055 807 1066263 832 650350 857 400842 883 388764 908 643635 933 830623 934 0
0
118 3 601 159 0.9815565746528384 0.12341257212421389 0
41 5 0 6 1026468 31 609224 55 484783 80 701414 105 894607 129 883661 154 825883 179 1041724 203 800246 228 1131627 253 1496322 278 1518540 302 1585563 327 977191 352 2037293 376 2228577 401 1886781 426 1773499 450 2933403 475 1872988 500 1724271 524 1976698 549 2812218 574 2882291 598 3485005 623 3971874 648 2259374 672 1927109 697 1108590 722 1093107 747 894294 771 700069 796 516418 821 450577 845 633026 870 419711 895 664911 919 1021062 944 1727648 945 0
1 117
119 1 724 115 0.9953750976947376 0.11648585103355837 0
30 230 0 231 3467828 256 3306605 281 2545811 307 2250298 332 3431539 357 1850449 382 1456488 408 2006517 433 3996104 458 3330970 483 3639475 508 1731950 534 1361866 559 892941 584 698929 609 671382 635 972814 660 994699 685 640230 710 605466 735 444080 761 278699 786 225917 811 139306 836 162772 862 140607 887 205819 912 301810 913 0
1 117
120 1 952 232 0.9967706383630756 0.14242162495062916 0
41 32 0 33 81048 58 149015 84 293665 109 126808 134 196115 159 174357 185 226917 210 178718 235 180817 261 196478 286 272983 311 251032 336 369659 362 245442 387 143561 412 181872 438 183644 463 220985 488 172538 513 140631 539 217443 564 296488 589 430400 615 453089 640 459250 665 493388 691 505293 716 735882 741 1191758 766 2938768 792 2433912 817 3645930 842 5072269 868 3024269 893 4302844 918 4287876 943 3031149 969 2240071 994 3919394 995 0
2 118 119
121 3 586 156 0.9818734504547565 0.06061125606068766 0
39 73 0 74 493843 99 598464 124 662737 149 657251 175 424824 200 645864 225 1147989 250 961032 275 868625 301 431600 326 347077 351 374736 376 437836 401 495864 426 229434 451 100628 477 189339 502 253909 527 357730 552 346467 577 433514 603 552556 628 622986 653 895481 678 956200 703 715500 728 1049368 753 1934698 779 2902489 804 1435577 829 1361612 854 1377840 879 2361196 905 3752507 930 4042301 955 4713873 980 4307967 981 0
0
122 2 1257 3 0.9931798253501369 0.08033859233383922 0
39 16 0 17 6124059 42 4170525 67 5066773 92 3304223 117 2551694 143 1200825 168 1125826 193 793170 218 418203 243 553958 268 607710 293 819523 318 603096 343 1292583 369 742332 394 907886 419 919247 444 714187 469 858287 494 903425 519 912207 544 443569 569 519254 595 729994 620 1266957 645 956571 670 1172868 695 558141 720 467260 745 441741 770 655520 795 823497 821 826050 846 384413 871 830135 896 1100699 921 1108122 922 0
1 121
123 1 735 43 0.9945221745831345 0.14443235931835804 0
37 85 0 86 2139740 111 3146625 136 2790443 161 1368588 186 1841989 211 2577566 237 1619027 262 1197357 287 1232363 312 813439 337 1095178 362 745838 387 1157771 412 801460 437 450645 462 373737 487 348600 513 656420 538 253815 563 379593 588 576634 613 449668 638 387864 663 385844 688 229957 713 300177 738 342356 763 236881 788 268603 814 321581 839 239233 864 599158 889 728144 914 1296544 939 1046604 940 0
0
124 2 830 183 0.99813132160675 0.08847246029053701 0
36 31 0 32 264830 57 218904 83 232745 108 323796 133 201585 159 209810 184 184249 209 140224 234 170295 260 103811 285 147490 310 328209 336 504589 361 403881 386 235562 412 630510 437 353637 462 339096 487 490313 513 837856 538 582107 563 610756 589 1313445 614 1637580 639 2815394 665 1905042 690 2325359 715 988617 740 2156572 766 1479668 791 3076138 816 1512200 842 605404 867 466338 868 0
2 123 125
125 2 1325 187 0.9972760921958462 0.10873628775849754 0
10 319 0 320 1050377 343 1368704 367 1349386 390 2727126 413 1835358 436 1305776 460 1918921 483 1588455 484 0
0
126 3 1286 195 0.9987769839868899 0.12449155383916215 0
20 422 0 423 136559 448 192056 473 166958 498 222495 523 296878 547 493732 572 521827 597 448164 622 647561 647 772141 672 1249561 697 1854290 722 2497558 746 2999940 771 2607700 796 3299122 821 4062031 846 3700731 847 0
2 125 124
127 2 907 159 0.983466978602894 0.011317802879059985 0
20 88 0 89 995005 114 1802827 138 1606138 163 2111255 188 1342625 213 1783190 237 1444014 262 1771296 287 1831688 311 1940030 336 1602462 361 2220613 385 1414852 410 1113032 435 1411200 460 1182069 484 1338118 509 686307 510 0
0
128 2 1489 63 0.9926662496965258 0.1328510125883514 0
24 325 0 326 2468079 351 1901317 375 2579413 400 2813933 424 3169505 449 2516675 473 1589648 498 1662801 522 1275841 547 1880157 571 1724547 596 896298 620 863194 645 1148144 669 698011 694 594972 718 552293 743 651050 767 361191 792 182973 816 111070 841 106398 842 0
2 127 129
129 3 933 54 0.9946223990887084 0.10260619951500621 0
13 131 0 132 2527655 157 1737406 182 1793794 207 858258 232 727192 257 1082476 282 854632 307 934384 332 1020940 357 843541 382 1218836 383 0
0
130 2 1023 206 0.9902007765497708 0.1486694890021195 0
16 400 0 401 2440033 425 1716186 450 1304217 474 1523500 499 1664776 523 1801433 548 1327701 572 1274155 597 1484595 621 965822 646 681053 670 710257 695 932587 719 1228419 720 0
1 129
131 2 1332 112 0.9920168088425055 0.04018289697168027 0
39 45 0 46 47536 71 53299 95 67630 120 53222 145 83758 169 75118 194 78128 218 74255 243 95955 268 108128 292 113176 317 139817 342 253901 366 249171 391 658064 416 1100575 440 1145747 465 1875140 489 2915188 514 5405878 539 2563849 563 1907239 588 2704305 613 2364049 637 1825385 662 1122479 687 1480237 711 876422 736 1450707 761 1022124 785 644401 810 471899 834 596927 859 579339 884 544278 908 534628 933 370707 934 0
0
132 3 545 178 0.994929604013523 0.08118033738096588 0
26 375 0 376 1068162 401 1256739 426 1302259 450 1355415 475 1047350 500 1319926 525 819960 549 801427 574 1037986 599 1243526 624 1139753 649 1052221 673 1372209 698 1113368 723 1552634 748 1641121 773 1971452 797 1908344 822 1442697 847 1685750 872 1791395 896 1436079 921 1063745 946 1101122 947 0
1 131
133 3 1075 187 0.9980590540273797 0.14438959797910478 0
40 12 0 13 993874 38 863762 63 517208 88 500359 112 693638 137 533935 162 819302 187 941969 212 976976 237 715524 262 1079900 287 1176377 311 1822044 336 2139540 361 1600909 386 1189685 411 1250814 436 1797981 461 1981733 485 1444156 510 1168121 535 926723 560 1001673 585 746628 610 907132 635 1657811 659 2096955 684 1738440 709 1174433 734 1583602 759 1557904 784 1215642 809 1514294 834 1768677 858 1898712 883 2360961 908 2524758 933 1660003 934 0
0
134 3 1303 80 0.9848540942262255 0.07723457945441793 0
9 536 0 537 1194677 561 1132672 585 917132 609 2270999 633 1354882 657 2377864 681 1867316 682 0
1 133
135 2 756 132 0.9930797811465333 0.08132814076123247 0
10 349 0 350 1291369 374 1146507 399 1038700 423 1240442 447 1176868 471 1653426 496 1577178 520 1589550 521 0
0
136 3 671 230 0.9978825807812532 0.13464082778831396 0
40 15 0 16 784559 41 949182 67 1097084 92 1602768 117 1274125 142 1400909 168 1692166 193 2001616 218 2512244 244 1536652 269 1615648 294 1229717 320 916598 345 805863 370 1226081 395 652432 421 690905 446 1079576 471 1177658 497 1033588 522 861694 547 999333 573 1035225 598 1177829 623 1658928 648 1112924 674 1106444 699 971482 724 1105669 750 1450162 775 1179316 800 921507 826 977227 851 503812 876 681665 901 1352629 927 651668 952 1225068 953 0
0
137 1 947 55 0.9991966922474962 0.10767730959583932 0
21 209 0 210 507659 235 569032 260 460032 285 617237 311 877821 336 1843765 361 2095375 386 1689952 411 2043024 437 1199480 462 804258 487 1125980 512 747051 537 1612947 562 2309775 587 2301920 613 3953429 638 3014703 663 2436035 664 0
1 136
138 2 1370 47 0.9886461399117366 0.06412533675398895 0
13 260 0 261 1798116 286 2542818 310 2507535 335 2918691 360 1747058 385 1914650 409 1087764 434 1058026 459 710093 483 1009295 508 2138680 509 0
0
139 3 1228 198 0.9817129155763252 0.11958549941717961 0
28 225 0 226 1965190 251 1283016 276 1716096 301 1470498 325 1619675 350 989991 375 1724982 400 1572223 425 1607890 450 1238160 474 1650670 499 1992093 524 1617605 549 1404266 574 1408227 599 2392795 623 2423217 648 2652474 673 2771591 698 2026955 723 1359079 748 676729 772 864116 797 602755 822 960525 847 942132 848 0
1 138
140 2 1083 222 0.9814258262718721 0.006683872266797658 0
31 268 0 269 300274 294 334173 319 442701 344 263803 369 282927 394 324581 419 343670 444 314573 469 561741 494 450421 519 504230 544 1868287 569 2056927 594 2043226 619 4253443 645 3377535 670 2087128 695 1343779 720 1366098 745 2577409 770 3547346 795 2970935 820 2495537 845 1685841 870 2209024 895 1490461 920 1778279 945 1794717 970 2280510 971 0
0
141 2 691 49 0.9902650159593657 0.006058752394975075 0
27 174 0 175 1683327 200 1907518 225 3370762 251 1758967 276 1361338 301 1446701 326 1459205 351 1031376 377 1079742 402 594551 427 499912 452 378493 477 283650 503 428547 528 402023 553 416810 578 244261 604 269266 629 219097 654 273873 679 301463 704 420684 730 361618 755 199845 780 309818 781 0
0
142 3 1348 175 0.9889645929527214 0.027613895537806504 0
41 35 0 36 1685716 61 1223925 86 1669822 112 1242531 137 824523 162 748487 187 881234 212 586559 238 832089 263 974703 288 1240609 313 972193 339 606482 364 710531 389 656054 414 813348 439 1291819 465 1515085 490 1318276 515 1019343 540 1617176 565 2070876 591 1244458 616 2549495 641 2053497 666 2108956 691 1322531 717 876296 742 944621 767 891474 792 690889 818 964922 843 993179 868 890770 893 1113532 918 828883 944 1072499 969 856282 994 654868 995 0
2 141 144
143 3 862 18 0.9975951934894076 0.08422131930323318 0
12 544 0 545 1500371 571 1662633 597 1736244 623 1870557 649 2150242 676 1478589 702 2023073 728 2022984 754 1732424 780 1790363 781 0
0
144 2 868 223 0.9897152085619719 0.04539081837094356 0
42 22 0 23 6568946 48 4663137 73 3751769 98 3131520 123 2479833 148 1851983 173 1968005 198 1200375 223 948955 248 1154925 274 949196 299 1212790 324 649377 349 550662 374 876995 399 848879 424 793420 449 431234 474 425842 499 565454 524 360977 549 214956 574 138767 599 151039 624 131780 649 145758 674 130471 699 113971 724 99537 749 93300 775 110559 800 99212 825 247036 850 223208 875 302888 900 248530 925 174293 950 123361 975 135537 1000 132149 1001 0
1 143
145 1 722 30 0.982885970397007 0.1033989785168883 0
9 610 0 611 1529062 638 1992353 664 1636903 691 2343641 718 1394604 744 1313626 771 1490834 772 0
0
146 1 870 210 0.994396743506524 0.13364993552095733 0
14 506 0 507 732092 532 537730 558 450756 583 491331 608 737073 634 783500 659 1158232 685 1493151 710 1660899 735 1470914 761 1522655 786 1230238 787 0
1 145
147 1 771 31 0.9944349559365233 0.016661949800368957 0
27 390 0 391 62729 416 51213 441 35103 466 39430 491 43445 516 82663 541 161835 565 184750 590 174806 615 173108 640 446084 665 460521 690 492617 715 450522 740 665108 765 412296 790 658602 815 656424 839 1046068 864 1572319 889 1891927 914 3429684 939 3490075 964 3336314 989 5145561 990 0
1 145
148 3 569 65 0.9903290471254702 0.11320982979638373 0
31 212 0 213 3456795 238 2562625 263 1925456 289 1602109 314 1003431 339 1176843 365 1265718 390 1570619 415 2045872 440 1732370 465 1600335 491 1195530 516 1568901 541 2270494 567 1991614 592 2070310 617 1688700 642 1310222 667 2050020 693 1649266 718 2329248 743 1613991 769 890015 794 876905 819 800271 844 473862 869 564533 895 502470 920 304299 921 0
0
149 1 802 234 0.9909572576762787 0.13885591872981148 0
28 363 0 364 169663 389 173772 414 263570 439 287869 464 296666 489 606222 514 663139 539 1016529 564 886550 589 1015488 614 1272427 639 1947114 664 1850163 688 1041661 713 1643563 738 1275379 763 1506438 788 1003341 813 788078 838 1835587 863 2035969 888 1199486 913 1513192 938 2820613 963 2174696 988 2957296 989 0
1 148
150 1 745 130 0.9831244570305367 0.05980708546905315 0
15 289 0 290 1571451 316 1044123 341 835495 367 1586990 393 1208280 419 1311153 445 894328 470 1201860 496 649170 522 446091 547 505838 573 555617 599 650903 600 0
2 148 149
151 3 910 74 0.990385871730599 0.08115143680021462 0
33 139 0 140 90076 165 106502 190 144505 215 111905 240 133860 265 174554 291 186730 316 313013 341 541947 366 482228 391 646367 416 876316 441 968757 466 1699624 491 2360042 517 3053526 542 3011257 567 2858075 592 1744347 617 2288739 642 2545238 667 2350894 692 2447141 717 1239115 742 1524498 767 2104519 793 2056656 818 2052651 843 3027431 868 2091701 893 2651892 894 0
0
152 3 1318 142 0.9863893978972198 0.04317913022051918 0
14 66 0 67 482769 92 349226 118 413273 143 635849 168 832382 194 706613 219 1003429 245 1241808 270 1448387 295 2019070 321 1907304 346 1669353 347 0
1 151
153 2 811 176 0.9893161495896846 0.02614508541337176 0
31 145 0 146 4922944 171 3156103 196 2144612 221 2030455 246 1791620 271 1702797 296 2477431 321 2770741 346 1665182 371 2189925 396 884145 421 783928 446 788761 471 1103700 497 786175 522 582751 547 298281 572 146963 597 134781 622 325455 647 385344 672 383631 697 415593 722 347891 747 507334 772 1141380 797 1143491 822 1295581 847 2012006 848 0
0
154 2 904 138 0.9826953783138741 0.05091312606002466 0
18 132 0 133 1174862 158 1186143 183 797278 209 898810 234 1127012 259 1865179 284 1460597 309 1449575 335 1193796 360 884349 385 512627 410 548318 435 1163739 461 745324 486 173080 511 162678 512 0
1 153
155 3 946 125 0.9953804139225174 0.11212392806819543 0
27 188 0 189 1654132 214 1721527 240 1621603 265 2570343 290 2968702 315 2067627 341 2420411 366 2898359 391 1891823 417 1907949 442 860497 467 724602 493 707541 518 1159608 543 1261694 568 1679429 594 1767956 619 1339503 644 568567 670 325770 695 305747 720 198349 745 210855 771 118190 796 194250 797 0
3 153 156 154
156 1 1420 110 0.9809310399762171 0.11806220176369935 0
8 550 0 551 1262773 576 2024345 601 1605721 626 898279 651 935057 676 493946 677 0
0
157 3 693 148 0.9992335014246743 0.14724220550587339 0
15 160 0 161 1716899 186 1064901 211 2280253 237 2145778 262 2043192 287 2592710 312 1348297 337 1246746 362 1469692 387 1649981 413 1089512 438 922710 463 989429 464 0
0
158 1 1044 165 0.9986153952716678 0.08726296465112879 0
25 234 0 235 2027276 260 1873197 284 1868373 309 1525631 334 1378790 359 1094323 383 1619267 408 1121167 433 1242901 458 1075075 482 936802 507 1307288 532 1204655 556 938471 581 1672372 606 1698357 631 2768824 655 2032864 680 2733651 705 1763791 730 2087066 754 1835913 779 1085792 780 0
0
159 3 825 73 0.9862389770653173 0.08262596416595375 0
38 93 0 94 1498980 119 971466 145 1076596 170 1116125 195 1790239 220 2254231 246 1696728 271 2121574 296 1505476 322 1397073 347 1468106 372 1195298 397 1615125 423 1700255 448 2973811 473 1341699 499 1123657 524 924860 549 726004 574 592983 600 676170 625 670231 650 1091207 676 739859 701 708210 726 988710 751 1059286 777 2247025 802 2170826 827 1318931 853 1681190 878 1244054 903 521385 928 561874 954 330944 979 248182 980 0
2 158 160
160 3 1377 63 0.9896112619261541 0.12341856668761292 0
13 537 0 538 625116 563 653147 589 1152972 614 1110048 639 1024240 665 1561611 690 1302849 715 1255563 740 2314576 766 1724939 791 1032980 792 0
0
161 3 1097 21 0.9931073011240616 0.0642631373942542 0
12 478 0 479 1034702 503 1593229 527 778926 551 856446 575 871089 599 1001746 623 1141756 647 1378336 671 2454157 695 2879258 696 0
0
162 1 1024 120 0.9933674747136837 0.11473610409338035 0
13 200 0 201 788351 225 749798 249 842460 273 639607 297 864085 321 1734378 346 1112902 370 1211900 394 1270123 418 2311363 442 2150992 443 0
0
163 3 746 153 0.9811814366284678 0.030572335070338283 0
14 551 0 552 1923786 578 1499383 603 1549219 629 1148616 655 1582867 681 1448169 706 968320 732 642061 758 444093 784 519160 809 853754 835 607972 836 0
1 162
164 1 937 219 0.9916435087460108 0.04069336963333556 0
26 382 0 383 685907 407 428055 432 420140 456 975750 481 1145990 505 1419475 530 909009 554 1328978 578 1186603 603 938822 627 1124597 652 1759743 676 1882805 701 1393665 725 1531112 750 1200195 774 1695923 798 1479035 823 2329067 847 2614883 872 3370664 896 2805774 921 2655359 945 2927512 946 0
0
165 2 966 157 0.9884985128689067 0.05467830986029728 0
19 39 0 40 1020535 66 955040 91 786896 117 1080290 142 591866 168 449111 193 729695 219 942637 245 787678 270 918253 296 990766 321 1782723 347 1181268 372 1212522 398 1392144 423 1399643 449 1330146 450 0
2 164 166
166 1 922 167 0.9876730346198245 0.07112231845560403 0
29 283 0 284 3720552 309 3289573 333 2874598 358 2470243 382 1594534 407 1928261 432 1802262 456 1681972 481 1655250 506 1154909 530 937478 555 1090295 579 1188820 604 1367507 629 1516414 653 1599846 678 821987 702 1332220 727 2857640 752 3246138 776 1652052 801 1830469 826 884685 850 975328 875 772813 899 593357 924 601538 925 0
0
167 1 962 153 0.9948247463997127 0.10801627835457388 0
27 66 0 67 878466 92 1393722 117 2080226 143 1854850 168 2574716 193 2277146 218 1154674 243 945025 269 777493 294 889895 319 852130 344 764229 369 768283 395 977300 420 670919 445 284760 470 240452 496 332658 521 487283 546 658769 571 961174 596 985047 622 699314 647 1262994 672 1433878 673 0
0
168 1 1429 112 0.9929960538080079 0.14729743870526546 0
32 237 0 238 663032 263 524611 289 524716 314 759282 339 492197 364 625406 390 547419 415 659775 440 232394 465 310823 491 266994 516 304023 541 559506 567 986919 592 542705 617 307319 642 367700 668 239006 693 237449 718 236379 744 307635 769 555650 794 689244 819 657151 845 1307140 870 1928696 895 2654710 920 2756469 946 5330024 971 5826952 972 0
0
169 2 1014 96 0.9871225621812005 0.14910273837892435 0
23 311 0 312 1527773 337 2370594 361 1465150 386 1267641 411 1060663 435 780117 460 928300 485 831889 510 684778 534 473828 559 579729 584 580632 608 878090 633 434144 658 763145 683 1075020 707 1348962 732 796924 757 1185600 781 1294932 806 1291658 807 0
0
170 1 969 76 0.9974450908293319 0.11133572209381913 0
11 110 0 111 1305011 136 1831516 161 1483133 185 1383032 210 1450565 235 1252901 259 1151358 284 2004278 309 1965828 310 0
0
171 1 1468 105 0.9802527265715788 0.12680598338584861 0
40 34 0 35 651196 60 492070 85 486688 110 382913 135 574560 161 349999 186 332584 211 377195 236 445572 261 548836 286 559598 311 691889 336 471542 361 478027 387 686092 412 392807 437 286201 462 307191 487 313829 512 184137 537 287523 562 524908 587 590635 612 810254 638 987739 663 1185715 688 1126276 713 1393888 738 1015131 763 2399675 788 3547092 813 3745802 838 3363345 864 2305894 889 1908939 914 2173989 939 2063989 964 2198307 965 0
0
172 1 745 130 0.984521096441383 0.06531951916197117 0
12 160 0 161 2018609 185 1522893 209 1420212 232 1143576 256 1043932 280 1345479 304 944741 327 545940 351 727605 375 1107635 376 0
1 171
173 3 867 38 0.9978821209328395 0.11351066881859448 0
38 91 0 92 2066448 117 2137623 142 1533331 167 926543 192 562493 217 574439 242 698899 267 1535089 292 1635628 317 1973333 342 2928972 367 2805760 392 2296291 417 2265337 442 1458236 467 1373713 492 1050408 517 698652 541 681346 566 467647 591 588294 616 763614 641 1417230 666 976450 691 1119184 716 1484844 741 1499375 766 1411096 791 2046043 816 1536375 841 1294225 866 1683515 891 1560447 916 1902698 941 1554672 966 2045570 967 0
0
174 1 703 172 0.9990277772948045 0.05480005976469107 0
12 284 0 285 591293 311 1121323 336 1092154 362 1477226 388 900960 413 1155099 439 1450667 465 1431417 490 1262017 516 1410524 517 0
1 173
175 2 1280 177 0.9959938173322046 0.047855666495975085 0
35 157 0 158 4819638 183 5519923 208 3466432 234 4499711 259 3051475 284 1161948 309 1243019 335 883913 360 818403 385 510680 410 352306 435 385377 461 199741 486 156321 511 128484 536 97911 561 77619 587 90107 612 99608 637 143836 662 68131 688 73570 713 109106 738 68896 763 76560 788 66930 814 56013 839 54587 864 45822 889 56607 915 55251 940 32832 965 36902 966 0
1 174
176 1 1459 152 0.9967657496642605 0.02233257306086738 0
28 180 0 181 1787105 206 1791895 231 1625822 256 1652228 281 1277122 306 1411774 331 1081799 355 1392075 380 1221368 405 916054 430 890347 455 1227571 480 1090227 505 740287 530 659797 555 954084 580 711845 605 634854 630 458246 654 474794 679 537581 704 520673 729 662038 754 537384 779 499638 804 729065 805 0
0
177 3 1082 22 0.999358123979285 0.10210844173314751 0
30 75 0 76 839636 101 805843 125 819798 150 832553 175 561612 200 707412 224 605265 249 516423 274 736853 298 1037923 323 1292126 348 1599473 372 1098149 397 1334849 422 1100502 447 720574 471 1071600 496 1016813 521 1154904 545 1805075 570 1469488 595 1534578 619 1790525 644 2595737 669 3234561 694 3481067 718 3501542 743 3477551 744 0
1 176
178 1 1294 105 0.9801964053471064 0.14092332290244805 0
41 15 0 16 3387760 41 5160619 66 4527241 90 2238020 115 3319162 140 3250677 165 2142632 190 2141241 214 2301450 239 1838575 264 1831831 289 974279 313 1221030 338 1154637 363 994762 388 826933 413 1263853 437 1189634 462 806527 487 1587327 512 759224 537 525392 561 276084 586 226859 611 227013 636 199116 661 227460 685 241455 710 185065 735 308095 760 254329 784 84270 809 64578 834 65762 859 63364 884 81702 908 74639 933 114204 958 178231 959 0
0
179 1 660 172 0.9982616125059234 0.14012990811447634 0
25 43 0 44 397420 69 744936 93 321804 118 379987 142 344153 167 489302 192 512115 216 1226502 241 1856933 265 2860461 290 2094438 315 1346530 339 1197504 364 1016707 388 1743154 413 1323854 437 3303758 462 1960222 487 1771863 511 3040355 536 2019842 560 2770259 585 3665512 586 0
0
180 2 550 198 0.9964237078476205 0.06015220934962681 0
30 6 0 7 1072354 32 1402090 58 1462374 83 2466827 108 1949347 133 2217818 159 2133744 184 2263671 209 2082492 235 2277731 260 2046137 285 1876461 311 1369111 336 1021753 361 900633 386 720001 412 712114 437 690642 462 809043 488 996600 513 727668 538 479420 564 509476 589 397241 614 317409 639 283698 665 221210 690 158359 691 0
1 179
181 1 507 169 0.9822221160591573 0.12363970526280901 0
29 349 0 350 485882 375 460651 400 676288 425 642095 449 613690 474 556328 499 674569 524 1028239 549 1190402 574 830095 598 588349 623 287280 648 336045 673 587054 698 717156 723 617792 748 940409 772 1441403 797 2382599 822 2799266 847 4004880 872 3018517 897 2566147 921 620703 946 534475 971 351917 996 259833 997 0
1 180
182 3 628 90 0.9989919999957915 0.015107485281485061 0
12 567 0 568 1118550 592 1033596 616 1444742 640 2439647 664 3053326 688 1364356 712 1125200 736 989087 760 1363135 784 840553 785 0
0
183 2 1371 9 0.9805603369281555 0.038385197924459255 0
18 505 0 506 525964 531 801238 555 611993 580 639151 604 865231 629 1211532 654 1499241 678 1363208 703 1097018 727 1257191 752 1000558 777 1107772 801 1064931 826 945566 850 1266587 875 563400 876 0
1 182
184 2 841 18 0.9911416680697633 0.05474208376414568 0
37 144 0 145 2551914 170 1488738 195 1311383 220 2203125 245 1912817 270 1375553 295 1420778 320 1466501 345 1527145 369 1056771 394 949566 419 895109 444 1140318 469 707439 494 1395116 519 2117054 544 3017693 569 2605403 594 3323288 619 3733956 644 3013074 669 2054351 694 1932442 719 2190359 744 1427511 769 2034349 793 1215322 818 609743 843 1463519 868 1061816 893 746517 918 910134 943 1260396 968 1716953 993 2041455 994 0
0
185 2 1137 128 0.9923254556209875 0.07720822732258537 0
20 435 0 436 2012630 461 1647916 487 1599214 512 2139159 538 2796183 563 1610845 588 1511008 614 1272502 639 1457010 665 522787 690 607353 716 423918 741 577232 766 497276 792 380632 817 374498 843 409553 868 322279 869 0
0
186 1 1060 97 0.9844335249084976 0.011610984782844225 0
42 18 0 19 684190 44 930593 69 1334868 94 875999 119 973008 144 1931992 169 3450634 195 2206954 220 2176279 245 2791947 270 3057338 295 1944104 320 2621824 345 1462069 370 1713560 395 1286495 420 1392954 445 1526251 470 1057097 495 489343 521 719674 546 811665 571 779532 596 719378 621 819112 646 975669 671 1753674 696 3677724 721 2573862 746 1286063 771 1616990 796 1521690 821 1935398 847 1952625 872 2142425 897 2892853 922 3866275 947 2244616 972 1846848 997 709092 998 0
1 185
187 3 523 170 0.9889023982846656 0.030374623031170417 0
37 48 0 49 981366 74 664031 99 628272 123 557094 148 817699 173 531898 198 572831 223 375215 247 460274 272 418245 297 452689 322 335131 347 534862 371 421484 396 550294 421 895431 446 1145629 471 1536297 495 1316244 520 2015408 545 1895970 570 1852374 594 814220 619 579517 644 829568 669 786583 694 1453754 718 2366174 743 2397830 768 2609895 793 1848064 818 1506470 842 1921561 867 1845275 892 3238372 893 0
2 185 186
188 2 910 176 0.9831456700102648 0.07427901155490876 0
36 77 0 78 1616235 103 1818987 128 1670341 153 1755737 178 1234589 204 1140790 229 1186523 254 1630723 279 1688219 304 920849 329 1110297 354 1584983 379 1963103 405 1461936 430 1335183 455 1305354 480 688101 505 500529 530 606158 555 946901 580 1479817 606 816289 631 1136686 656 1287343 681 986217 706 1456917 731 1005325 756 490848 781 277495 807 225346 832 336959 857 337419 882 261581 907 201892 908 0
0
189 1 1060 94 0.9980760797051457 0.06009251832034691 0
23 264 0 265 554790 290 316467 314 393375 339 474019 363 729896 388 971985 412 1380539 437 1634845 461 1752100 486 1393659 511 1922012 535 2866234 560 2688479 584 1789499 609 969581 633 887858 658 968812 682 1074738 707 1233112 731 1370470 756 982439 757 0
0
190 2 782 75 0.9988661313627263 0.08833256190282988 0
19 546 0 547 2137943 573 3675996 598 3446028 624 2769256 649 1415465 675 1219099 700 1272351 726 1264311 751 1358664 777 1616480 803 1587552 828 2195633 854 802754 879 671131 905 441643 930 387227 956 443804 957 0
1 189
191 2 1207 124 0.9910867166243816 0.06965791627940747 0
7 840 0 841 495784 866 1157832 891 1241287 917 1357568 942 2800073 943 0
1 190
192 3 903 166 0.9957820245039032 0.10857297493293185 0
37 100 0 101 312341 126 375133 151 569691 176 593160 201 666399 226 781932 251 1458186 276 2367349 301 2457146 326 2043698 351 1562420 376 1758885 401 1464533 426 1727689 451 2105438 476 1219680 501 1770703 526 2650467 551 4502345 576 2799591 601 3089629 626 1547291 651 1489675 676 2027744 701 1843575 726 1815445 751 2274226 776 1554543 801 1407974 826 792183 851 1324899 876 1514670 901 1296257 926 1691870 951 1554014 952 0
0
193 2 797 221 0.9834458602252717 0.0006274460561816852 0
14 444 0 445 208050 470 212842 494 202517 519 395071 544 780187 569 1480695 593 1348465 618 1498494 643 1444871 668 1413993 692 1122875 717 1861424 718 0
1 192
194 2 542 192 0.9962218496672959 0.07961827839984358 0
32 131 0 132 392179 157 291381 182 473797 207 556052 232 557529 257 655090 282 1154898 307 1068913 333 884853 358 976204 383 1529119 408 1814364 433 1688687 458 1855692 483 1378832 508 1228296 533 1215862 558 1549483 583 1236576 608 760427 633 518880 658 532363 684 351293 709 543459 734 704406 759 865405 784 1092827 809 1140091 834 901139 859 1189277 860 0
1 192
195 3 519 226 0.9856279212387962 0.1108348419437388 0
22 313 0 314 474280 339 732501 363 868160 388 1155840 412 1090139 437 805626 461 1301549 486 934446 511 1173850 535 1237032 560 1467435 584 2277478 609 3449575 634 2319823 658 2001071 683 1930225 707 955843 732 846437 756 606597 781 800534 782 0
0
196 1 1079 38 0.9956963353707426 0.056092362119529705 0
18 423 0 424 190824 448 185166 473 214833 497 218039 521 336378 545 341657 570 483329 594 677410 618 904255 642 978531 667 1062298 691 979608 715 1413845 739 2518594 764 1977396 788 1841269 789 0
1 195
197 2 1115 75 0.9928504227953024 0.07227277219729046 0
28 188 0 189 1936720 214 1693308 239 982528 264 833694 289 889550 314 692615 339 814746 363 804155 388 1014043 413 1169162 438 2306892 463 2419605 488 3699205 513 1288774 538 954892 563 1084130 588 1596835 613 1606396 638 1060894 662 901983 687 605916 712 816189 737 770566 762 564195 787 738736 812 1528396 813 0
1 196
198 3 1312 10 0.9969217388856589 0.08193024115384588 0
25 116 0 117 2558174 142 1630786 167 1072459 193 1532977 218 1907074 243 1583504 268 1156633 294 964348 319 1238943 344 1016899 369 1032611 395 666860 420 532784 445 759320 470 597701 495 784100 521 758252 546 427730 571 308472 596 302819 622 221370 647 128242 672 99997 673 0
0
199 2 829 24 0.9880534328773158 0.0024959350646534483 0
31 184 0 185 800131 210 895804 235 859762 260 800349 285 779594 310 844869 335 1345828 361 1612731 386 1874825 411 2790378 436 2775942 461 2492740 486 3635810 511 3150912 536 1631878 561 1611493 586 1629308 611 742245 636 1062786 661 1236175 686 972883 711 861294 737 807356 762 892285 787 766218 812 925003 837 755775 862 407517 887 589454 888 0
0
200 1 708 30 0.9852476568862386 0.037728193211504654 0
36 98 0 99 1998032 124 989671 149 764282 175 490429 200 386692 225 337373 250 454338 276 523626 301 319082 326 421258 351 542795 377 352720 402 573021 427 878794 452 866199 478 1392202 503 2575470 528 2132979 553 2407339 579 2143433 604 2176505 629 1603087 654 882695 680 1376932 705 1909247 730 1665097 755 1645199 781 2526043 806 2632663 831 2045691 856 2024401 882 2062949 907 1174568 932 1740393 933 0
2 199 202
201 3 754 67 0.9901251730608753 0.032100743366757944 0
30 16 0 17 4121041 42 2285312 67 1951203 93 2710721 118 2530965 143 2062344 168 1340993 194 804663 219 614457 244 912396 269 797804 294 630552 320 978300 345 951896 370 1145526 395 1648423 421 1079399 446 1500484 471 1890602 496 1174113 521 479738 547 437451 572 475209 597 262454 622 187098 648 205501 673 122216 698 67612 699 0
2 199 202
202 1 1316 99 0.9812113751369509 0.06975610756777327 0
40 59 0 60 1298618 85 1784035 110 1687095 135 2511338 160 2257707 185 1903450 210 2203920 235 2236413 260 2161797 285 2534896 310 2636105 335 2065574 360 2519967 385 1915260 410 1797129 435 1747490 460 1490318 485 1651671 510 1440403 535 1860951 560 2061585 585 1518354 610 984714 635 1004619 660 940207 685 689215 710 1150322 735 781143 760 614182 785 1121579 810 1016368 835 1150797 860 778008 885 1133638 910 917336 935 889258 960 845813 985 725989 986 0
0
203 3 1113 88 0.9846160490131404 0.01417845895918941 0
25 258 0 259 1860301 284 1868165 310 1486663 335 2141494 361 2435771 386 2660402 411 1638336 437 1988028 462 1983830 488 1528658 513 2267165 539 1457044 564 2031229 589 1919887 615 1551988 640 1705858 666 1832204 691 1235952 716 879317 742 1024964 767 789341 793 1823723 818 2641748 819 0
0
204 3 1177 17 0.9842816073134399 0.0992669452516919 0
8 744 0 745 1606973 772 1707468 799 1369708 826 1876451 853 1791893 880 1413497 881 0
0
205 1 1379 134 0.9914752847959245 0.12071770736707894 0
22 174 0 175 1574137 200 1331481 224 1295348 249 1455678 274 1982178 298 1622313 323 1522411 348 1551848 372 1415226 397 1416425 422 801729 447 910514 471 1011038 496 2172733 521 2703104 545 1733150 570 1793111 595 2373636 619 2650320 644 2553845 645 0
1 204
206 1 1219 92 0.988255811471684 0.10495385214487689 0
19 425 0 426 1085479 452 1329996 477 1136980 503 1080449 529 899158 554 1277280 580 890721 606 1622070 631 1744738 657 1309308 683 1842255 709 2541078 734 3091598 760 2526015 786 2159835 811 1659109 837 1181346 838 0
0
207 3 1492 4 0.9984664461130434 0.14685403619837223 0
34 217 0 218 1282072 243 1139234 267 1771875 292 1315145 316 1265323 341 1428104 365 1108676 390 1355544 415 1952604 439 1879172 464 975722 488 874684 513 708056 538 1157080 562 1067125 587 1122822 611 1842285 636 1562398 660 1332141 685 1437988 710 1619383 734 1960527 759 2290858 783 3878832 808 3839581 833 1874888 857 1850397 882 1248597 906 1553236 931 1699880 955 1050845 980 1480785 981 0
1 206
208 3 875 231 0.9897967835620726 0.03754154292724586 0
11 241 0 242 1978328 266 1326937 290 1486784 314 2145329 338 1884464 362 1667399 386 876516 410 449590 434 527335 435 0
0
209 3 1015 214 0.9979266910797497 0.011156417513820143 0
25 59 0 60 795175 84 1014261 109 1287020 133 1447028 158 1363697 182 2076593 207 2372540 231 1733013 256 967112 280 1020426 305 960862 329 1226041 353 1989880 378 3376597 402 2678264 427 2329807 451 2016502 476 3195765 500 2681433 525 2051146 549 1480041 574 1401107 598 1477645 599 0
0
210 1 838 45 0.9861035945722846 0.02354525429176818 0
10 96 0 97 2536689 121 2009482 145 1433061 169 902077 192 657096 216 613301 240 727747 264 733444 265 0
1 209
211 3 1090 133 0.9936291342849282 0.09675475101159006 0
16 570 0 571 2363090 595 2285025 620 1593820 644 1865400 669 1135029 693 845015 718 581025 742 425185 767 474151 791 444830 816 293547 840 404474 865 274123 889 182705 890 0
0
212 1 537 78 0.9943816150541169 0.032134683071413435 0
7 719 0 720 1800547 745 1782609 769 1933396 794 1544679 819 1794532 820 0
1 211
213 3 1280 148 0.9982882652752884 0.0699843514248976 0
8 516 0 517 1226837 541 1665630 565 1063974 589 661725 613 406586 637 585387 638 0
0
214 2 1422 69 0.9974345006321707 0.12092486160595983 0
14 508 0 509 1954582 534 3868437 558 2317667 583 1779880 607 1319713 632 1071587 656 872362 681 857942 705 913502 730 1147607 754 1230263 779 1066240 780 0
1 213
215 1 1181 212 0.98086394209532 0.05347014766638066 0
20 477 0 478 513655 503 620558 527 910491 552 874851 576 892903 601 1240838 626 1708370 650 2265355 675 885451 699 1098529 724 867308 748 983704 773 1977907 798 3000268 822 3180782 847 2642628 871 2544800 896 3420539 897 0
0
216 1 1274 74 0.9974604356644614 0.14625147022301965 0
25 148 0 149 847056 174 837787 198 1583332 223 1302860 247 1344634 272 832319 296 1159332 321 1370830 345 1514654 370 1793173 394 1388410 419 1096068 444 2000634 468 2280666 493 2091592 517 728403 542 566407 566 780473 591 915272 615 1433077 640 1526660 664 2251424 689 1824322 690 0
1 215
217 1 1037 75 0.9821607934157996 0.03245156089393719 0
27 165 0 166 4728995 191 3710214 217 3693867 242 2983505 267 3010863 292 3211856 318 2455647 343 2585457 368 1280810 394 876789 419 669032 444 685930 469 672216 495 545261 520 319528 545 477443 571 453334 596 592705 621 527687 647 399385 672 242426 697 291652 722 458082 748 307101 773 202200 774 0
0
218 3 1301 123 0.9939557651903225 0.06512196978856838 0
30 163 0 164 90960 189 79673 215 99686 240 91077 265 132415 291 73809 316 82737 342 75112 367 101968 392 128609 418 146090 443 136249 468 127497 494 146660 519 179154 545 283387 570 265101 595 411968 621 446885 646 436694 671 847870 697 981957 722 738714 748 1426328 773 1070658 798 2348942 824 3861319 849 3851007 850 0
1 217
219 1 1246 10 0.9850502630062418 0.1464048732550746 0
15 67 0 68 229078 94 324075 120 415620 146 570031 172 779270 198 457916 223 688258 249 1011766 275 2179361 301 2430685 327 2304372 353 3248734 379 3793028 380 0
0
220 2 590 50 0.9960847651810179 0.11564207285216335 0
23 276 0 277 284818 302 275380 326 468942 351 1053309 376 1081836 400 1351893 425 1725548 450 3390428 474 1787779 499 1389864 523 2480029 548 2131455 573 1521813 597 817882 622 858554 647 816621 671 663934 696 619621 721 666575 745 1670278 770 1454379 771 0
1 219
221 3 1171 37 0.9871860826423754 0.07599652195181371 0
22 46 0 47 2659266 72 2750193 98 2127551 123 1295680 148 776019 174 1210006 199 819365 225 839340 250 1329183 275 913499 301 1141669 326 1045903 351 1759323 377 2107504 402 1024000 428 1154165 453 941220 478 1257408 504 642138 529 585771 530 0
0
222 3 1489 154 0.9814724839361939 0.10545651861675724 0
18 177 0 178 281352 202 218740 227 332458 251 463438 275 346622 300 523014 324 848037 348 591750 373 606328 397 714958 421 827472 446 1548958 470 3436409 494 3364263 519 2074632 543 2709825 544 0
0
223 2 1099 53 0.9801005212724175 0.08041270891331444 0
34 23 0 24 486457 49 396560 74 451620 99 425338 125 254898 150 299027 175 344131 200 300912 225 236189 250 162663 275 136409 300 144926 326 102231 351 138377 376 154015 401 129016 426 264252 451 284921 476 340021 501 364330 527 700454 552 924432 577 1081441 602 1365522 627 1928151 652 2840682 677 2192432 702 2782522 728 5164432 753 3713020 778 3751394 803 3936676 804 0
1 222
224 3 1110 78 0.9867919252603705 0.0568989361998731 0
36 131 0 132 583276 157 704248 182 857156 207 1490984 232 1718487 257 2247608 283 2832029 308 1745288 333 1719905 358 778376 383 1195788 408 886123 433 1098781 458 1451318 483 619486 508 444765 533 327221 559 465239 584 941043 609 929920 634 812951 659 405234 684 471789 709 598811 734 488553 759 724179 784 759824 809 1466151 835 1861328 860 3541651 885 4300853 910 3568365 935 3796461 960 2245489 961 0
0
225 1 817 142 0.989052340521613 0.08028107033895705 0
41 9 0 10 1166929 35 725108 60 931444 84 725060 109 573888 134 932514 159 1475800 184 1046122 208 724504 233 1163178 258 1084632 283 2315912 307 2822199 332 2563035 357 4552251 382 3715174 407 4293053 431 3696940 456 2242979 481 1719748 506 1539043 531 1176136 555 1367104 580 1458755 605 1110159 630 1012420 655 885764 679 872462 704 1290789 729 1243261 754 1262456 778 623048 803 581447 828 643210 853 514686 878 738406 902 1463227 927 1210763 952 1621563 953 0
1 224
226 1 732 225 0.9960706245100065 0.03449075812920586 0
23 136 0 137 3821671 162 2673297 187 2866104 212 2562079 237 2061341 262 1163759 287 1215257 312 1042869 337 1041238 362 1755683 387 1226548 412 2319040 437 3135416 462 1975824 487 1595262 512 1047504 537 1042858 562 863314 587 979984 612 811506 637 1220733 638 0
1 225
227 1 1157 16 0.9844929556013282 0.13966411607557996 0
12 175 0 176 1603618 201 1635026 225 1987570 250 1362344 274 2102815 299 1637172 323 1191566 348 1091698 372 1164689 397 833632 398 0
1 225
228 2 1105 120 0.9922182238072239 0.07191349205206 0
8 613 0 614 805048 639 1051713 663 992047 688 1087481 712 984733 737 1073662 738 0
0
229 2 1028 173 0.9998822362895249 0.09412490697539047 0
22 373 0 374 1081561 399 637208 425 651936 450 685323 475 832645 500 1660674 526 2223973 551 1008518 576 674992 601 931170 627 2033315 652 2215222 677 1699370 702 2242471 728 2275602 753 1536970 778 1328630 803 1623426 829 1702517 854 1062887 855 0
0
230 3 1375 165 0.9873882091315129 0.08264320617358115 0
18 219 0 220 1747663 245 2534172 269 1415656 294 1266277 318 1644621 343 1296629 368 701741 392 919618 417 1683586 441 1044148 466 1441945 491 1260760 515 922769 540 798113 564 991882 589 1009613 590 0
1 229
231 1 532 89 0.9903171538863447 0.11079938382921606 0
38 72 0 73 6710811 98 4058295 122 3314677 147 2386937 172 2033036 196 1202508 221 1564187 245 1695703 270 1044591 295 352711 319 180080 344 143971 369 110030 393 116602 418 112600 442 176946 467 144428 492 123833 516 128689 541 97324 566 121520 590 82814 615 86299 639 101018 664 120656 689 122816 713 111335 738 50724 763 93612 787 109625 812 110995 836 97425 861 110071 886 140450 910 134222 935 95164 936 0
1 230
232 3 614 34 0.9906777664169822 0.009233765607195993 0
32 7 0 8 1432243 33 1351806 57 1267639 82 818700 107 1187176 131 1456322 156 1245725 181 1346926 205 1532786 230 1042194 255 1176239 279 1443214 304 1910827 329 2521649 353 2827342 378 1660606 402 1832688 427 2105563 452 2626296 476 2650036 501 2235207 526 2084239 550 1700948 575 1933456 600 1635937 624 874361 649 881495 674 1371864 698 1821739 723 2353360 724 0
0
233 2 1146 22 0.984399618151139 0.11200497671172625 0
22 493 0 494 227825 519 249429 543 204782 568 228150 593 244620 617 302284 642 342517 667 444744 691 463297 716 428385 741 549109 766 675959 790 1325364 815 901340 840 1493735 864 1966644 889 2634944 914 4832157 938 3768188 963 2513213 964 0
2 232 234
234 1 664 124 0.9864321039410757 0.010679074719281261 0
17 454 0 455 1760531 480 1298772 505 962717 530 1123884 555 1317613 580 2664345 605 2718164 629 2599987 654 1663722 679 1410172 704 1824925 729 2131151 754 1574940 779 1487885 804 1709421 805 0
0
235 3 1468 159 0.9883154101968329 0.14085400737845596 0
25 28 0 29 482949 54 879347 79 1821825 104 1800018 129 1844779 154 1786442 179 1276476 204 944307 229 1278922 254 2130689 279 1907673 305 2071557 330 1603405 355 1407636 380 2425297 405 2186810 430 1898631 455 2228330 480 1518897 505 2087702 530 1955512 555 2323851 580 1634501 581 0
1 234
236 1 1306 169 0.9848734079720523 0.08942431256191881 0
38 60 0 61 82519 86 76370 111 91690 136 123043 161 97874 186 127356 211 72604 236 69145 261 111047 287 107880 312 138347 337 95263 362 240118 387 141633 412 127711 437 267613 462 476295 487 414296 512 559963 537 523589 562 526433 587 555700 612 1020812 637 971913 662 969608 687 675879 712 843105 738 1932512 763 1476213 788 1118772 813 1329575 838 1423528 863 1813412 888 3089047 913 5459492 938 9170317 939 0
0
237 1 629 225 0.9992508651474978 0.05999381210320431 0
9 75 0 76 1451964 101 1342716 126 949175 151 871765 176 1117164 201 684803 226 675385 227 0
1 236
238 1 617 121 0.9966358946967528 0.14734863785055566 0
31 121 0 122 512209 147 577994 171 699581 196 579402 221 809893 246 1036837 270 1115047 295 1711469 320 1678079 344 1424872 369 1102569 394 1425127 419 2539581 443 2805908 468 2177321 493 1568147 517 852980 542 976766 567 938556 592 1828449 616 2147980 641 2419930 666 2745959 690 1929873 715 1921454 740 1261302 765 2834844 789 3418097 814 3089612 815 0
1 237
239 3 770 209 0.9807768854543515 0.09276563112010668 0
18 250 0 251 1203672 275 1519822 300 1503751 324 1365484 348 1075930 372 1546666 397 1537133 421 1066495 445 513216 469 574991 494 501939 518 596808 542 556686 566 446130 591 545899 615 355536 616 0
2 237 238
240 1 1189 222 0.9819702561866541 0.0865755942510666 0
28 77 0 78 2035209 103 1794147 128 1416793 152 1045267 177 1114021 202 1374478 227 1346947 251 1786299 276 1648071 301 1184656 326 798413 350 947573 375 825883 400 1434126 425 1729161 449 845993 474 1424925 499 1123104 524 1036554 548 694816 573 618931 598 1337300 623 2909719 647 2566312 672 2649845 697 3454787 698 0
0
241 2 689 59 0.9893199735989825 0.13511022116728405 0
24 431 0 432 3763570 457 2214096 482 1387140 506 848595 531 984322 556 1317086 581 1154771 605 1163852 630 1195887 655 1305842 680 1523252 704 1566254 729 1252885 754 1787811 779 1709464 803 1697926 828 1530189 853 1131101 878 667730 902 1131531 927 889005 952 718729 953 0
2 240 242
242 2 678 109 0.9843181668281658 0.13619575337763037 0
9 270 0 271 1798041 297 2321385 323 1807556 349 1454658 374 1560122 400 1012052 426 1265386 427 0
0
243 2 1200 210 0.9859344074150986 0.04045307966741651 0
41 42 0 43 4379019 68 3213650 92 1840135 117 1423128 142 2434375 167 1744374 191 3364181 216 2173963 241 1482161 266 1193443 290 743904 315 654660 340 752939 365 1315256 389 1668767 414 1595040 439 1223102 464 1107409 488 689345 513 825126 538 602705 562 588188 587 583628 612 684767 637 592895 661 785582 686 813720 711 783753 736 927284 760 1191911 785 1286323 810 1121371 835 1210903 859 1996056 884 1511167 909 1305155 934 1428010 958 911078 983 1240507 984 0
0
244 2 1081 212 0.9835923570184907 0.14610191233407793 0
20 73 0 74 257170 99 490812 123 318060 148 189142 173 222928 197 261453 222 266431 247 193911 271 176254 296 342395 320 501881 345 1267559 370 1319402 394 1648534 419 1944330 444 1820425 468 1779708 493 1637099 494 0
2 243 245
245 1 1172 142 0.984627521349385 0.1439021036131875 0
34 143 0 144 147858 169 175787 194 234871 220 267352 245 246772 270 329546 295 349382 320 426575 346 338484 371 547463 396 463939 421 379978 446 874230 472 525421 497 839231 522 1384566 547 1592427 572 1873361 597 1156904 623 1398435 648 2528246 673 2297834 698 3031179 723 2967672 749 2216217 774 1654672 799 1413944 824 1034612 849 951425 875 702329 900 1291065 925 1257486 926 0
0
246 1 1046 156 0.9801775202694987 0.012142926070996861 0
40 69 0 70 4650886 95 3712160 120 2453060 145 2375096 170 2916185 195 1432435 220 1247000 244 1047905 269 1158454 294 1641910 319 978628 344 1143262 369 1182093 394 1479562 419 1547477 444 1264520 469 2208231 494 2318570 519 2149987 543 1848430 568 984325 593 1077767 618 959177 643 828845 668 830025 693 869998 718 1153118 743 1187989 768 684630 793 768051 818 952270 842 680005 867 735163 892 1192046 917 982979 942 1459811 967 1288800 992 1022242 993 0
0
247 1 1097 159 0.9949362579159462 0.14571563149069727 0
11 665 0 666 695102 689 762538 713 642322 736 671364 759 718881 783 725589 806 1373214 830 1628884 853 1318899 854 0
1 246
248 1 1167 136 0.9807284910551286 0.06435073457831365 0
40 53 0 54 16580 79 27004 103 22865 128 65879 153 80522 178 154997 202 185666 227 189919 252 321836 277 301300 301 568736 326 451724 351 485035 375 367795 400 561384 425 610216 450 1273585 474 1294845 499 1060953 524 1264318 549 2385860 573 2491693 598 2786385 623 2823926 648 3751743 672 1709186 697 2013173 722 2338240 746 2367528 771 2034372 796 2119931 821 1508875 845 1122394 870 940055 895 798111 920 885581 944 846744 969 830911 970 0
2 246 249
249 1 843 41 0.9808943429072859 0.14483344029503667 0
10 759 0 760 760795 786 1333503 813 1400196 839 2088285 865 2045761 891 2341398 918 1993317 944 2672278 945 0
1 247
250 3 654 99 0.9813000942099449 0.13743917080468018 0
31 255 0 256 1465094 281 1414692 305 1294662 330 2131357 355 2543034 380 3359274 405 3780458 429 2898230 454 2347272 479 2091638 503 1341094 528 1938530 553 1381346 578 1634278 603 2009118 627 1118974 652 877800 677 612946 701 328477 726 315162 751 685025 776 559620 801 616257 825 668539 850 492951 875 376792 899 411383 924 463409 949 694500 950 0
0
251 3 725 20 0.9979860410025583 0.12540960194983733 0
39 72 0 73 1688181 98 1273788 123 723337 148 566993 173 737914 198 952601 223 531204 249 505668 274 509335 299 605336 324 883093 349 1544863 374 1674293 399 1768735 424 705743 449 600024 474 656237 499 717905 525 686221 550 938807 575 864197 600 755723 625 800601 650 854390 675 1211003 700 1308687 725 996068 750 699649 775 715723 800 731657 825 580746 851 860519 876 1065119 901 1367315 926 2781963 951 2678890 976 2977314 977 0
1 250
252 3 978 54 0.9926856298160198 0.019003201944875297 0
32 14 0 15 636507 40 454642 64 476051 89 396435 113 490841 138 516148 163 683880 187 616458 212 701821 237 1164884 261 861892 286 1035041 310 804554 335 1465275 360 1612073 384 1518977 409 1600936 434 2629978 458 2765336 483 3010595 507 2717299 532 2382601 557 1740728 581 2333066 606 2436473 631 2465423 655 1773336 680 2789785 704 3137918 729 2639180 730 0
2 250 251
7 10 6552985623684024725
0.65038945819291305 0.34563956882504965 0.0039709729820371362 0 0 0 0 
0.29367291714300131 0.5797862507438768 0.11253142456916909 0.014009407543952867 0 0 0 
1.4131189430426344e-09 0.18905960051799561 0.44909739165434842 0.32239542530231813 0.039447581112218938 0 0 
0 0.043752041690362654 0.079271361143687852 0.87011603340370036 0.0033077052290538069 0.0035528585331954204 0 
0 0 0.015190350742277408 0.044334491311077411 0.90080171493640016 0.039640375730251982 3.3067279992976463e-05 
0 0 0 2.9123680876183852e-09 0.21976983161374733 0.68711791872304939 0.093112246750835195 
0 0 0 0 0.018677162951541051 0.41030647336908055 0.57101636367937847 
7 0 0 0 0 0 0 0
0.010830733793942445 0.9897136742867405 0.9207472228865606
