A
300
636 1020
1 63.0 38.0
2 64.0 38.0
3 63.0 37.0
4 64.0 37.0
5 62.0 38.0
6 63.0 36.0
7 62.0 39.0
8 62.0 40.0
9 61.0 38.0
10 60.0 40.0
11 61.0 40.0
12 61.0 39.0
13 60.0 39.0
14 60.0 38.0
15 59.0 36.0
16 60.0 36.0
17 60.0 35.0
18 59.0 35.0
19 60.0 34.0
20 59.0 34.0
21 58.0 36.0
22 58.0 34.0
23 58.0 35.0
24 57.0 35.0
25 57.0 34.0
26 62.0 36.0
27 62.0 37.0
28 56.0 36.0
29 57.0 36.0
30 56.0 35.0
31 56.0 34.0
32 64.0 36.0
33 40.0 50.0
34 40.0 51.0
35 37.0 52.0
36 38.0 52.0
37 37.0 53.0
38 36.0 52.0
39 36.0 53.0
40 34.0 52.0
41 34.0 53.0
42 33.0 53.0
43 33.0 54.0
44 32.0 53.0
45 32.0 54.0
46 35.0 49.0
47 36.0 49.0
48 35.0 48.0
49 36.0 48.0
50 34.0 50.0
51 35.0 50.0
52 34.0 49.0
53 34.0 48.0
54 33.0 52.0
55 34.0 51.0
56 33.0 51.0
57 32.0 52.0
58 32.0 51.0
59 33.0 50.0
60 33.0 49.0
61 32.0 50.0
62 32.0 48.0
63 33.0 48.0
64 47.0 40.0
65 48.0 40.0
66 48.0 38.0
67 48.0 39.0
68 47.0 38.0
69 46.0 40.0
70 46.0 39.0
71 47.0 39.0
72 45.0 40.0
73 45.0 39.0
74 46.0 38.0
75 44.0 39.0
76 45.0 38.0
77 46.0 36.0
78 46.0 37.0
79 45.0 37.0
80 44.0 37.0
81 45.0 36.0
82 46.0 35.0
83 44.0 35.0
84 45.0 35.0
85 43.0 38.0
86 44.0 38.0
87 44.0 40.0
88 44.0 36.0
89 42.0 37.0
90 43.0 37.0
91 41.0 40.0
92 42.0 40.0
93 41.0 39.0
94 41.0 38.0
95 42.0 38.0
96 42.0 36.0
97 41.0 36.0
98 40.0 38.0
99 41.0 37.0
100 40.0 36.0
101 43.0 36.0
102 42.0 35.0
103 43.0 35.0
104 42.0 34.0
105 43.0 34.0
106 42.0 33.0
107 41.0 33.0
108 40.0 34.0
109 41.0 34.0
110 40.0 33.0
111 40.0 32.0
112 41.0 32.0
113 40.0 39.0
114 40.0 40.0
115 39.0 39.0
116 39.0 40.0
117 39.0 36.0
118 38.0 38.0
119 39.0 38.0
120 39.0 37.0
121 37.0 40.0
122 38.0 40.0
123 37.0 39.0
124 38.0 39.0
125 36.0 40.0
126 36.0 39.0
127 37.0 38.0
128 38.0 36.0
129 38.0 37.0
130 36.0 37.0
131 36.0 38.0
132 37.0 37.0
133 37.0 36.0
134 36.0 36.0
135 35.0 40.0
136 35.0 39.0
137 35.0 38.0
138 34.0 40.0
139 34.0 39.0
140 33.0 38.0
141 34.0 38.0
142 34.0 36.0
143 34.0 37.0
144 33.0 37.0
145 32.0 37.0
146 36.0 33.0
147 36.0 34.0
148 35.0 33.0
149 40.0 37.0
150 36.0 32.0
151 35.0 32.0
152 34.0 34.0
153 35.0 34.0
154 34.0 33.0
155 34.0 32.0
156 33.0 36.0
157 33.0 35.0
158 34.0 35.0
159 32.0 36.0
160 32.0 35.0
161 32.0 34.0
162 33.0 34.0
163 41.0 50.0
164 12.0 0.0
165 12.0 1.0
166 0.0 55.0
167 1.0 55.0
168 26.0 10.0
169 27.0 10.0
170 18.0 55.0
171 18.0 56.0
172 8.0 37.0
173 8.0 38.0
174 24.0 55.0
175 24.0 56.0
176 19.0 54.0
177 19.0 55.0
178 5.0 9.0
179 6.0 9.0
180 16.0 52.0
181 17.0 52.0
182 27.0 9.0
183 28.0 9.0
184 28.0 8.0
185 3.0 12.0
186 4.0 12.0
187 3.0 41.0
188 4.0 41.0
189 30.0 35.0
190 30.0 36.0
191 28.0 10.0
192 26.0 11.0
193 18.0 57.0
194 18.0 58.0
195 8.0 0.0
196 8.0 1.0
197 24.0 10.0
198 24.0 11.0
199 25.0 9.0
200 26.0 9.0
201 26.0 8.0
202 24.0 48.0
203 24.0 49.0
204 23.0 49.0
205 25.0 10.0
206 3.0 10.0
207 4.0 10.0
208 24.0 57.0
209 25.0 8.0
210 24.0 8.0
211 24.0 9.0
212 19.0 12.0
213 20.0 12.0
214 4.0 0.0
215 4.0 1.0
216 16.0 57.0
217 17.0 57.0
218 19.0 13.0
219 19.0 14.0
220 18.0 12.0
221 18.0 13.0
222 23.0 6.0
223 24.0 6.0
224 11.0 40.0
225 12.0 40.0
226 23.0 50.0
227 24.0 50.0
228 24.0 4.0
229 24.0 5.0
230 23.0 4.0
231 13.0 1.0
232 20.0 53.0
233 20.0 54.0
234 23.0 5.0
235 22.0 4.0
236 8.0 2.0
237 9.0 2.0
238 0.0 56.0
239 1.0 56.0
240 9.0 39.0
241 10.0 39.0
242 10.0 40.0
243 24.0 61.0
244 25.0 61.0
245 14.0 1.0
246 7.0 7.0
247 7.0 8.0
248 2.0 53.0
249 3.0 53.0
250 2.0 52.0
251 3.0 52.0
252 1.0 7.0
253 2.0 7.0
254 27.0 11.0
255 9.0 35.0
256 9.0 36.0
257 6.0 11.0
258 6.0 12.0
259 7.0 10.0
260 8.0 10.0
261 4.0 16.0
262 5.0 16.0
263 0.0 7.0
264 0.0 54.0
265 1.0 54.0
266 18.0 52.0
267 10.0 38.0
268 4.0 8.0
269 5.0 8.0
270 22.0 48.0
271 22.0 49.0
272 28.0 11.0
273 6.0 32.0
274 7.0 32.0
275 6.0 31.0
276 1.0 52.0
277 1.0 53.0
278 7.0 31.0
279 24.0 12.0
280 6.0 29.0
281 6.0 30.0
282 2.0 56.0
283 32.0 49.0
284 23.0 54.0
285 23.0 55.0
286 6.0 33.0
287 6.0 34.0
288 8.0 5.0
289 8.0 6.0
290 19.0 53.0
291 13.0 2.0
292 1.0 35.0
293 1.0 36.0
294 27.0 8.0
295 25.0 11.0
296 5.0 5.0
297 6.0 5.0
298 14.0 2.0
299 2.0 12.0
300 12.0 39.0
301 24.0 60.0
302 25.0 60.0
303 7.0 30.0
304 13.0 0.0
305 7.0 12.0
306 8.0 8.0
307 9.0 1.0
308 9.0 0.0
309 4.0 11.0
310 0.0 53.0
311 4.0 5.0
312 8.0 11.0
313 7.0 5.0
314 2.0 0.0
315 3.0 0.0
316 20.0 56.0
317 21.0 56.0
318 20.0 59.0
319 21.0 59.0
320 5.0 10.0
321 10.0 1.0
322 10.0 2.0
323 3.0 1.0
324 3.0 2.0
325 2.0 55.0
326 6.0 10.0
327 4.0 9.0
328 10.0 0.0
329 22.0 6.0
330 0.0 6.0
331 1.0 6.0
332 2.0 40.0
333 3.0 40.0
334 2.0 11.0
335 2.0 35.0
336 2.0 36.0
337 2.0 8.0
338 20.0 60.0
339 21.0 60.0
340 0.0 8.0
341 1.0 8.0
342 2.0 1.0
343 0.0 41.0
344 0.0 42.0
345 3.0 11.0
346 4.0 53.0
347 4.0 54.0
348 1.0 41.0
349 2.0 41.0
350 20.0 55.0
351 6.0 4.0
352 7.0 4.0
353 4.0 4.0
354 31.0 34.0
355 6.0 8.0
356 12.0 2.0
357 2.0 10.0
358 1.0 42.0
359 8.0 7.0
360 31.0 36.0
361 22.0 5.0
362 29.0 36.0
363 34.0 54.0
364 8.0 4.0
365 17.0 54.0
366 18.0 54.0
367 36.0 50.0
368 5.0 6.0
369 7.0 6.0
370 8.0 36.0
371 5.0 4.0
372 2.0 2.0
373 6.0 7.0
374 16.0 50.0
375 16.0 51.0
376 6.0 6.0
377 24.0 54.0
378 2.0 6.0
379 1.0 40.0
380 4.0 2.0
381 15.0 12.0
382 16.0 12.0
383 14.0 0.0
384 14.0 13.0
385 14.0 14.0
386 0.0 40.0
387 30.0 38.0
388 31.0 38.0
389 44.0 34.0
390 16.0 56.0
391 2.0 54.0
392 28.0 12.0
393 21.0 50.0
394 22.0 50.0
395 5.0 33.0
396 14.0 12.0
397 19.0 52.0
398 17.0 55.0
399 4.0 32.0
400 5.0 32.0
401 4.0 6.0
402 21.0 58.0
403 22.0 58.0
404 9.0 37.0
405 20.0 48.0
406 20.0 49.0
407 15.0 13.0
408 7.0 11.0
409 16.0 13.0
410 16.0 14.0
411 2.0 16.0
412 2.0 17.0
413 5.0 30.0
414 3.0 16.0
415 3.0 17.0
416 11.0 39.0
417 16.0 53.0
418 3.0 54.0
419 18.0 14.0
420 4.0 17.0
421 12.0 37.0
422 12.0 38.0
423 27.0 12.0
424 23.0 48.0
425 8.0 39.0
426 17.0 53.0
427 21.0 57.0
428 22.0 57.0
429 20.0 13.0
430 20.0 14.0
431 15.0 14.0
432 31.0 33.0
433 31.0 37.0
434 8.0 12.0
435 16.0 58.0
436 17.0 58.0
437 28.0 34.0
438 28.0 35.0
439 20.0 50.0
440 42.0 39.0
441 20.0 58.0
442 25.0 56.0
443 22.0 56.0
444 21.0 55.0
445 22.0 55.0
446 24.0 58.0
447 32.0 33.0
448 10.0 37.0
449 11.0 37.0
450 30.0 34.0
451 16.0 54.0
452 17.0 56.0
453 4.0 52.0
454 2.0 42.0
455 25.0 12.0
456 32.0 32.0
457 0.0 34.0
458 1.0 34.0
459 0.0 35.0
460 0.0 36.0
461 2.0 34.0
462 4.0 33.0
463 20.0 57.0
464 4.0 34.0
465 5.0 34.0
466 8.0 40.0
467 9.0 40.0
468 3.0 42.0
469 21.0 48.0
470 21.0 49.0
471 4.0 40.0
472 4.0 42.0
473 29.0 35.0
474 31.0 32.0
475 8.0 35.0
476 16.0 55.0
477 10.0 36.0
478 9.0 38.0
479 32.0 38.0
480 25.0 57.0
481 11.0 38.0
482 30.0 32.0
483 30.0 33.0
484 30.0 37.0
485 20.0 52.0
486 0.0 52.0
487 22.0 59.0
488 21.0 54.0
489 29.0 34.0
490 28.0 36.0
491 22.0 60.0
492 17.0 50.0
493 17.0 51.0
494 18.0 50.0
495 26.0 12.0
496 18.0 51.0
497 18.0 53.0
498 19.0 56.0
499 22.0 54.0
500 23.0 56.0
501 25.0 58.0
502 24.0 62.0
503 62.0 50.0
504 64.0 50.0
505 60.0 52.0
506 62.0 52.0
507 60.0 50.0
508 64.0 40.0
509 58.0 32.0
510 54.0 40.0
511 56.0 40.0
512 56.0 38.0
513 52.0 36.0
514 54.0 36.0
515 64.0 48.0
516 40.0 48.0
517 42.0 48.0
518 38.0 50.0
519 38.0 48.0
520 48.0 36.0
521 32.0 40.0
522 28.0 40.0
523 30.0 40.0
524 60.0 32.0
525 4.0 44.0
526 24.0 34.0
527 24.0 36.0
528 0.0 10.0
529 56.0 32.0
530 20.0 6.0
531 20.0 8.0
532 20.0 4.0
533 60.0 48.0
534 62.0 48.0
535 22.0 8.0
536 30.0 50.0
537 16.0 38.0
538 16.0 40.0
539 0.0 16.0
540 28.0 32.0
541 0.0 2.0
542 0.0 4.0
543 30.0 48.0
544 2.0 32.0
545 16.0 0.0
546 16.0 2.0
547 4.0 30.0
548 64.0 52.0
549 2.0 4.0
550 28.0 52.0
551 30.0 52.0
552 2.0 44.0
553 0.0 12.0
554 26.0 34.0
555 12.0 12.0
556 26.0 36.0
557 16.0 48.0
558 8.0 34.0
559 0.0 0.0
560 52.0 38.0
561 54.0 38.0
562 6.0 2.0
563 42.0 50.0
564 10.0 4.0
565 12.0 4.0
566 6.0 0.0
567 16.0 60.0
568 18.0 60.0
569 16.0 4.0
570 14.0 4.0
571 24.0 52.0
572 0.0 32.0
573 0.0 18.0
574 22.0 52.0
575 52.0 40.0
576 28.0 50.0
577 18.0 48.0
578 44.0 48.0
579 48.0 34.0
580 22.0 12.0
581 22.0 14.0
582 14.0 40.0
583 4.0 36.0
584 0.0 44.0
585 6.0 36.0
586 14.0 38.0
587 12.0 14.0
588 28.0 38.0
589 4.0 56.0
590 28.0 48.0
591 64.0 56.0
592 56.0 48.0
593 56.0 52.0
594 64.0 32.0
595 52.0 32.0
596 44.0 44.0
597 48.0 44.0
598 40.0 44.0
599 36.0 44.0
600 32.0 44.0
601 32.0 0.0
602 32.0 4.0
603 0.0 48.0
604 4.0 48.0
605 28.0 4.0
606 0.0 64.0
607 4.0 64.0
608 28.0 0.0
609 24.0 0.0
610 16.0 8.0
611 24.0 40.0
612 24.0 44.0
613 32.0 8.0
614 32.0 12.0
615 20.0 0.0
616 48.0 48.0
617 28.0 44.0
618 12.0 8.0
619 8.0 16.0
620 12.0 60.0
621 8.0 56.0
622 8.0 60.0
623 8.0 64.0
624 32.0 28.0
625 0.0 60.0
626 20.0 64.0
627 24.0 64.0
628 8.0 44.0
629 8.0 48.0
630 12.0 56.0
631 8.0 52.0
632 4.0 60.0
633 12.0 64.0
634 16.0 64.0
635 28.0 56.0
636 64.0 0.0
633 634 4
629 631 4
628 629 4
626 634 4
626 627 4
625 632 4
623 633 4
622 632 4
622 623 4
621 622 4
621 631 4
621 630 4
620 630 4
620 633 4
620 622 4
613 614 4
612 617 4
611 612 4
610 618 4
609 615 4
608 609 4
607 632 4
607 623 4
606 625 4
606 607 4
605 608 4
604 629 4
603 604 4
602 613 4
602 605 4
601 636 32
601 608 4
601 602 4
600 617 4
599 600 4
598 599 4
597 616 4
596 598 4
596 597 4
594 636 32
592 616 8
592 593 4
590 617 4
589 632 4
589 621 4
584 603 4
583 585 2
582 586 2
580 581 2
578 596 4
576 590 2
571 574 2
569 610 4
569 570 2
567 634 4
567 620 4
567 568 2
565 618 4
565 570 2
564 565 2
562 566 2
560 575 2
560 561 2
557 629 8
557 577 2
555 618 4
555 587 2
554 556 2
552 584 2
550 635 4
550 571 4
550 576 2
550 551 2
548 591 4
546 569 2
545 615 4
545 546 2
543 590 2
542 549 2
257 326 1
257 408 1
257 258 1
256 404 1
256 477 1
256 370 1
255 256 1
254 272 1
254 423 1
253 378 1
253 337 1
252 341 1
252 263 1
252 331 1
252 253 1
251 453 1
250 276 1
250 251 1
249 346 1
249 418 1
249 251 1
248 391 1
248 277 1
248 250 1
248 249 1
247 355 1
247 306 1
246 373 1
246 369 1
246 359 1
246 247 1
245 383 1
245 298 1
243 502 1
243 301 1
243 244 1
242 467 1
241 416 1
241 267 1
241 242 1
240 467 1
240 478 1
240 425 1
240 241 1
239 282 1
238 625 4
238 239 1
237 322 1
237 307 1
236 364 2
236 562 2
236 237 1
235 532 2
235 361 1
234 361 1
233 350 1
233 488 1
232 485 1
232 290 1
232 233 1
231 304 1
231 291 1
231 245 1
230 234 1
230 235 1
229 234 1
228 605 4
228 609 4
228 230 1
228 229 1
227 571 2
226 394 1
226 227 1
225 582 2
225 300 1
224 242 1
224 416 1
224 225 1
223 229 1
222 329 1
222 234 1
222 223 1
221 419 1
220 382 2
220 221 1
218 429 1
218 221 1
218 219 1
217 436 1
217 452 1
216 435 1
216 390 1
216 217 1
215 323 1
215 380 1
214 315 1
214 566 2
214 215 1
213 531 4
213 580 2
213 429 1
212 220 1
212 218 1
212 213 1
210 535 2
210 223 2
210 211 1
209 210 1
208 480 1
208 446 1
207 320 1
207 327 1
207 309 1
206 357 1
206 345 1
206 207 1
205 295 1
204 424 1
204 271 1
204 226 1
203 227 1
203 204 1
202 612 4
202 590 4
202 424 1
202 203 1
201 209 1
201 294 1
200 201 1
199 211 1
199 209 1
199 205 1
199 200 1
198 295 1
198 279 1
197 205 1
197 211 1
197 198 1
196 236 1
196 307 1
195 566 2
195 308 1
195 196 1
194 568 2
194 441 2
194 436 1
193 217 1
193 194 1
192 495 1
192 295 1
192 254 1
191 272 1
190 484 1
190 362 1
190 360 1
189 473 1
189 450 1
189 190 1
188 472 1
188 471 1
187 468 1
187 349 1
187 333 1
187 188 1
186 261 4
186 258 2
186 309 1
185 345 1
185 299 1
185 186 1
184 605 4
184 613 4
184 294 1
183 191 1
183 184 1
182 200 1
182 294 1
182 183 1
181 493 1
181 426 1
181 266 1
180 375 1
180 417 1
180 181 1
179 355 1
179 326 1
178 269 1
178 327 1
178 320 1
178 179 1
177 498 1
177 350 1
176 233 1
176 366 1
176 290 1
176 177 1
175 500 1
175 442 1
175 208 1
174 285 1
174 377 1
174 175 1
173 478 1
173 425 1
172 404 1
172 370 1
172 173 1
171 498 1
171 452 1
171 193 1
170 177 1
170 398 1
170 366 1
170 171 1
169 191 1
169 254 1
169 182 1
168 200 1
168 205 1
168 192 1
168 169 1
167 325 1
167 265 1
167 239 1
166 238 1
166 264 1
166 167 1
165 356 1
165 231 1
164 328 2
164 304 1
164 165 1
161 447 1
161 354 1
161 162 1
160 161 1
159 360 1
159 160 1
157 162 1
157 160 1
157 158 1
156 157 1
156 159 1
155 456 2
154 155 1
152 162 1
152 158 1
152 154 1
152 153 1
151 155 1
150 151 1
148 154 1
148 153 1
148 151 1
147 153 1
146 150 1
146 148 1
146 147 1
145 479 1
145 433 1
145 159 1
144 156 1
144 145 1
143 144 1
142 158 1
142 156 1
142 143 1
141 143 1
140 144 1
140 479 1
140 141 1
139 141 1
138 521 2
138 139 1
137 141 1
136 139 1
136 137 1
135 136 1
135 138 1
134 142 2
134 147 2
133 134 1
132 133 1
131 137 1
130 134 1
130 132 1
130 131 1
129 132 1
128 133 1
128 129 1
59 60 1
59 61 1
58 61 1
57 551 2
57 58 1
56 59 1
56 58 1
55 56 1
54 56 1
54 57 1
53 63 1
52 53 1
52 60 1
51 367 1
50 52 1
50 55 1
50 59 1
50 51 1
49 599 4
49 519 2
48 53 1
48 49 1
47 49 1
47 367 1
46 48 1
46 52 1
46 51 1
46 47 1
44 57 1
44 45 1
42 54 1
42 44 1
42 43 1
41 42 1
41 363 1
40 55 1
40 54 1
40 41 1
38 367 2
38 40 2
38 39 1
36 518 2
35 38 1
35 37 1
35 36 1
33 518 2
33 516 2
33 163 1
33 34 1
32 594 4
31 529 2
30 31 1
13 14 1
12 13 1
11 12 1
10 511 4
10 13 1
10 11 1
9 12 1
9 14 1
8 508 2
8 11 1
7 12 1
7 8 1
6 32 1
6 26 1
5 7 1
5 27 1
5 9 1
4 32 1
3 27 1
3 6 1
3 4 1
2 508 2
2 4 1
1 3 1
1 5 1
1 2 1
14 16 2
15 18 1
15 21 1
15 16 1
16 26 2
16 17 1
17 19 1
17 18 1
18 23 1
18 20 1
19 524 2
19 20 1
20 22 1
21 29 1
21 23 1
22 509 2
22 23 1
22 25 1
23 24 1
24 25 1
24 30 1
24 29 1
25 31 1
26 27 1
28 514 2
28 512 2
28 30 1
28 29 1
60 283 1
60 63 1
61 536 2
61 283 1
62 600 4
62 543 2
62 283 1
62 63 1
64 71 1
64 69 1
64 65 1
65 597 4
65 575 4
65 67 1
66 520 2
66 68 1
66 67 1
67 71 1
68 71 1
68 74 1
69 70 1
69 72 1
70 74 1
70 73 1
70 71 1
72 73 1
72 87 1
73 76 1
73 75 1
74 78 1
74 76 1
75 86 1
75 87 1
76 86 1
76 79 1
77 82 1
77 81 1
77 520 2
77 78 1
78 79 1
79 81 1
79 80 1
80 90 1
80 88 1
80 86 1
81 84 1
81 88 1
83 103 1
83 389 1
83 88 1
83 84 1
85 95 1
85 90 1
85 86 1
87 596 4
87 92 2
88 101 1
89 95 1
89 99 1
89 96 1
89 90 1
90 101 1
91 114 1
91 93 1
91 92 1
92 440 1
93 440 1
93 113 1
93 94 1
94 99 1
94 98 1
94 95 1
95 440 1
96 102 1
96 101 1
96 97 1
97 100 1
97 99 1
98 113 1
98 149 1
98 119 1
99 149 1
100 108 2
100 149 1
100 117 1
101 103 1
102 104 1
102 103 1
103 105 1
104 109 1
104 106 1
104 105 1
106 107 1
107 112 1
107 109 1
107 110 1
108 110 1
108 109 1
110 111 1
111 150 4
111 112 1
113 115 1
113 114 1
114 598 4
114 116 1
115 124 1
115 119 1
115 116 1
116 122 1
117 128 1
117 120 1
118 129 1
118 127 1
118 124 1
118 119 1
119 120 1
120 129 1
120 149 1
121 123 1
121 125 1
121 122 1
122 124 1
123 127 1
123 126 1
123 124 1
125 599 4
125 126 1
125 135 1
126 131 1
126 136 1
127 131 1
127 132 1
258 305 1
259 408 1
259 326 1
259 260 1
260 306 2
260 312 1
261 420 1
261 414 1
261 262 1
263 340 1
263 330 1
264 310 1
264 265 1
265 277 1
265 391 1
266 397 1
266 497 1
266 496 1
267 481 1
267 448 1
267 478 1
268 337 2
268 401 2
268 327 1
268 269 1
269 355 1
270 469 1
270 424 1
270 271 1
271 394 1
271 470 1
272 392 1
273 286 1
273 400 1
273 275 1
273 274 1
275 281 1
275 278 1
276 486 1
276 277 1
277 310 1
279 580 2
280 281 1
281 413 1
281 303 1
282 589 2
282 325 1
284 499 1
284 377 1
284 285 1
285 500 1
285 445 1
286 395 1
286 287 1
287 585 2
287 558 2
287 465 1
288 364 1
288 313 1
288 289 1
289 359 1
289 369 1
290 497 1
290 397 1
291 356 1
291 298 1
292 459 1
292 458 1
292 335 1
292 293 1
293 336 1
293 460 1
295 455 1
296 371 1
296 368 1
296 311 1
296 297 1
297 376 1
297 351 1
297 313 1
298 570 2
298 546 2
299 553 2
299 334 1
300 422 1
300 416 1
301 491 2
301 446 2
301 302 1
304 383 1
305 434 1
305 408 1
306 618 4
306 359 1
307 321 1
307 308 1
308 328 1
309 345 1
310 486 1
311 401 1
311 353 1
312 408 1
312 434 1
313 352 1
313 369 1
314 559 2
314 342 1
314 315 1
315 323 1
316 463 1
316 498 1
316 350 1
316 317 1
317 444 1
317 427 1
317 443 1
318 441 1
318 338 1
318 319 1
319 487 1
319 402 1
319 339 1
320 326 1
321 328 1
321 322 1
322 564 2
322 356 2
323 342 1
323 324 1
324 380 1
324 372 1
325 391 1
329 535 2
329 530 2
329 361 1
330 542 2
330 331 1
331 378 1
332 349 1
332 379 1
332 333 1
333 471 1
334 357 1
334 345 1
335 461 1
335 336 1
336 583 2
337 357 2
337 341 1
338 626 4
338 568 2
338 339 1
339 491 1
340 528 2
340 341 1
342 372 1
343 386 1
343 348 1
343 344 1
344 584 2
344 358 1
346 453 1
346 347 1
347 589 2
347 418 1
348 379 1
348 358 1
348 349 1
349 454 1
350 444 1
351 562 2
351 371 1
351 352 1
352 364 1
353 380 2
353 549 2
353 371 1
354 450 1
354 432 1
355 373 1
356 565 2
357 528 2
358 454 1
360 433 1
362 490 1
362 473 1
364 564 2
365 451 1
365 398 1
365 426 1
365 366 1
366 497 1
367 518 2
368 401 1
368 376 1
369 376 1
370 585 2
370 475 1
372 541 2
372 549 2
373 376 1
374 557 2
374 492 1
374 375 1
375 493 1
377 571 2
378 401 2
378 549 2
379 386 1
380 562 2
381 407 1
381 396 1
381 382 1
382 610 4
382 409 1
383 545 2
384 407 1
384 396 1
384 385 1
386 460 4
387 588 2
387 523 2
387 484 1
387 388 1
388 479 1
388 433 1
390 630 4
390 452 1
390 476 1
391 418 1
393 470 1
393 439 1
393 394 1
394 574 2
395 462 1
395 465 1
395 400 1
396 555 2
397 485 1
398 476 1
398 452 1
399 547 2
399 544 2
399 462 1
399 400 1
402 427 1
402 441 1
402 403 1
403 446 2
403 428 1
403 487 1
404 448 1
404 478 1
405 577 2
405 469 1
405 406 1
406 439 1
406 470 1
407 431 1
407 409 1
409 410 1
411 539 2
411 414 1
411 412 1
414 415 1
416 481 1
417 426 1
417 451 1
421 422 1
422 586 2
422 481 1
425 466 1
426 497 1
427 463 1
427 428 1
428 443 1
429 430 1
432 447 1
432 483 1
432 474 1
433 484 1
434 555 4
434 619 4
435 567 2
435 436 1
437 540 2
437 554 2
437 489 1
437 438 1
438 490 1
438 473 1
439 485 2
439 494 2
441 463 1
443 500 1
443 445 1
444 488 1
444 445 1
445 499 1
446 501 1
447 456 1
448 477 1
448 449 1
449 481 1
450 483 1
450 489 1
451 476 1
453 631 4
453 604 4
454 552 2
454 468 1
456 624 4
456 474 1
457 572 2
457 459 1
457 458 1
458 461 1
459 460 1
461 464 2
461 544 2
462 464 1
464 583 2
464 465 1
466 628 4
466 471 4
466 467 1
468 472 1
469 470 1
471 583 4
472 525 2
473 489 1
474 482 1
479 521 2
482 540 2
482 483 1
485 574 2
486 603 4
487 491 1
488 499 1
490 556 2
490 588 2
492 494 1
492 493 1
493 496 1
494 577 2
494 496 1
499 574 2
503 534 2
503 506 2
503 507 2
503 504 2
504 548 2
504 515 2
505 507 2
505 506 2
506 548 2
507 533 2
508 515 8
509 529 2
509 524 2
510 561 2
510 575 2
510 511 2
511 592 8
511 512 2
512 561 2
513 520 4
513 595 4
513 560 2
513 514 2
514 561 2
515 534 2
516 598 4
516 519 2
516 517 2
517 578 2
517 563 2
518 519 2
520 579 2
521 600 4
521 523 2
522 611 4
522 617 4
522 588 2
522 523 2
524 594 4
525 628 4
525 604 4
525 552 2
526 527 2
527 611 4
527 556 2
528 553 2
529 595 4
530 532 2
530 531 2
531 610 4
531 535 2
532 569 4
532 615 4
533 592 4
533 534 2
536 543 2
536 551 2
536 576 2
537 538 2
538 611 8
538 557 8
538 582 2
539 553 4
539 573 2
541 559 2
541 542 2
1
530 93 1 2
250
1 2 723 320 0.9215532904083908 0.1288471033842962 0
8 59 0 60 930201 86 974585 112 1442799 137 1011708 163 781994 189 952744 190 0
0
2 2 666 465 0.9168359776351869 0.12621672213022703 0
8 148 0 149 1411765 174 1085904 199 1534766 223 1165466 248 2226041 273 1886099 274 0
0
3 2 1434 573 0.9191806136613724 0.14722651363394507 0
11 105 0 106 2508922 130 2868576 154 2792549 178 1687023 203 1056956 227 1116886 251 806083 275 430696 299 457664 300 0
1 2
4 2 695 477 0.9126439640294962 0.1106904095560239 0
13 49 0 50 1519293 74 894138 98 749891 122 1092036 146 1571324 171 1772248 195 1118485 219 2044289 243 2876207 267 2430369 291 1957344 292 0
2 2 3
5 2 1100 573 0.9239586150328456 0.07457639084209124 0
15 1 0 2 1635746 27 2935215 51 2220765 75 1525683 100 1200722 125 924765 149 1317039 173 1340512 198 777362 223 663764 247 627151 271 645492 296 499950 297 0
1 2
6 2 909 489 0.9232715999144062 0.08485017074944233 0
10 95 0 96 1171468 122 1119004 148 1779713 174 1406447 200 1400167 226 1431399 252 1097064 278 634431 279 0
0
7 2 1110 420 0.926501829929013 0.02463972069490185 0
11 93 0 94 513599 119 695794 145 659048 170 732731 195 1112663 221 1164560 246 1028422 272 1459127 297 1674130 298 0
2 6 8
8 2 875 317 0.9187912042165208 0.09340962701325255 0
12 46 0 47 2845092 73 2923697 99 2050171 125 1429882 151 1458017 176 1003985 202 851441 228 1422236 254 1296886 280 1058989 281 0
0
9 2 940 374 0.9286288437591887 0.08931297656433566 0
14 7 0 8 1028700 34 795487 60 910391 86 1325543 112 1006600 138 506365 164 702776 190 720313 216 1029161 242 1275045 268 955278 294 1448597 295 0
0
10 2 1091 67 0.9220958423812496 0.13100775078663687 0
9 128 0 129 1534708 154 991701 179 1416567 204 1249284 229 1105630 254 1102911 279 1429825 280 0
2 9 11
11 2 1466 252 0.910638735895784 0.07549643511317652 0
9 71 0 72 1207573 97 1501468 121 1534068 145 1237227 170 1779234 195 983201 219 1343090 220 0
0
12 2 1455 59 0.9206803077738202 0.026391890069795882 0
8 144 0 145 879691 170 1432371 194 1733140 219 1528583 243 1065224 268 1252134 269 0
0
13 2 658 318 0.9182500600994182 0.05302783212771177 0
8 77 0 78 1317281 104 1776093 130 2003354 157 1956564 183 2277965 209 2315479 210 0
1 12
14 2 1053 166 0.9200227773888399 0.14905696415264413 0
7 127 0 128 963929 153 1128589 179 745835 204 1119563 229 1056123 230 0
0
15 2 1478 368 0.9277167301713997 0.06994752464958925 0
12 36 0 37 914227 61 638317 85 670381 109 813298 133 935631 156 1354567 180 1557476 204 999945 228 1361829 252 1512077 253 0
1 14
16 2 1042 567 0.9128282646080326 0.0162853953197555 0
11 94 0 95 2358197 119 2197509 143 1608461 167 1088050 191 1096303 215 1700219 239 1928217 263 2289520 287 2415602 288 0
2 14 15
17 2 800 170 0.9181421687474463 0.096825227890616 0
12 10 0 11 1047389 37 2146298 63 2084818 90 1697154 116 1660563 142 1770526 168 2074679 195 1598913 221 1777519 247 2962601 248 0
0
18 2 1448 13 0.9294402637824161 0.08973346990254064 0
8 54 0 55 2276165 81 1466690 107 1256065 132 1234541 158 808499 184 1135567 185 0
1 17
19 2 990 481 0.9270233320359103 0.08475031951109104 0
9 34 0 35 2460327 61 3288357 87 1811511 113 1111733 139 1051729 165 787458 191 644253 192 0
0
20 2 882 320 0.9272999887306753 0.10660961018314351 0
7 36 0 37 1531070 63 2025539 90 1645501 117 2399226 143 2076611 144 0
1 19
21 2 1133 3 0.9205571205705332 0.025937033419209388 0
14 17 0 18 1646426 42 1106325 66 1508283 91 2725494 115 2208186 139 2313105 163 954746 187 1050236 211 903051 236 731855 260 1209160 284 2454762 285 0
0
22 2 1251 347 0.9120761618521563 0.08683491900872246 0
7 158 0 159 2635745 187 1279350 214 753236 241 553222 269 669794 270 0
1 21
23 2 1302 329 0.9155223512502083 0.03190590603616957 0
9 96 0 97 1251929 122 1715273 147 1653622 172 1385071 197 2283799 222 1828201 247 1746963 248 0
1 21
24 2 1154 322 0.9264919656877965 0.08498002517890911 0
15 0 0 1 1325430 26 1296939 51 1545463 76 2160648 101 2177749 126 1996363 151 1096590 175 1444589 200 1311398 225 1097247 250 796314 275 778703 300 1237716 301 0
2 21 22
25 2 818 569 0.9202405326173235 0.11103276796948033 0
13 32 0 33 3162843 58 2683913 82 1551636 107 2195675 132 1960944 157 1265305 181 2082078 206 1885856 231 1285656 255 732007 280 632813 281 0
0
26 2 1308 572 0.9137322497030134 0.014204559910089636 0
13 6 0 7 3120025 31 1620101 56 1609176 80 1027475 104 718451 129 649583 153 466595 177 450411 201 350867 226 293938 250 263794 251 0
0
27 2 1025 388 0.9244982801817806 0.004192930288368424 0
12 28 0 29 1050269 53 1393297 78 1651273 102 1291293 127 2002432 151 1160087 176 672562 200 596241 225 400487 249 367753 250 0
2 26 28
28 2 773 285 0.9109580039705732 0.01499071100054134 0
14 12 0 13 2331196 39 2110120 64 1465324 90 1181367 115 2023597 141 1676095 166 2515428 192 2452588 217 2042807 243 1966895 268 1603918 294 1995501 295 0
0
29 2 1332 31 0.922495261297268 0.07358901265155235 0
14 0 0 1 585959 27 1016792 52 692051 78 831318 103 2190015 129 2029473 154 2453683 180 3062276 205 1506857 231 1274997 256 1959824 282 2042484 283 0
0
30 2 979 158 0.9205602819593575 0.1124396002375322 0
11 10 0 11 975293 35 784798 60 1097246 84 1216675 109 1451398 133 1626319 157 1732856 182 2269975 206 2616050 207 0
1 29
31 2 935 604 0.9199372297151427 0.022213079489810404 0
9 51 0 52 1370137 78 1339547 105 1626807 131 2645142 157 2134975 184 1521425 210 1732359 211 0
1 30
32 2 1356 487 0.9291617094969298 0.10026663869709898 0
10 16 0 17 239718 42 328257 68 460110 93 791575 119 1068713 144 1478336 170 1816691 195 2707608 196 0
0
33 2 516 246 0.9163911267102133 0.0005452835183578974 0
10 12 0 13 3119153 36 3405293 59 2191974 82 1350295 106 996307 129 1052926 152 864208 175 878626 176 0
1 32
34 2 1363 382 0.912545746990163 0.14515201897267918 0
10 51 0 52 3369418 75 2802824 98 1692953 121 1306674 145 1136948 168 569337 191 785591 214 785923 215 0
0
35 2 1100 193 0.9240118392864166 0.09605028916935847 0
8 57 0 58 1564034 83 1222497 109 1198930 134 1935839 160 1205980 185 523047 186 0
2 34 36
36 2 581 522 0.92598476383796 0.07009254722751428 0
14 4 0 5 902289 29 520066 53 677814 78 560908 102 953373 126 1211279 150 1138245 174 1261860 198 743489 223 1880193 247 1784459 271 1325097 272 0
0
37 2 713 255 0.9166855111510565 0.11253103661105322 0
9 81 0 82 2948055 106 2233858 130 1691728 154 1111706 178 847091 202 498620 226 287358 227 0
1 36
38 2 748 97 0.9117554628899188 0.10226678817990331 0
12 65 0 66 475859 92 689055 118 763842 144 682329 170 629142 196 836273 222 677999 248 1350545 274 1996275 300 3197118 301 0
0
39 2 1381 269 0.9121024128694795 0.12776989658998872 0
13 36 0 37 395108 61 359583 85 806220 108 1205072 132 1032720 156 1632303 180 1667089 204 1284164 227 1625228 251 1812755 275 1388400 276 0
1 38
40 2 779 346 0.9275083484654136 0.04809608747636297 0
8 36 0 37 1154406 63 1497568 89 1217836 115 1344411 141 975686 167 870965 168 0
0
41 2 1084 89 0.9270989504063109 0.07439632782968549 0
8 103 0 104 676534 129 839069 154 1528295 179 1632910 204 1493249 229 1401658 230 0
1 40
42 2 1102 471 0.9185031086501443 0.13191909762232198 0
9 140 0 141 1470561 167 1705672 194 1520161 220 1226428 246 738808 273 715405 299 586589 300 0
1 41
43 2 1253 335 0.9249497379202196 0.031941754453420304 0
7 161 0 162 1325374 187 1007271 212 1166239 237 1588441 262 1881679 263 0
0
44 2 1098 268 0.9284129368149919 0.11662499232979343 0
14 8 0 9 1813732 33 1707854 57 2154931 81 2065187 105 1551613 129 1569296 152 1345215 176 1110392 200 1142609 224 1616344 248 2048280 272 2391599 273 0
1 43
45 2 517 615 0.922654569671963 0.04484297464913742 0
13 15 0 16 3624302 41 2015234 66 1213824 91 792046 116 870622 141 692092 166 728069 191 636485 216 787893 241 692388 266 417776 267 0
1 43
46 2 696 142 0.9225027812281845 0.012997647896171792 0
12 40 0 41 2526374 65 1749270 89 1419060 113 1319833 137 1616660 160 2318362 184 1587794 208 1332956 232 1073083 256 1512694 257 0
0
47 2 1131 581 0.9200979651269905 0.08589124215954365 0
12 41 0 42 1112403 66 1415130 90 1875248 115 1048321 139 866500 163 1507661 187 949263 212 1568702 236 1483448 260 1136359 261 0
2 46 48
48 2 772 373 0.9157220466967616 0.0035612976783327473 0
9 36 0 37 3302152 64 1702490 91 1894020 117 1070210 144 931698 171 1442105 198 916521 199 0
0
49 2 1005 590 0.9194907434919843 0.08590361512641688 0
13 1 0 2 1409168 26 1326897 51 2194384 75 1845746 100 2616700 124 3682194 148 2312961 173 1554225 197 779518 222 1024380 246 1278185 247 0
0
50 2 722 161 0.9132571218085599 0.00286309049201785 0
11 0 0 1 2610335 27 1523040 53 1648973 79 1347967 105 2481071 132 1879545 158 1997065 184 1977350 210 1867837 211 0
1 49
51 2 1384 331 0.9167705245114587 0.0022337801089319597 0
10 80 0 81 398441 104 370748 128 506761 151 892643 175 1329809 198 1445808 222 1671481 245 747726 246 0
1 49
52 2 1272 189 0.9127425922147118 0.13634091649334495 0
12 38 0 39 1540618 64 1823848 89 1349100 114 1509590 139 2542096 164 1509334 189 1428107 214 1710775 239 2518989 264 2272042 265 0
0
53 2 1008 430 0.9202187222986112 0.028115567963017684 0
13 41 0 42 612561 66 568552 90 820295 114 952857 138 1085353 162 1207936 186 1138360 210 1538013 234 1933153 258 2081454 282 2251636 283 0
1 52
54 2 1423 453 0.9173658862735696 0.023350899555584496 0
8 135 0 136 1652089 161 1301753 186 994855 210 919580 235 1520226 260 2316116 261 0
1 52
55 2 1384 262 0.9192101585476999 0.05717694545017658 0
7 101 0 102 1138012 128 1322164 155 988436 181 1137349 207 795593 208 0
0
56 2 1377 499 0.9163784711523817 0.14265072859557376 0
12 12 0 13 1035588 38 807904 62 1018181 87 1478798 112 1858283 136 1148230 161 866123 186 796058 210 483435 235 284682 236 0
1 55
57 2 1197 262 0.9109171051630117 0.029797424630677846 0
14 13 0 14 1437093 39 1614853 64 1235436 90 1689882 115 1776290 140 805915 165 964538 190 755270 215 519927 241 356663 266 208336 291 170939 292 0
1 56
58 2 639 557 0.9230831055233436 0.09677821106125341 0
9 78 0 79 2050024 104 1699381 129 1764964 153 1492310 178 1817641 203 971672 228 999677 229 0
1 56
59 2 1301 602 0.9284945598612235 0.06616393349234828 0
12 75 0 76 1411184 100 2096803 123 1433263 147 1305712 170 1623187 194 1133768 217 412894 241 380620 264 522718 288 431036 289 0
0
60 2 949 494 0.9216791533083499 0.11089418953567162 0
13 21 0 22 985174 48 636215 73 793807 99 810470 125 1013710 151 1037287 176 1226345 202 1123571 228 1898334 253 1745659 279 2921560 280 0
1 59
61 2 839 503 0.912134150277741 0.14434454856150447 0
13 4 0 5 1665498 30 1181195 55 1182994 80 1651061 105 1577319 129 1865156 154 2231026 179 2819819 204 2658481 229 2342692 254 1521139 255 0
1 60
62 2 1346 74 0.9250970528559204 0.006764877119945189 0
11 23 0 24 330452 49 319876 73 535518 98 514957 123 664970 148 1606753 173 1429877 197 3014853 222 1676176 223 0
0
63 2 731 152 0.9259237665767023 0.06413934952863937 0
9 76 0 77 858381 101 1455970 124 869338 148 965204 172 1545193 195 1053398 219 1652485 220 0
0
64 2 789 232 0.9196691887634162 0.04831409589416081 0
14 6 0 7 1114445 33 933700 58 759502 84 700944 110 526755 135 554611 161 744790 186 2009210 212 2008247 238 1547024 263 1153629 289 1276067 290 0
1 63
65 2 852 626 0.917764713039456 0.07578459343603589 0
11 94 0 95 642578 121 670913 146 801644 172 852228 197 1505897 223 1132859 249 1720244 274 2020906 300 1844109 301 0
1 64
66 2 1022 557 0.924643003894039 0.07122041054805807 0
9 11 0 12 1777094 37 1864147 61 1453498 86 1593049 111 1972480 135 1842538 160 1850343 161 0
0
67 2 1218 352 0.9123515818197644 0.11446206599433334 0
15 5 0 6 1190459 30 1310523 54 967776 78 1121655 102 1491398 126 1337448 151 1316638 175 894423 199 705130 223 1535967 247 1888199 271 1228638 295 575664 296 0
1 66
68 2 856 513 0.9235096981191164 0.0018123549370751778 0
11 24 0 25 1110848 51 1504627 77 1466518 103 1589741 129 1652868 155 1652228 181 1361093 207 1077024 233 630978 234 0
1 67
69 2 816 179 0.9103732708990085 0.12898501432195772 0
10 44 0 45 749382 69 629327 94 1068926 118 1400343 142 1738867 166 2513852 191 3727885 215 1879675 216 0
2 67 68
70 2 1144 177 0.9248236769230473 0.09029512112041733 0
12 84 0 85 774342 109 1007578 132 2016700 156 1258795 180 1074584 203 859885 227 711621 251 552550 274 466027 298 308859 299 0
0
71 2 648 248 0.9282435245116665 0.07732595097053137 0
13 25 0 26 1290583 50 1919514 75 1661937 99 1893602 124 1370845 148 1103598 172 702944 197 1342954 221 905127 246 903164 270 1800731 271 0
1 70
72 2 1265 182 0.9105329046111406 0.016545402748165395 0
8 56 0 57 1907700 80 1687020 104 1687134 127 1829735 151 1874627 174 1413105 175 0
2 70 71
73 2 1434 397 0.9153594078470245 0.11102473037574058 0
12 52 0 53 2981057 78 2327685 104 1280067 129 906375 155 1102457 180 892568 206 612149 231 368307 257 196858 282 454109 283 0
0
74 2 707 152 0.9112996373124981 0.0002717808169896085 0
8 93 0 94 1380890 116 2131964 139 1645735 161 1332715 184 1282235 206 1519155 207 0
1 73
75 2 726 574 0.9201127819035644 0.12673856975807532 0
14 10 0 11 1941864 36 1909470 61 1705731 86 1359176 111 1310664 136 1009390 162 1044767 187 1280778 212 1010887 237 1054264 262 1109245 287 1745840 288 0
1 74
76 2 682 77 0.9213714669772194 0.1262289433291844 0
10 34 0 35 2666017 61 1444180 88 1121795 114 1279962 141 1401746 167 1461138 194 1444252 220 1954752 221 0
2 74 75
77 2 1485 151 0.9211784172782802 0.14223468629310243 0
11 82 0 83 816622 108 1037445 133 1033520 158 1068541 183 1167138 209 1623144 234 3791276 259 2269714 284 1110952 285 0
0
78 2 1407 556 0.9193048526214495 0.09067928065537287 0
12 26 0 27 1337228 52 1359695 78 1045993 103 838358 129 1351934 154 1359383 180 1584117 205 2104284 231 3201581 256 3239423 257 0
1 77
79 2 1193 483 0.9295940746378605 0.03976396986703222 0
10 101 0 102 1649068 128 1231770 154 1256813 180 1318267 205 2230311 231 2519957 257 2279506 283 2153770 284 0
0
80 2 824 37 0.9216544497354934 0.05974925409802334 0
7 11 0 12 2151201 39 1373781 65 998814 92 1064183 119 1246479 120 0
1 79
81 2 1126 190 0.9291564562410783 0.12802769344631879 0
13 25 0 26 2789533 51 1775418 76 1889462 101 1686115 126 1334600 151 2189842 175 2378233 200 1685631 225 1642120 250 1729510 275 1309170 276 0
1 79
82 2 1049 234 0.9218179013978133 0.1374541312781155 0
10 134 0 135 1532800 158 1807473 181 1678365 204 1668924 228 1761949 251 1037358 274 1863861 297 2603994 298 0
0
83 2 658 436 0.9197581905482386 0.039373492762790285 0
13 39 0 40 1178792 65 1133368 90 1020607 115 727514 140 1626053 165 555147 189 617420 214 928439 239 1410181 264 752229 289 817736 290 0
1 82
84 2 1026 271 0.9142077411025158 0.11312326952991988 0
15 0 0 1 1005301 26 1096589 51 787628 75 1194066 100 787991 125 881526 150 1209037 175 1399918 200 2095733 225 2147788 249 1698726 274 2181074 299 1888884 300 0
2 82 83
85 2 1418 92 0.9229995703995777 0.12449527606855161 0
14 0 0 1 810998 26 915614 51 748047 76 1114730 101 2808202 126 1914579 150 1790679 175 895649 200 472994 225 328609 250 373477 275 317425 276 0
0
86 2 645 334 0.9119853138774476 0.14878292792137313 0
8 38 0 39 1030101 66 1075350 93 888426 121 1055305 148 1491685 175 1220608 176 0
1 85
87 2 907 452 0.9134256641800744 0.10579124646931813 0
15 1 0 2 2144543 27 2071614 51 982716 76 1139209 101 1189210 125 1000094 150 1258370 175 2275750 199 1741988 224 1315603 249 1329809 273 1518067 298 553240 299 0
1 85
88 2 1433 616 0.9261154554096073 0.04205964526632483 0
13 27 0 28 1121697 52 1136368 77 1123776 101 1188925 125 1831326 149 1634944 174 2387243 198 2071504 222 3038003 247 2525799 271 2107842 272 0
0
89 2 1458 66 0.9278462794714291 0.061705681439331375 0
12 6 0 7 2789215 32 1660614 56 2148167 81 1145320 106 648507 130 542454 155 389548 180 303171 204 199168 229 387644 230 0
0
90 2 775 49 0.9118033216013375 0.08495105315253015 0
9 85 0 86 1450003 111 2073536 135 1672251 160 1156964 185 1466990 209 2113157 234 1540491 235 0
1 89
91 2 1283 176 0.9132880227625357 0.08667603406384407 0
13 22 0 23 3784853 49 3314246 74 2670154 100 2451984 126 1397854 151 924748 177 1009610 203 1015215 229 553251 254 529611 280 301191 281 0
2 89 90
92 2 1369 373 0.9263074388573509 0.05274015275668007 0
14 13 0 14 1920056 40 1446480 65 989465 91 971058 117 1252263 142 1320326 168 853430 193 956500 219 1458602 245 1167504 270 1362194 296 1406990 297 0
1 90
93 2 1387 503 0.9209866526170998 0.0794968599934134 0
9 133 0 134 2135240 159 1669113 184 1945736 209 2129884 235 1645783 260 745061 285 559946 286 0
0
94 2 1451 54 0.911687168745037 0.005731763411572382 0
15 5 0 6 901987 30 740294 55 987332 79 963648 103 1334690 127 1593176 151 2872164 176 1856720 200 1549811 224 1063692 249 1177914 273 2235868 297 1976434 298 0
0
95 2 1096 547 0.9259713888038331 0.12459530052228449 0
12 7 0 8 2439890 34 2234477 59 3022886 85 2659450 111 1544753 136 820350 162 1290379 188 1406252 213 811935 239 466594 240 0
1 94
96 2 1452 501 0.916195977243783 0.07694048384216903 0
13 14 0 15 2375650 39 1520563 64 2213526 88 1935766 112 1244680 137 1364938 161 1257859 185 1378270 209 1129937 234 1157128 258 1512820 259 0
0
97 2 1205 30 0.9197411700652598 0.029100053634815347 0
8 150 0 151 524631 175 578915 199 1284371 222 2257013 246 2211254 270 2984443 271 0
1 96
98 2 988 343 0.9239734200691145 0.09121510977462853 0
14 1 0 2 700690 28 709929 53 719833 79 659827 105 1005317 130 1335561 156 1547870 181 1876084 207 1855512 233 1820488 258 1633311 284 1101095 285 0
0
99 2 1472 365 0.9222380050990203 0.07612508998383874 0
13 9 0 10 685275 34 1207704 59 2021504 83 2975072 108 1803012 132 1850322 156 1449333 181 1252904 205 1531106 230 614690 254 594205 255 0
1 98
100 2 1066 179 0.922446815031467 0.1283147314968816 0
13 12 0 13 1798333 37 1530984 62 1306604 86 1727593 111 1165222 135 1479447 159 933416 184 842400 208 672224 233 399760 257 339641 258 0
0
101 2 1432 68 0.9212466793865812 0.017023535557235618 0
11 94 0 95 1294553 120 922605 145 1314929 170 1557563 195 1356672 219 1806082 244 2716971 269 2951878 294 1806155 295 0
1 100
102 2 778 27 0.9252232199749494 0.07583865496712745 0
11 63 0 64 1274646 89 1626051 114 1722193 139 1361246 163 1162831 188 676717 213 685858 238 416738 263 498874 264 0
0
103 2 730 607 0.9237522284233775 0.14058441232182511 0
12 62 0 63 1918405 88 1476683 112 2352961 137 1787507 161 2213397 186 1883473 210 899034 235 992206 259 580093 284 509648 285 0
0
104 2 539 120 0.915585259112626 0.019818992495663105 0
7 198 0 199 1346913 224 1808212 249 1833364 274 1520374 299 1915683 300 0
1 103
105 2 1069 76 0.926516053726896 0.08520941917447353 0
13 34 0 35 869498 60 1130373 85 1621737 110 606420 135 660293 159 533366 184 545134 209 1156416 234 1493017 259 1637603 284 1418415 285 0
0
106 2 1365 526 0.9200643535318064 0.07827275233777237 0
10 46 0 47 974919 73 713950 99 1400725 125 1624259 150 2038099 176 2129648 202 2313548 228 1675559 229 0
1 105
107 2 981 11 0.927110574081284 0.08363096485133938 0
12 20 0 21 1707622 47 1736486 73 1622842 98 1455001 124 1479497 150 2290368 176 1801785 201 942750 227 713325 253 548124 254 0
0
108 2 758 20 0.91031997241208 0.025190404663017835 0
11 110 0 111 614352 135 938583 158 680881 181 745910 205 745670 229 1367774 252 1646882 275 1076371 299 1453179 300 0
3 107 109 110
109 2 1144 166 0.9118746325573073 0.08826706259057712 0
15 0 0 1 1860277 25 2109597 50 1179196 75 815776 99 1125104 123 814642 148 1469616 173 787230 197 849440 221 734707 246 876447 271 1087663 295 454564 296 0
0
110 2 786 62 0.9133139416148016 0.0811553442413157 0
9 112 0 113 2161196 137 2658654 162 1984449 186 1751478 210 1621402 235 1340487 259 992967 260 0
0
111 2 659 192 0.9161077849589017 0.02341341585343228 0
13 1 0 2 277610 26 531517 50 889746 75 1154732 99 1135710 123 1548141 147 1444343 171 1242795 196 980664 220 833276 244 1023322 245 0
0
112 2 1373 517 0.9281263590255356 0.04716262931288059 0
14 2 0 3 3098349 28 2151380 53 2153656 78 2832591 103 1889292 128 1385078 154 1079498 179 1125499 204 933290 229 721985 254 703415 279 437954 280 0
1 111
113 2 997 83 0.9189125958008394 0.11042214934260579 0
8 109 0 110 1281283 135 871635 161 1093752 186 1110658 212 951245 237 879862 238 0
0
114 2 686 603 0.9106552983966723 0.12459755679842971 0
8 34 0 35 2922191 58 2425228 80 1961416 103 1750786 125 1317006 148 914936 149 0
1 113
115 2 1038 394 0.9144033160431191 0.13571518511041897 0
9 121 0 122 819078 145 1136558 168 1521170 191 1370364 215 1348382 238 1527098 261 1716190 262 0
1 114
116 2 1146 130 0.9141116981276838 0.020437331324978963 0
13 22 0 23 1242915 47 1290679 71 596060 96 621821 120 635037 144 685280 168 798785 192 1459530 217 2107792 241 2297065 265 3719053 266 0
0
117 2 923 341 0.9223471434608576 0.018546649826577492 0
9 116 0 117 1636999 144 1010238 170 1205382 197 874747 224 1007730 250 1328593 277 1085605 278 0
1 116
118 2 618 471 0.9287425197416422 0.1269074367783695 0
9 119 0 120 1056390 147 1228997 173 1468650 199 843191 226 1057312 253 1033777 279 963955 280 0
1 117
119 2 1311 542 0.9220897772091459 0.09546681137681062 0
12 7 0 8 1058614 34 1570394 59 1534398 85 1427331 110 1451720 136 1848474 161 1539569 187 1031573 212 745008 238 271791 239 0
0
120 2 1136 580 0.9231868652374731 0.10987556675111401 0
10 58 0 59 635880 85 973036 112 1229129 138 1114863 164 842742 190 1361496 217 1468371 243 2432922 244 0
0
121 2 1423 501 0.9115480475192564 0.09411276920657728 0
11 65 0 66 800889 91 1150090 116 1063330 141 1091269 165 798217 190 1152366 215 1535503 240 1775065 265 1165892 266 0
0
122 2 1412 328 0.9265380011064736 0.03908705971568345 0
9 61 0 62 740115 85 1683578 108 2063021 131 1623310 154 1623898 177 2412698 200 1876650 201 0
1 121
123 2 1233 262 0.9151969740896629 0.02409392368147004 0
9 78 0 79 934681 104 805578 129 840990 155 1054094 180 1168200 205 1982446 230 3196563 231 0
1 121
124 2 1265 486 0.921279997495203 0.07828072300287517 0
11 43 0 44 2726849 69 2382584 94 1629698 119 868083 143 592290 168 251873 193 155381 218 151277 243 132187 244 0
0
125 2 893 455 0.9199750791311303 0.14115777673855776 0
7 171 0 172 794258 200 1190904 227 994784 255 1323968 283 1028145 284 0
1 124
126 2 1092 492 0.9250568251287582 0.05714001391557702 0
13 27 0 28 1111863 53 1616047 77 2302359 101 1439656 126 2324049 151 2068279 175 2360715 199 1253850 224 1031257 249 941587 273 763201 274 0
2 124 125
127 2 691 336 0.9258070839658277 0.08858101940107861 0
11 18 0 19 2129495 45 1839278 71 1160848 98 959816 124 1128050 150 772794 177 712542 203 1053438 229 1096823 230 0
0
128 2 630 78 0.9231753810446925 0.03166412638288223 0
9 26 0 27 617524 53 579369 79 1024735 105 1153098 130 1647101 156 1706426 182 1577813 183 0
1 127
129 2 1165 194 0.9117227908181835 0.012124419811227888 0
10 119 0 120 1731050 145 1893017 171 1232571 196 566734 221 509719 246 549581 272 730095 297 1139589 298 0
1 127
130 2 1298 265 0.9165472252319112 0.024375253584976195 0
12 18 0 19 2175870 45 1812449 70 1166571 96 1257964 121 745200 147 672206 172 677047 198 707292 223 968357 249 912779 250 0
0
131 2 1374 155 0.9184976651102295 0.04590619923316663 0
11 14 0 15 2052652 40 1486491 65 1973157 90 2103523 115 2755739 140 2012819 165 894389 190 1050991 215 1833714 216 0
1 130
132 2 1082 446 0.9190161010316511 0.08959433038867119 0
11 52 0 53 1087459 79 814301 104 729908 129 767330 155 1478988 181 1829959 206 1043277 231 1199132 257 909100 258 0
2 130 133
133 2 728 287 0.9228566126574964 0.14449492717668694 0
14 2 0 3 783360 28 1418414 52 1847805 77 896241 101 1101010 126 915167 150 1366200 175 950509 199 1119381 224 992018 248 1648719 273 1335109 274 0
1 131
134 2 959 182 0.9116296260331707 0.06701950814575391 0
13 33 0 34 1567652 59 1428139 85 1176940 111 1812683 136 2011375 161 1677066 187 2076254 213 1791199 238 2383542 263 1873886 289 895233 290 0
0
135 2 826 501 0.9234170209923664 0.0968568817249467 0
12 61 0 62 1215036 88 764306 114 813854 140 998307 166 1163402 192 885085 218 791267 244 1010164 270 1235945 296 2268523 297 0
1 134
136 2 1265 296 0.9132875447501284 0.08406880824617143 0
15 0 0 1 1923984 25 964956 50 1427713 74 2145335 99 2110621 123 2262459 147 1477492 172 2037728 196 2242559 221 2052880 245 1198042 270 1208128 294 1506660 295 0
0
137 2 702 444 0.9143707904692515 0.09056323857240983 0
13 26 0 27 1819054 53 2007413 79 1150513 104 1014212 130 770941 156 704306 182 656968 208 380928 233 554772 259 640572 285 697855 286 0
1 136
138 2 967 445 0.9230114748318389 0.09682813605623779 0
15 0 0 1 1459682 26 1163055 51 1480950 75 858672 100 917057 125 1398915 150 825296 175 586607 200 573298 225 358280 249 541153 274 1049918 299 1070095 300 0
2 136 139
139 2 1431 559 0.920782338705345 0.09442217268686533 0
7 40 0 41 2603695 67 2054950 92 1684313 117 1332508 143 1026252 144 0
1 137
140 2 1344 325 0.9176416480716049 0.13427944589395605 0
8 64 0 65 1391042 90 1278032 115 1714256 141 1528442 166 1314808 191 1320322 192 0
0
141 2 810 404 0.9237712822892877 0.015177522996780789 0
9 3 0 4 1816137 28 2118437 52 1968654 77 1698574 101 1193494 125 1209100 149 1550141 150 0
1 140
142 2 862 501 0.9137437610867062 0.030601121069063025 0
12 39 0 40 1827437 64 2250377 88 1568173 112 2120670 136 2500788 159 1675730 183 1628819 207 1324828 231 971451 255 938517 256 0
1 140
143 2 1090 554 0.9251300004319482 0.01864264368280773 0
15 8 0 9 543271 33 460208 57 370475 81 498387 106 622127 130 893307 154 1274426 178 884120 202 628555 227 1566708 251 1990085 275 1756908 299 2687072 300 0
0
144 2 788 471 0.9159119522470018 0.09058731228505194 0
14 0 0 1 2258500 27 1888429 53 1709327 79 1498536 105 1059890 131 984612 156 1475798 182 1164274 208 1085306 234 698180 260 714665 286 540800 287 0
0
145 2 1130 241 0.9248811781369662 0.10116489385270781 0
9 57 0 58 1434595 82 1593377 107 1190038 131 1607473 155 1202381 180 1585345 204 1145834 205 0
2 144 146
146 2 908 521 0.9204872559733831 0.027960372143459998 0
9 32 0 33 870881 59 1187927 84 2411011 109 2429135 135 1344795 161 1276279 186 738676 187 0
0
147 2 1474 439 0.9265719429478793 0.12365477276768441 0
14 3 0 4 848899 28 854085 53 1093929 77 995697 102 1171719 126 1592459 151 1302125 175 1268737 200 1909410 224 1161969 249 855277 273 703733 274 0
0
148 2 1076 501 0.920258511039513 0.08469063606014134 0
14 3 0 4 1096140 30 1557142 56 1584102 82 744272 108 664537 134 661666 160 600806 186 799956 212 1059203 238 949202 264 1781604 290 2000050 291 0
0
149 2 995 484 0.9121096985004615 0.1460973922822926 0
8 15 0 16 793577 39 903507 62 825812 84 1050259 107 1307729 130 1552189 131 0
1 148
150 2 1299 299 0.9124042177674886 0.11935475345479454 0
10 108 0 109 2546757 135 2055263 161 1371336 187 900884 213 1284531 239 1064026 265 2304787 291 2472341 292 0
0
151 2 630 337 0.9119451516906824 1.9272567344852386e-06 0
12 47 0 48 2595308 73 3183765 99 1506787 124 1229861 150 1407044 175 864800 201 1125591 226 776829 252 1008280 277 1118869 278 0
1 150
152 2 578 32 0.9189142251184927 0.051656764202710974 0
9 26 0 27 1297499 51 1907809 74 1589130 98 1461498 122 1852283 145 2724240 169 1758423 170 0
1 151
153 2 1219 231 0.9230870823429465 0.08444927606312627 0
9 44 0 45 1135730 71 766360 98 1416163 124 1690098 150 2253208 177 1246026 203 1685366 204 0
0
154 2 817 137 0.9263155480913169 0.0022107904067517723 0
13 47 0 48 1697481 73 1556920 97 1657458 122 1878116 147 1537535 171 1373710 196 1638116 221 2008603 246 2375251 270 1741670 295 2174277 296 0
1 153
155 2 743 298 0.9252684669134732 0.015003017413961888 0
11 88 0 89 2598671 114 2210970 139 1239081 164 818567 189 787084 213 969504 238 1188612 263 676142 288 686641 289 0
2 153 154
156 2 1068 578 0.9116441786634192 0.07007704649535705 0
13 21 0 22 1244949 46 2258059 71 1731852 95 1641341 119 1724651 143 1337288 168 1615764 192 1038402 216 878458 241 484680 265 454245 266 0
0
157 2 1020 241 0.9257077690382549 0.10435631227290547 0
11 67 0 68 1396891 92 906238 116 1746621 140 1622750 165 688059 189 690957 213 846154 237 739612 261 648335 262 0
0
158 2 835 625 0.9241265086482205 0.05987317800858397 0
14 10 0 11 1414186 36 2512796 61 2637239 86 1468979 111 1248477 136 742025 160 1114143 185 791075 210 416120 235 389399 260 292913 285 305134 286 0
1 157
159 2 1257 486 0.919583398195119 0.0034444055988594956 0
12 11 0 12 1817375 38 2208226 64 2181628 90 1663837 116 1621996 143 2096092 169 2177705 195 2021908 221 1672826 247 1424293 248 0
0
160 2 1201 117 0.9283224686849468 0.13371960645988545 0
13 47 0 48 2606569 72 2409559 96 1066798 120 1668128 144 1795947 168 1828690 192 1391807 216 1178841 240 1173140 264 1251910 288 1140830 289 0
1 159
161 2 1444 307 0.9156858909472336 0.08034950749770502 0
15 1 0 2 959547 27 769400 51 1019992 76 1091441 101 1572800 125 750247 150 1384127 175 1853335 199 1948160 224 2098877 249 2320107 273 3250910 298 3552620 299 0
0
162 2 1257 301 0.9205629264289628 0.08776770227013166 0
8 142 0 143 733076 169 1447618 196 1111106 222 1337431 249 1297826 275 1084026 276 0
1 161
163 2 1048 429 0.9280767094132246 0.02787893995601955 0
13 35 0 36 1306797 60 1314214 83 1400097 107 1169367 131 805666 155 553346 178 977951 202 905214 226 1046986 249 979033 273 609316 274 0
0
164 2 851 604 0.9119380593013368 0.1328095178377867 0
10 67 0 68 799146 93 1020875 118 1289815 143 1587073 169 1004630 194 1077463 219 1595259 244 1021035 245 0
1 163
165 2 529 520 0.9171828357999605 0.014448831916762071 0
15 0 0 1 272676 25 252470 50 251328 74 343320 98 458609 123 446723 147 593207 171 812890 196 1031890 220 1540024 244 2001895 269 2184994 293 2939203 294 0
0
166 2 802 196 0.9107760243615721 0.04578263278053827 0
13 5 0 6 2375196 31 2243689 56 2185819 80 1558581 105 1154800 130 1157536 155 1171765 180 1349974 204 1181188 229 1194733 254 1273416 255 0
1 165
167 2 789 38 0.9210479129347378 0.0957102213896399 0
11 102 0 103 2024845 126 1925319 150 1718748 173 2247692 197 2060280 220 1967704 243 1591312 267 1207315 290 791349 291 0
0
168 2 1219 440 0.9126322477671267 0.13490192302888657 0
9 8 0 9 962763 36 1122828 63 1104172 89 1386787 116 902269 143 686287 170 677292 171 0
1 167
169 2 925 165 0.9209267247069735 0.03594402318377988 0
10 100 0 101 1139068 127 1388028 154 1296042 180 1893286 206 1265789 232 1157968 259 858071 285 1071044 286 0
0
170 2 725 222 0.9289235701592898 0.11279793621672089 0
15 7 0 8 2019243 32 1150790 56 1200179 80 1059506 104 1130455 128 862198 152 911957 176 1297700 200 2057265 224 1309596 248 2640602 272 1566413 296 1795433 297 0
1 169
171 2 591 464 0.9188744920718342 0.038269326074867265 0
12 20 0 21 2733207 47 2609305 72 1435769 98 1229884 124 1218409 149 1622276 175 1517229 201 963939 226 836700 252 577251 253 0
1 169
172 2 1029 41 0.920812061650798 0.0012782024229099631 0
14 15 0 16 574714 40 1128300 64 508320 88 608805 112 529821 136 690682 161 1390497 185 849562 209 1585021 233 1020389 257 1664628 281 1546042 282 0
0
173 2 944 255 0.921860460290947 0.11052011543545642 0
11 24 0 25 955807 51 1252230 77 1321814 103 1627622 129 2307150 156 1624670 182 2026296 208 2603781 234 1494545 235 0
2 172 175
174 2 1173 55 0.9146363272982896 0.13321024959638633 0
12 38 0 39 289297 65 321347 91 635993 117 735120 143 1881696 170 2178319 196 2367933 222 1536014 248 1639419 274 963927 275 0
3 172 175 173
175 2 571 492 0.924803607981975 0.09584233362440307 0
15 1 0 2 590581 27 718549 51 437277 76 523883 100 584558 125 824276 149 1137015 174 1064681 199 851482 223 1941359 248 1796277 272 1397295 297 869354 298 0
0
176 2 1407 584 0.9237375668991645 0.132706219703394 0
10 109 0 110 2547984 135 1579809 161 1225510 186 1049481 211 633599 236 678797 262 816955 287 753715 288 0
0
177 2 601 511 0.9107546549752166 0.0729554760724099 0
12 79 0 80 2140229 104 1337263 128 1854257 151 1894627 175 1496997 199 822091 223 799558 246 585710 270 684128 294 635588 295 0
1 176
178 2 1252 46 0.9279844642180011 0.07439481635927439 0
12 42 0 43 2607553 67 1828124 91 2830257 116 1880569 140 1818554 164 1982901 188 1996389 213 1062314 237 1014704 261 1081769 262 0
0
179 2 1263 127 0.9120830298208706 0.03966113594864269 0
12 49 0 50 1008539 75 1177419 100 1166734 125 1188654 150 988501 176 667965 201 937781 226 1228682 251 1437815 276 1911457 277 0
1 178
180 2 603 486 0.921963180733927 0.118624742084118 0
12 83 0 84 3177046 108 1444163 131 1096395 155 1824008 179 1703400 202 1358249 226 1316976 250 1462689 273 2696277 297 2298794 298 0
0
181 2 1453 10 0.9108680686918853 0.09836137782850142 0
10 96 0 97 442945 123 720256 148 1384157 174 1518610 200 2109139 226 2177644 251 2472936 277 3126215 278 0
1 180
182 2 998 148 0.9223703179234285 0.039088469243186715 0
13 8 0 9 1511519 34 1880859 59 1163425 84 1225202 109 877005 134 1145098 159 1842952 184 2569630 209 2694825 234 2767058 259 1543882 260 0
2 180 183
183 2 1407 43 0.9251768756311739 0.021359517841004032 0
11 71 0 72 2311202 96 1230327 120 1074831 144 1901450 169 2586813 193 2197194 217 1970886 241 1477227 265 1454436 266 0
0
184 2 1480 155 0.925116241020948 0.14830767382866789 0
11 53 0 54 900035 78 1835790 103 2244130 127 2158779 151 1621263 175 2019021 199 2837352 224 1604837 248 1038880 249 0
0
185 2 740 169 0.9282754628378618 0.043669697771291406 0
10 133 0 134 527954 157 426918 181 742251 204 862162 228 1099142 251 1224045 275 1443997 298 2075896 299 0
1 184
186 2 1085 114 0.9119556619236375 0.14179795245858962 0
11 18 0 19 1056976 43 1529540 67 1603263 91 1709491 115 2047257 139 1673960 163 1441050 187 1609048 211 1818770 212 0
0
187 2 643 459 0.9272736502028956 0.08260493283967106 0
15 4 0 5 1828585 29 1846265 54 1366860 78 2260904 103 1470214 127 1423782 151 1744825 176 858881 200 1189091 225 855266 249 752554 274 1446446 298 1245504 299 0
1 186
188 2 692 75 0.9133206689401876 0.0858531064692788 0
11 2 0 3 1992054 29 1377989 55 2396361 81 2010266 107 1189809 132 1703492 158 1237393 184 1112047 210 1173476 211 0
1 186
189 2 944 278 0.9188271678653422 0.04417189045916562 0
15 0 0 1 620816 26 955379 50 628957 75 460460 100 562676 124 444932 149 601445 174 1306362 198 1083727 223 1138281 248 1354580 272 2809563 297 3091633 298 0
0
190 2 1286 127 0.916477183009724 0.08326140568255719 0
14 25 0 26 705719 51 695871 76 807038 100 755338 125 1888274 150 2044103 175 1838981 200 1231012 225 1600441 249 752169 274 1092324 299 1079954 300 0
1 189
191 2 781 182 0.9166790468073877 0.009764910842756519 0
12 16 0 17 1382903 43 1470617 68 1247981 94 1369701 119 1482676 145 1973142 170 2047998 196 1687005 221 1843831 247 1816551 248 0
0
192 2 536 220 0.9267885209972275 0.026042443665304088 0
11 40 0 41 2260972 67 1481185 93 1019739 120 853215 146 1020508 172 1511335 199 1374636 225 1943813 251 1573804 252 0
1 191
193 2 600 557 0.9266774657995419 0.14791932982660103 0
11 9 0 10 1743573 35 1248504 60 983245 85 1057814 111 1422636 136 1001721 161 1023263 186 1032555 211 1342085 212 0
1 191
194 2 582 563 0.9122106070281762 0.13661421365190396 0
8 125 0 126 938760 151 1202615 175 1722503 200 1739699 224 1647944 249 1449965 250 0
1 191
195 2 939 26 0.9204259935502126 0.13597803931126595 0
11 18 0 19 1117620 44 1169913 69 1111786 94 2425796 119 1815789 143 1630178 168 1673380 193 1864578 218 2317223 219 0
0
196 2 579 87 0.9150478168801768 0.14971034354189208 0
15 7 0 8 1152499 32 1039945 56 1408656 81 2512239 105 2410097 129 1991524 153 2149299 177 1623953 201 1188062 225 724729 250 695476 274 529278 298 466607 299 0
1 195
197 2 795 173 0.9179183636904412 0.14162800150707752 0
11 109 0 110 2355862 133 1044894 157 1837673 181 1619635 204 1761448 227 988979 251 782422 275 664720 298 1393709 299 0
0
198 2 1073 270 0.9269953351848202 0.09891473154086473 0
11 49 0 50 502811 75 486181 101 546922 127 544099 152 850894 177 846175 203 1274685 229 1490007 254 1623963 255 0
1 197
199 2 1110 93 0.9232268709545528 0.018653701610875876 0
14 0 0 1 1429869 27 1333573 53 655979 78 1294784 104 1088354 130 676178 156 768487 182 893567 208 1531340 233 2220789 259 3806168 285 2204615 286 0
1 197
200 2 1118 584 0.9193413105329922 0.07699221677537865 0
13 0 0 1 649089 25 909638 49 1086792 73 1294265 97 1034485 121 1132938 146 1417958 170 1021995 194 1127044 218 1442118 242 1510329 243 0
1 198
201 2 1474 312 0.9117821147303881 0.12886526561344877 0
14 4 0 5 1115798 31 1167674 57 2013156 83 1399709 109 1157754 135 1035408 161 401080 187 743016 213 990638 239 609273 265 546524 291 833755 292 0
0
202 2 1069 466 0.9214408609837716 0.13930093177021277 0
8 101 0 102 1489477 127 1024356 152 1442125 178 925520 203 719679 228 716051 229 0
0
203 2 922 377 0.9117797686812376 0.013291115164062077 0
14 10 0 11 1640391 36 1796041 61 2228287 85 2052989 110 1675655 135 1364844 160 1672790 185 1330259 210 1216576 234 1696548 259 2627997 284 1816762 285 0
0
204 2 564 342 0.9216250019594724 0.11024438451029986 0
14 2 0 3 1581900 28 1328608 53 1483455 78 1692165 103 1223699 128 2020408 152 3963908 177 1839390 202 2194692 227 1319495 252 1849857 277 1915893 278 0
1 203
205 2 1182 26 0.9263508045301309 0.03929825768561953 0
12 34 0 35 578906 61 708039 86 1131339 112 897547 138 649532 163 892568 189 863176 215 1013053 240 1600511 266 1487247 267 0
1 204
206 2 654 359 0.9291443253900586 0.04156438793879968 0
8 166 0 167 1895384 193 1569584 219 1111103 245 1503557 271 1358093 297 1032131 298 0
0
207 2 1420 219 0.9243976638665108 0.08801329057582617 0
15 0 0 1 1968599 26 2247154 51 1748934 76 2354679 101 1550470 126 1849106 151 1577386 175 1818747 200 1990569 225 1478143 250 1599611 275 1725526 300 1451402 301 0
1 206
208 2 1429 121 0.9142255715056277 0.01780260414937406 0
10 39 0 40 1144308 64 1840016 87 1054140 111 1057503 134 1532782 158 1250025 181 1190888 205 987395 206 0
2 206 209
209 2 786 155 0.9132581490816061 0.11963047220531081 0
14 13 0 14 1577556 40 1753545 66 1343421 92 1470588 118 882577 144 852432 170 575125 196 458619 222 790902 248 1023908 274 974398 300 906847 301 0
0
210 2 1276 308 0.9221592354274243 0.07214986828409889 0
15 7 0 8 986458 32 1481784 56 2314159 80 1910175 104 2331192 128 1193137 152 767475 176 868152 200 1082560 224 1965609 248 1228757 272 2130587 296 2528620 297 0
0
211 2 904 160 0.9299840006855822 0.13298621658132412 0
12 65 0 66 533839 92 1080979 118 1218737 144 1031092 170 1260151 195 1542288 221 1255449 247 2562227 273 2749410 299 3098251 300 0
0
212 2 1466 73 0.9287690289939889 0.030072292516630548 0
11 97 0 98 1157812 123 1307949 149 1456665 174 1525588 199 1308499 224 812449 249 705248 275 728198 300 966268 301 0
2 211 213
213 2 1226 209 0.9283445461423114 0.08245415798685098 0
10 106 0 107 844546 132 772864 157 1222633 182 802066 208 941470 233 1830182 258 1274537 283 1037229 284 0
0
214 2 1471 576 0.9270523595424097 0.027976023042265635 0
7 129 0 130 1465524 156 1591052 181 1501086 207 1181255 233 1118215 234 0
0
215 2 1231 393 0.9283579464569774 0.08920246915556442 0
10 111 0 112 2311296 138 2709681 164 2735324 190 2292576 215 1261655 241 1014650 267 592008 293 714770 294 0
1 214
216 2 976 434 0.9182296414130631 0.04878246646869091 0
11 60 0 61 2349945 87 2126032 113 1441123 139 1282209 165 1618681 192 1463610 218 673682 244 480379 270 417499 271 0
3 214 215 217
217 2 1224 341 0.9184840504418138 0.09079430345256805 0
7 147 0 148 823632 175 680166 203 1122346 230 1799272 257 2514561 258 0
1 215
218 2 1323 407 0.91410003353787 0.13169979856408134 0
14 15 0 16 859259 41 682456 66 669294 90 643891 115 488082 140 917995 165 1988249 190 2230717 215 1642955 239 1455164 264 1970698 289 3156712 290 0
0
219 2 1264 151 0.9199498262459541 0.02430852053946887 0
12 77 0 78 3922353 102 2321531 127 1413384 151 1400592 175 1241238 200 890814 224 1111860 248 1005106 273 1160709 297 1025396 298 0
1 218
220 2 833 339 0.9185319425897722 0.06638108512650007 0
8 72 0 73 1802181 100 2008296 127 1288158 154 927331 181 1272587 208 1166981 209 0
1 219
221 2 949 599 0.9145663965708917 0.09315523118687252 0
15 4 0 5 145124 29 245755 54 190358 78 257418 103 440456 127 547620 151 906016 176 1401104 200 1792989 225 1911596 249 3230943 274 3079511 298 1780717 299 0
0
222 2 550 228 0.9169139350107646 0.14055209406713784 0
7 40 0 41 1239921 68 960260 95 718577 122 842785 149 1298773 150 0
2 221 224
223 2 1420 521 0.9290655911237863 0.09444506813576178 0
7 114 0 115 1424743 142 1100919 169 938541 196 1447878 223 1811782 224 0
2 221 224
224 2 961 356 0.9150825562615073 0.11636788907836558 0
13 30 0 31 2697720 57 2045833 83 1207591 109 1361197 135 1445529 161 2495413 186 2664054 212 1664738 238 1508841 264 1480577 290 1352495 291 0
0
225 2 1026 83 0.9201290180152986 0.06356047911819239 0
10 50 0 51 516480 75 693987 98 1648722 122 1528698 145 1781515 169 1771403 192 2044130 216 2412473 217 0
0
226 2 1354 430 0.9169609261398719 0.07694127165350637 0
13 34 0 35 1240545 59 1967982 84 1600893 108 930126 133 1989944 157 1508664 181 1329184 206 1363078 230 1679390 255 1993396 279 2040177 280 0
1 225
227 2 1364 339 0.9239632155833258 0.10829813088001398 0
10 69 0 70 499787 95 802223 120 759917 145 1492158 169 1106542 194 986449 219 1351014 244 1393941 245 0
0
228 2 663 617 0.9257220634882624 0.09422149886064608 0
13 2 0 3 894388 27 1334298 51 1848056 75 1506821 99 1920744 123 1385111 147 1021056 171 663957 195 362611 219 301689 243 219735 244 0
0
229 2 1023 343 0.9138228936496358 0.030976630019477862 0
12 69 0 70 2152060 94 1720059 117 1358601 141 2069001 164 1923890 188 2276460 211 3374304 235 1327533 258 1188975 282 1043693 283 0
1 228
230 2 1108 379 0.9197184369098631 0.00584295125657901 0
8 20 0 21 1331839 46 1549221 71 920980 95 993262 120 770217 145 832207 146 0
0
231 2 966 358 0.9263909632761211 0.07559436865458473 0
12 52 0 53 1089713 78 1615414 103 1448323 128 2034330 153 1890139 177 1500431 202 1093436 227 1813286 252 1036693 277 1038397 278 0
1 230
232 2 910 413 0.9106399704566266 0.005268692842273192 0
15 10 0 11 1604811 35 1316603 59 2311576 83 4144908 107 1852417 131 1923878 155 1598756 180 1675973 204 2296879 228 1837475 252 901445 276 618291 300 726963 301 0
0
233 2 1246 307 0.9296269188434758 0.09134877435749489 0
12 40 0 41 3294022 66 3156249 91 2094380 117 1210715 142 1443590 167 1496579 192 1423347 218 1211132 243 786949 268 820649 269 0
0
234 2 685 627 0.9277547911583682 0.021884462531415832 0
14 0 0 1 2752915 27 1549870 52 1835653 78 2129711 104 1257907 130 1336211 155 1163764 181 1323496 207 1161841 233 802576 258 671374 284 455878 285 0
1 233
235 2 856 125 0.9190672283029145 0.12865817208547164 0
15 3 0 4 1668658 29 1190820 53 796582 78 1443778 102 1402561 127 1750997 151 1652753 176 1188513 201 1174301 225 681366 250 587186 274 569505 299 679017 300 0
1 234
236 2 688 169 0.9207060076129496 0.03007088726832653 0
13 30 0 31 2335271 55 1225276 79 748807 103 729517 127 788841 151 1193700 176 744393 200 808342 224 960056 248 1186262 272 1411299 273 0
0
237 2 1419 218 0.9268003454724386 0.013987075271151466 0
14 9 0 10 1316535 36 1488738 62 1036300 88 1548562 114 1553739 140 2182106 166 1810637 192 1488150 218 2164315 244 1937487 270 1982486 296 3030836 297 0
0
238 2 1140 92 0.9187776595150793 0.057294892076004376 0
10 117 0 118 1480760 144 1457827 170 1752968 196 1862454 221 1775918 247 1332209 273 1051153 299 962697 300 0
1 237
239 2 1224 207 0.9257492992126718 0.01000310868716267 0
9 36 0 37 1340149 63 1526240 88 2368660 113 1216825 139 1062917 165 1152461 190 1767540 191 0
1 237
240 2 951 483 0.923639618821642 0.03010533192070017 0
12 29 0 30 1188329 56 1358340 82 1241208 108 790950 134 653463 160 582514 186 948976 212 624553 238 1252444 264 1017543 265 0
0
241 2 910 9 0.9278687573745199 0.07947025100298295 0
11 74 0 75 1933755 101 1430723 126 1089844 152 1128945 177 2369310 203 1991374 229 1701969 254 1174369 280 1031502 281 0
1 240
242 2 691 382 0.9222416456344137 0.12154881781322506 0
12 44 0 45 472977 70 850961 95 1372699 120 2560667 145 1704749 171 1039744 196 674464 221 1129501 246 1307658 271 1320232 272 0
1 241
243 2 804 594 0.9112318258389484 0.11572848260803854 0
10 98 0 99 1116291 126 1138724 152 783741 179 525990 205 844394 232 1612062 258 1052635 285 1135888 286 0
1 241
244 2 571 441 0.9264678669954673 0.12118718167524833 0
9 138 0 139 1499509 165 1094261 191 882097 217 1555811 244 2659911 270 1802427 296 1415820 297 0
0
245 2 1175 397 0.914626558636156 0.06360333766391073 0
9 35 0 36 853430 60 1181512 84 1668807 108 2933397 132 1737726 156 1885255 180 1355764 181 0
1 244
246 2 1473 358 0.9151395670863389 0.04882964099436635 0
10 11 0 12 2079570 36 2507389 59 2292026 83 981016 107 927483 131 677833 154 1277010 178 725894 179 0
2 244 245
247 2 1262 574 0.9208663285540317 0.04000508086905634 0
12 12 0 13 1591050 39 1295314 65 1334071 91 1271379 117 1068218 144 1312213 170 1874169 196 2080271 222 1524594 248 1302015 249 0
0
248 2 1329 219 0.9242944740149299 0.11450231559963392 0
11 28 0 29 440801 55 658778 81 602278 107 1171882 133 1630175 160 1450354 186 1681457 212 1309754 238 1067089 239 0
0
249 2 1118 626 0.9137142051895268 0.03307013331261125 0
11 36 0 37 994354 63 1146482 89 1423687 115 1799788 141 1069926 166 995350 192 1204482 218 1293288 244 1342705 245 0
1 248
250 2 819 246 0.9143230914119875 0.02709136488970011 0
11 84 0 85 2313477 111 2026603 136 1696017 161 1414027 187 1786179 213 941295 238 896769 263 1023596 289 1362467 290 0
1 248
7 12 15257972664723068483
0.98922632047529435 0.010772893081372545 7.8644333311045697e-07 0 0 0 0 
0.0089200006047319529 0.82084573547428608 0.17014975024161058 8.4513679371500254e-05 0 0 0 
0.00032472656255418781 0.42525637760150153 0.54726696567928534 0.027118825099963675 3.3105056695357375e-05 0 0 
0 2.1071624926509264e-06 0.0088247165752158799 0.97239821780546065 0.018752904064297013 2.2054392533978276e-05 0 
0 0 4.0831341991025342e-08 0.05709228986146922 0.91687433277577179 0.025980548067743438 5.2788463673516503e-05 
0 0 0 5.7211382554397352e-06 0.11572455964624589 0.85229561869238235 0.03197410052311643 
0 0 0 0 8.6627955780469427e-05 0.14807353929616543 0.85183983274805408 
7 0 0 0 0 0 0 0
0.009525593685843142 0.9724972485030432 1.4576135226533697
