A
300
378 628
1 51.0 48.0
2 52.0 48.0
3 52.0 47.0
4 51.0 47.0
5 51.0 46.0
6 51.0 45.0
7 52.0 45.0
8 50.0 45.0
9 50.0 47.0
10 50.0 48.0
11 49.0 47.0
12 50.0 46.0
13 48.0 47.0
14 49.0 46.0
15 49.0 45.0
16 50.0 44.0
17 48.0 45.0
18 48.0 46.0
19 49.0 44.0
20 51.0 43.0
21 52.0 43.0
22 51.0 42.0
23 50.0 43.0
24 49.0 43.0
25 48.0 44.0
26 48.0 43.0
27 48.0 42.0
28 49.0 42.0
29 49.0 48.0
30 47.0 64.0
31 48.0 64.0
32 48.0 62.0
33 48.0 63.0
34 47.0 63.0
35 51.0 44.0
36 46.0 63.0
37 46.0 64.0
38 46.0 62.0
39 47.0 62.0
40 48.0 61.0
41 47.0 61.0
42 46.0 61.0
43 48.0 59.0
44 48.0 60.0
45 48.0 58.0
46 46.0 60.0
47 47.0 60.0
48 47.0 58.0
49 47.0 59.0
50 45.0 60.0
51 46.0 59.0
52 45.0 59.0
53 44.0 60.0
54 45.0 58.0
55 44.0 58.0
56 36.0 55.0
57 36.0 56.0
58 35.0 55.0
59 46.0 58.0
60 36.0 54.0
61 35.0 54.0
62 35.0 56.0
63 34.0 55.0
64 34.0 54.0
65 34.0 56.0
66 33.0 55.0
67 33.0 54.0
68 33.0 56.0
69 32.0 55.0
70 32.0 56.0
71 35.0 50.0
72 36.0 50.0
73 36.0 49.0
74 35.0 49.0
75 44.0 59.0
76 35.0 48.0
77 36.0 48.0
78 33.0 52.0
79 34.0 52.0
80 34.0 51.0
81 33.0 51.0
82 34.0 50.0
83 32.0 52.0
84 32.0 51.0
85 32.0 54.0
86 33.0 50.0
87 33.0 49.0
88 34.0 49.0
89 33.0 48.0
90 34.0 48.0
91 32.0 49.0
92 32.0 48.0
93 52.0 44.0
94 52.0 46.0
95 30.0 62.0
96 31.0 62.0
97 34.0 29.0
98 34.0 30.0
99 30.0 61.0
100 31.0 61.0
101 30.0 59.0
102 31.0 59.0
103 30.0 57.0
104 30.0 58.0
105 28.0 63.0
106 29.0 63.0
107 32.0 36.0
108 32.0 37.0
109 24.0 37.0
110 25.0 37.0
111 25.0 39.0
112 25.0 40.0
113 26.0 38.0
114 26.0 39.0
115 29.0 35.0
116 29.0 36.0
117 23.0 41.0
118 23.0 42.0
119 25.0 38.0
120 26.0 42.0
121 26.0 43.0
122 30.0 56.0
123 31.0 56.0
124 29.0 58.0
125 35.0 31.0
126 35.0 32.0
127 35.0 28.0
128 35.0 29.0
129 31.0 36.0
130 31.0 37.0
131 26.0 44.0
132 26.0 40.0
133 31.0 48.0
134 31.0 34.0
135 32.0 34.0
136 34.0 28.0
137 28.0 37.0
138 28.0 38.0
139 30.0 37.0
140 31.0 32.0
141 31.0 33.0
142 37.0 31.0
143 37.0 32.0
144 25.0 62.0
145 25.0 63.0
146 32.0 31.0
147 32.0 32.0
148 32.0 38.0
149 32.0 29.0
150 33.0 29.0
151 30.0 38.0
152 31.0 38.0
153 28.0 61.0
154 28.0 62.0
155 30.0 36.0
156 29.0 37.0
157 29.0 38.0
158 26.0 36.0
159 26.0 37.0
160 24.0 63.0
161 24.0 64.0
162 29.0 39.0
163 29.0 40.0
164 30.0 33.0
165 30.0 34.0
166 30.0 35.0
167 30.0 48.0
168 30.0 49.0
169 16.0 43.0
170 16.0 44.0
171 30.0 40.0
172 31.0 40.0
173 28.0 36.0
174 27.0 37.0
175 28.0 57.0
176 28.0 58.0
177 27.0 40.0
178 28.0 40.0
179 30.0 39.0
180 22.0 43.0
181 22.0 44.0
182 32.0 33.0
183 31.0 39.0
184 28.0 39.0
185 30.0 63.0
186 30.0 64.0
187 24.0 60.0
188 25.0 60.0
189 29.0 57.0
190 31.0 58.0
191 27.0 42.0
192 28.0 42.0
193 27.0 39.0
194 17.0 43.0
195 17.0 44.0
196 27.0 38.0
197 22.0 40.0
198 22.0 41.0
199 23.0 43.0
200 23.0 44.0
201 24.0 41.0
202 24.0 42.0
203 24.0 38.0
204 32.0 39.0
205 35.0 30.0
206 30.0 32.0
207 16.0 42.0
208 17.0 42.0
209 32.0 60.0
210 32.0 61.0
211 28.0 35.0
212 27.0 63.0
213 27.0 64.0
214 24.0 61.0
215 25.0 61.0
216 26.0 61.0
217 28.0 56.0
218 29.0 56.0
219 24.0 39.0
220 23.0 40.0
221 24.0 40.0
222 48.0 48.0
223 24.0 43.0
224 25.0 64.0
225 26.0 64.0
226 30.0 60.0
227 29.0 62.0
228 27.0 43.0
229 28.0 43.0
230 31.0 50.0
231 32.0 50.0
232 32.0 28.0
233 33.0 28.0
234 31.0 57.0
235 18.0 44.0
236 28.0 64.0
237 29.0 64.0
238 31.0 60.0
239 50.0 42.0
240 32.0 40.0
241 24.0 36.0
242 25.0 36.0
243 18.0 42.0
244 32.0 59.0
245 28.0 34.0
246 29.0 34.0
247 24.0 44.0
248 18.0 43.0
249 26.0 62.0
250 26.0 63.0
251 27.0 44.0
252 31.0 49.0
253 28.0 44.0
254 32.0 57.0
255 30.0 50.0
256 32.0 26.0
257 32.0 27.0
258 28.0 60.0
259 29.0 60.0
260 24.0 62.0
261 26.0 60.0
262 33.0 30.0
263 33.0 25.0
264 33.0 26.0
265 27.0 62.0
266 27.0 36.0
267 32.0 58.0
268 29.0 61.0
269 34.0 31.0
270 34.0 32.0
271 34.0 27.0
272 35.0 27.0
273 33.0 32.0
274 32.0 62.0
275 36.0 30.0
276 37.0 30.0
277 36.0 28.0
278 32.0 24.0
279 32.0 25.0
280 33.0 27.0
281 34.0 26.0
282 32.0 30.0
283 33.0 31.0
284 38.0 31.0
285 36.0 29.0
286 36.0 31.0
287 36.0 32.0
288 38.0 32.0
289 37.0 29.0
290 22.0 42.0
291 52.0 42.0
292 48.0 41.0
293 64.0 40.0
294 64.0 42.0
295 60.0 44.0
296 62.0 44.0
297 62.0 42.0
298 60.0 42.0
299 54.0 44.0
300 56.0 44.0
301 56.0 42.0
302 44.0 64.0
303 60.0 40.0
304 62.0 40.0
305 44.0 62.0
306 46.0 56.0
307 44.0 56.0
308 38.0 52.0
309 40.0 52.0
310 40.0 50.0
311 38.0 50.0
312 38.0 48.0
313 36.0 52.0
314 48.0 56.0
315 30.0 52.0
316 40.0 48.0
317 32.0 64.0
318 24.0 34.0
319 26.0 34.0
320 28.0 48.0
321 28.0 50.0
322 56.0 40.0
323 20.0 44.0
324 8.0 56.0
325 8.0 58.0
326 54.0 42.0
327 6.0 56.0
328 6.0 58.0
329 16.0 40.0
330 18.0 40.0
331 24.0 58.0
332 20.0 42.0
333 28.0 32.0
334 26.0 56.0
335 26.0 58.0
336 4.0 58.0
337 4.0 60.0
338 26.0 32.0
339 24.0 32.0
340 24.0 56.0
341 6.0 60.0
342 4.0 56.0
343 28.0 52.0
344 20.0 40.0
345 64.0 44.0
346 8.0 60.0
347 60.0 48.0
348 64.0 48.0
349 64.0 36.0
350 60.0 36.0
351 4.0 64.0
352 8.0 64.0
353 56.0 48.0
354 44.0 52.0
355 0.0 56.0
356 16.0 48.0
357 20.0 48.0
358 40.0 56.0
359 0.0 60.0
360 24.0 52.0
361 0.0 64.0
362 48.0 52.0
363 24.0 48.0
364 36.0 60.0
365 32.0 44.0
366 44.0 48.0
367 40.0 60.0
368 36.0 64.0
369 40.0 64.0
370 16.0 64.0
371 16.0 56.0
372 0.0 48.0
373 8.0 48.0
374 16.0 32.0
375 64.0 64.0
376 0.0 32.0
377 0.0 0.0
378 32.0 0.0
377 378 32
376 377 32
374 376 16
372 376 16
372 373 8
370 371 8
368 369 4
367 369 4
364 367 4
364 368 4
360 363 4
359 361 4
358 367 4
357 363 4
356 373 8
356 371 8
356 357 4
355 372 8
355 359 4
354 366 4
354 362 4
352 370 8
351 361 4
351 352 4
348 375 16
347 353 4
347 348 4
346 352 4
345 348 4
343 360 4
342 355 4
341 346 2
340 371 8
340 360 4
339 374 8
338 339 2
337 351 4
337 359 4
337 341 2
336 342 2
336 337 2
334 340 2
334 335 2
333 338 2
332 344 2
331 340 2
331 335 2
330 344 2
329 374 8
329 330 2
328 341 2
328 336 2
327 342 2
327 328 2
325 346 2
325 328 2
324 373 8
324 371 8
324 327 2
324 325 2
323 357 4
323 332 2
321 343 2
320 363 4
320 321 2
319 338 2
318 339 2
318 319 2
317 368 4
316 366 4
315 343 2
314 362 4
312 316 2
311 312 2
310 316 2
310 311 2
309 358 4
309 354 4
309 310 2
308 313 2
308 311 2
308 309 2
307 358 4
307 354 4
306 314 2
306 307 2
303 322 4
303 350 4
303 304 2
302 369 4
302 305 2
301 326 2
301 322 2
300 353 4
300 301 2
299 326 2
299 300 2
298 303 2
297 298 2
297 304 2
296 345 2
296 297 2
295 347 4
295 300 4
295 298 2
295 296 2
294 345 2
294 297 2
293 349 4
293 304 2
293 294 2
290 332 2
286 287 1
285 289 1
278 279 1
277 285 1
275 286 1
275 285 1
275 276 1
274 317 2
273 283 1
271 280 1
271 281 1
271 272 1
270 273 1
269 283 1
269 270 1
264 281 1
264 280 1
263 279 1
263 264 1
262 283 1
262 282 1
261 335 2
259 268 1
258 261 2
258 259 1
123 234 1
122 218 1
122 123 1
121 228 1
121 131 1
120 202 2
120 132 2
120 191 1
120 121 1
119 203 1
118 202 1
117 220 1
117 198 1
117 201 1
117 118 1
116 173 1
116 156 1
116 155 1
115 246 1
115 211 1
115 166 1
115 116 1
114 132 1
114 193 1
113 159 1
113 119 1
113 196 1
113 114 1
112 221 1
112 132 1
111 114 1
111 119 1
111 219 1
111 112 1
110 242 1
110 159 1
110 119 1
109 241 1
109 203 1
109 110 1
108 130 1
108 148 1
107 135 2
107 129 1
107 108 1
106 227 1
106 237 1
106 185 1
105 154 1
105 236 1
105 212 1
105 106 1
104 190 1
104 124 1
103 122 1
103 234 1
103 189 1
103 104 1
102 238 1
102 190 1
102 244 1
101 226 1
101 104 1
101 102 1
100 210 1
100 238 1
99 268 1
99 226 1
99 100 1
98 269 1
98 262 1
98 205 1
97 128 1
97 136 1
97 150 1
97 98 1
96 274 1
96 100 1
95 185 1
95 99 1
95 227 1
95 96 1
93 299 2
92 365 4
92 133 1
91 231 1
91 252 1
91 92 1
89 92 1
89 90 1
88 90 1
87 89 1
87 91 1
87 88 1
86 87 1
86 231 1
84 231 1
83 315 2
83 85 2
83 84 1
82 88 1
82 86 1
81 86 1
81 84 1
80 82 1
80 81 1
79 313 2
79 80 1
78 81 1
78 83 1
78 79 1
77 312 2
76 90 1
76 77 1
74 76 1
74 88 1
73 77 1
73 74 1
72 313 2
72 311 2
72 73 1
71 82 1
71 74 1
71 72 1
70 123 1
70 254 1
69 85 1
69 70 1
68 70 1
67 85 1
66 69 1
66 67 1
66 68 1
65 68 1
64 79 2
64 67 1
63 64 1
63 66 1
63 65 1
62 65 1
61 64 1
60 313 2
60 61 1
29 222 1
27 292 1
27 28 1
26 27 1
25 26 1
24 28 1
24 26 1
23 239 1
23 24 1
21 291 1
21 93 1
20 23 1
20 35 1
20 22 1
20 21 1
19 24 1
19 25 1
17 25 1
17 18 1
16 35 1
16 23 1
16 19 1
15 17 1
15 19 1
14 18 1
14 15 1
124 176 1
124 189 1
1 10 1
1 4 1
1 2 1
251 253 1
125 205 1
125 286 1
125 269 1
125 126 1
2 353 4
2 3 1
126 287 1
126 270 1
3 4 1
3 94 1
253 365 4
253 320 4
127 272 1
127 277 1
127 136 1
127 128 1
4 9 1
4 5 1
254 267 1
5 12 1
5 94 1
5 6 1
255 321 2
255 315 2
6 35 1
6 8 1
6 7 1
256 264 1
256 279 1
256 257 1
7 94 1
7 93 1
257 280 1
8 12 1
8 16 1
8 15 1
9 12 1
9 11 1
9 10 1
10 29 1
11 29 1
11 14 1
11 13 1
12 14 1
13 222 1
13 18 1
30 37 1
30 34 1
30 31 1
31 375 16
31 33 1
32 40 1
32 39 1
32 33 1
33 34 1
34 39 1
34 36 1
35 93 1
36 38 1
36 37 1
37 302 2
38 305 2
38 39 1
38 42 1
39 41 1
40 41 1
40 44 1
41 47 1
41 42 1
42 46 1
43 49 1
43 45 1
43 44 1
44 47 1
45 314 2
45 48 1
46 51 1
46 50 1
46 47 1
47 49 1
48 59 1
48 49 1
49 51 1
50 52 1
50 53 1
51 59 1
51 52 1
52 75 1
52 54 1
53 367 4
53 305 2
53 75 1
54 59 1
54 55 1
55 307 2
55 75 1
56 60 1
56 58 1
56 57 1
57 364 4
57 358 4
57 62 1
58 61 1
58 63 1
58 62 1
59 306 2
128 285 1
128 205 1
129 155 1
129 130 1
130 152 1
130 139 1
131 247 2
131 251 1
132 177 1
133 252 1
133 167 1
134 165 1
134 141 1
134 135 1
135 182 1
136 271 1
136 233 1
137 156 1
137 174 1
137 173 1
137 138 1
138 157 1
138 196 1
138 184 1
139 155 1
139 151 1
139 156 1
140 206 1
140 147 1
140 141 1
141 182 1
141 164 1
142 286 1
142 276 1
142 284 1
142 143 1
143 287 1
143 288 1
144 249 1
144 260 1
144 215 1
144 145 1
145 250 1
145 224 1
145 160 1
146 283 1
146 282 1
146 147 1
147 273 1
147 182 1
148 152 1
148 204 1
149 282 1
149 232 1
149 150 1
150 262 1
150 233 1
151 179 1
151 157 1
151 152 1
152 183 1
153 258 1
153 268 1
153 154 1
154 265 1
154 227 1
155 166 1
156 157 1
157 162 1
158 319 2
158 242 1
158 266 1
158 159 1
159 174 1
160 260 1
160 161 1
161 370 8
161 224 1
162 184 1
162 179 1
162 163 1
163 178 1
163 171 1
164 206 1
164 165 1
165 246 1
165 166 1
167 320 2
167 168 1
168 252 1
168 255 1
169 207 1
169 194 1
169 170 1
170 356 4
170 195 1
171 179 1
171 172 1
172 240 1
172 183 1
173 266 1
173 211 1
174 266 1
174 196 1
175 217 1
175 189 1
175 176 1
176 335 2
176 258 2
177 193 1
177 178 1
178 192 2
178 184 1
179 183 1
180 181 1
181 323 2
181 200 1
183 204 1
184 193 1
185 186 1
186 317 2
186 237 1
187 331 2
187 214 1
187 188 1
188 261 1
188 215 1
189 218 1
190 234 1
190 267 1
191 228 1
191 192 1
192 229 1
193 196 1
194 248 1
194 208 1
194 195 1
195 235 1
197 344 2
197 220 1
197 198 1
198 290 1
199 223 1
199 200 1
200 247 1
201 221 1
201 202 1
202 223 1
203 219 1
204 240 1
205 275 1
206 333 2
207 329 2
207 208 1
208 243 1
209 244 1
209 364 4
209 238 1
209 210 1
210 274 1
211 245 1
212 265 1
212 250 1
212 213 1
213 236 1
213 225 1
214 260 1
214 215 1
215 216 1
216 261 1
216 249 1
217 343 4
217 334 2
217 218 1
219 221 1
220 221 1
222 362 4
222 366 4
223 247 1
224 225 1
225 250 1
226 238 1
226 259 1
227 268 1
228 251 1
228 229 1
229 253 1
230 252 1
230 255 1
230 231 1
232 257 1
232 233 1
233 280 1
234 254 1
235 323 2
235 248 1
236 237 1
240 365 4
241 318 2
241 242 1
243 332 2
243 330 2
243 248 1
244 267 1
245 319 2
245 333 2
245 246 1
247 363 4
249 265 1
249 250 1
10
72 45 3 1 2 3
1 67 3 1 2 3
10 94 1 1
9 33 2 2 3
66 85 3 1 2 3
75 43 2 1 3
321 86 1 3
77 81 3 1 2 3
197 86 1 3
133 76 1 3
501
1 1 1420 107 0.9877834764128814 0.10956940030963402 0
12 53 0 54 1173890 79 832447 104 747422 129 1095634 154 1255940 178 2152913 203 2641530 228 2180169 253 1323765 278 943470 279 0
0
2 2 1433 242 0.9849215577444372 0.12400839704971682 0
8 126 0 127 179081 151 417793 176 1001376 200 1400877 225 1373654 249 1287171 250 0
2 1 3
3 1 666 262 0.9866051962353237 0.0572993676626082 0
14 1 0 2 1704284 28 1822493 53 1020347 79 1694581 105 1626986 130 1028010 156 927044 181 1160693 207 875715 233 1019912 258 1065565 284 700717 285 0
0
4 3 1049 42 0.9900254779304184 0.14225605848716744 0
12 48 0 49 918379 74 784325 99 627761 125 1246145 150 2052568 175 1403838 200 1124225 226 955137 251 1659305 276 1024637 277 0
0
5 1 1229 302 0.9894000444243642 0.03545577551118864 0
12 45 0 46 2819755 71 2352837 96 1558527 120 1743056 145 1767044 170 1831362 195 2298689 219 1407669 244 1631880 269 2091096 270 0
1 4
6 2 875 22 0.9998553569488889 0.023347472995339402 0
12 53 0 54 1183282 80 1047453 105 1406257 131 1534454 157 1182884 182 1031843 208 1168253 234 1686274 259 879394 285 820795 286 0
1 5
7 3 938 345 0.9815522383642474 0.07590188761906053 0
11 103 0 104 4206145 129 2046597 153 1300089 177 945553 202 752278 227 1495758 251 1289389 275 817825 300 909725 301 0
0
8 1 1378 368 0.9807609284801767 0.07287883159371629 0
11 8 0 9 2103465 35 1854455 62 2144841 88 1355630 115 1245348 141 1612999 167 1371875 194 1461940 220 1025848 221 0
0
9 1 1435 95 0.982944646513214 0.14458024011536783 0
9 149 0 150 2061527 174 1774893 198 1116777 222 1655463 246 1227094 270 1500838 294 1077871 295 0
2 8 11
10 2 1229 273 0.9961106723864585 0.1288790025636038 0
8 61 0 62 1566746 84 996098 107 850613 129 819577 152 1508090 174 1398707 175 0
0
11 1 1153 209 0.984910851220911 0.07768630199079951 0
9 30 0 31 647364 55 1038771 79 1348843 103 944621 126 1564319 150 1906312 174 2766166 175 0
1 10
12 1 1298 244 0.9908574762818677 0.1191478824030137 0
9 151 0 152 2729137 176 2080302 201 2292512 225 998011 249 953464 274 825062 298 1115540 299 0
0
13 2 508 316 0.9842420900177269 0.14696913337908424 0
10 3 0 4 1683937 30 1754398 57 1495493 83 1467165 110 1575979 136 1557884 163 1277149 189 1203248 190 0
0
14 3 623 235 0.9961141432650232 0.002400942109235793 0
11 80 0 81 1339063 106 2486004 131 2028497 156 2379585 181 1119948 205 1177910 230 1334123 255 1551266 280 1281473 281 0
1 13
15 1 877 83 0.9983098338419855 0.05237851912271218 0
11 92 0 93 1998030 117 1979891 141 1572149 165 896932 189 977302 212 588926 236 465632 260 427721 284 533003 285 0
1 13
16 1 859 304 0.9925808518874026 0.11466026828014589 0
8 110 0 111 2631443 138 2085683 165 1580182 191 1290539 218 1084590 245 962605 246 0
0
17 3 728 305 0.9839659477662887 0.13686897397461387 0
13 19 0 20 696668 45 997543 70 993513 95 1211611 120 1155642 145 1664911 169 3479039 194 3011018 219 2735700 244 1784007 269 1399567 270 0
1 16
18 3 763 292 0.9968985292053483 0.06134072565599415 0
9 120 0 121 2852373 146 1858877 171 771182 197 602917 222 857484 247 876015 272 428629 273 0
1 16
19 1 1459 367 0.9848096229174286 0.08858738101775487 0
11 54 0 55 1895830 80 1268050 104 1758176 129 2061918 153 987740 178 1364518 203 917830 227 1095605 252 1227554 253 0
1 17
20 3 803 149 0.9860836364291954 0.13346795768597722 0
8 143 0 144 1936551 170 2168749 196 1739208 222 1330904 248 1062067 274 679128 275 0
0
21 2 1275 292 0.9828214993939918 0.06874900917931921 0
8 135 0 136 3033107 160 2781515 184 1994435 208 1381975 232 852826 256 405956 257 0
1 20
22 2 1353 210 0.9851708777515094 0.0366167897317874 0
13 42 0 43 655847 69 1004817 94 1665044 120 703361 145 848158 171 1433013 197 1506277 222 1764295 248 1847337 273 1877517 299 3170179 300 0
0
23 2 1269 270 0.9934458107042919 0.027629785770099568 0
8 151 0 152 799666 175 895846 198 1389251 222 1531476 245 1715200 268 1296395 269 0
0
24 3 571 115 0.9903768559918708 0.047858621398155894 0
14 20 0 21 736006 45 993593 70 1278424 94 2076217 118 2270207 143 1950916 167 2282760 192 1506817 216 1118817 240 937010 265 1474751 289 840035 290 0
0
25 3 731 188 0.999839309800583 0.06687388218766759 0
7 83 0 84 779225 109 525907 135 858435 160 1489520 185 1667224 186 0
1 24
26 1 972 356 0.9924420986312154 0.07552624319798466 0
11 3 0 4 334206 29 530501 55 743182 80 677383 105 1397293 131 1604506 156 1464703 182 691950 207 895176 208 0
2 24 25
27 1 1093 120 0.9955075738330864 0.08535294472534416 0
9 86 0 87 589130 113 634606 139 842966 165 1511365 190 1772349 216 2049537 242 2349100 243 0
2 25 26
28 2 517 51 0.9958896990420009 0.05633813343044503 0
8 77 0 78 720349 101 1322021 124 751075 146 1491194 169 1388062 192 1634180 193 0
0
29 1 1330 259 0.9993372550427672 0.01439723975606884 0
12 59 0 60 672893 84 903464 109 1529841 133 671336 157 1201830 182 2109812 206 1762291 230 2813314 255 2103251 279 2304579 280 0
1 28
30 1 1281 178 0.9934618125959388 0.02751171889664687 0
14 0 0 1 513558 26 518100 50 801223 75 824414 100 930309 124 1029796 149 2723680 173 3468309 198 2963579 223 2596149 247 1984056 272 2116423 273 0
3 28 29 31
31 3 807 4 0.9804641064588677 0.06793446436845116 0
9 42 0 43 876401 69 883352 95 1465665 121 1421424 148 2137921 174 2484225 200 2330225 201 0
0
32 2 718 298 0.9985188039056175 0.13031051761186294 0
11 74 0 75 1482529 101 1973716 127 1902283 154 1590338 180 1701211 206 2009171 233 1371377 259 841824 285 669475 286 0
0
33 1 696 58 0.9900938462651836 0.06730544106221878 0
9 18 0 19 2946316 44 2402481 70 1473178 95 1130045 120 1358857 146 1281348 171 1113540 172 0
1 32
34 1 1314 147 0.9868325848013231 0.018516030565031087 0
7 95 0 96 1230846 122 1346020 147 1441757 173 1258238 199 1474172 200 0
0
35 1 991 242 0.9805390801054473 0.13299781280732953 0
15 0 0 1 2030123 25 2184065 49 2428279 73 2302861 97 2855672 121 2015371 145 2029235 170 1430683 194 1110012 218 1274596 242 1327120 266 1849086 290 1185499 291 0
0
36 1 1171 352 0.9879065122753221 0.010036875072898776 0
7 158 0 159 2303751 184 2005062 209 1751941 233 987538 258 945481 259 0
0
37 3 1016 122 0.9876176894515079 0.0016417877047837925 0
13 37 0 38 1118675 62 1046223 87 962212 111 1141422 136 1123356 160 981060 184 868459 209 1516564 233 1853087 258 1235790 282 1671008 283 0
1 36
38 1 1439 362 0.9914011578438721 0.129793339849487 0
14 17 0 18 1347442 43 1302688 69 1297232 94 1260120 119 1065167 145 946846 170 894683 196 634332 221 978173 246 1421415 272 664603 297 925417 298 0
0
39 1 638 305 0.9920931761363467 0.110116259978701 0
12 0 0 1 1154197 25 1597316 50 1037419 74 969394 99 1257197 123 1139964 148 1575656 172 1807966 197 1406098 221 1764283 222 0
0
40 1 614 142 0.9890388340134608 0.03962076825259512 0
7 46 0 47 2257712 73 1626132 100 1181013 127 1534068 153 1799519 154 0
0
41 3 1244 276 0.9966779635938066 0.14523908099690114 0
12 44 0 45 857138 71 853310 97 848599 123 926266 149 1066681 174 1658209 200 1847084 226 2150354 252 1713733 278 1022829 279 0
2 40 43
42 2 1498 89 0.9955737338858647 0.06238541236405484 0
9 27 0 28 549297 55 912801 82 1573581 109 2664612 135 2176249 162 1240318 189 1538335 190 0
1 40
43 2 1213 123 0.9838235321359191 0.012548645688138859 0
15 4 0 5 735673 29 802847 53 1241843 77 1270814 102 974048 126 899511 150 1052472 174 1148498 198 2074399 223 3061627 247 2801630 271 2391841 295 2065133 296 0
0
44 1 1381 53 0.9800571636309653 0.09725689666268629 0
14 2 0 3 396815 28 535083 53 833209 78 828979 103 696863 128 1289541 152 2001715 177 2355971 202 1961891 227 2192245 252 2830999 277 1644941 278 0
0
45 1 737 96 0.9944466880882946 0.1165258778482996 0
13 6 0 7 1488731 31 738197 55 877956 79 886208 103 910806 127 2186748 152 1338835 176 2097883 200 1947043 224 2776019 248 2558951 249 0
0
46 3 707 282 0.9919125903741676 0.076607133011982 0
10 23 0 24 1619547 50 2269409 76 1955529 102 2226960 128 1842859 154 1873748 180 2114248 206 1852833 207 0
1 45
47 2 561 240 0.996089724236119 0.02319968614216502 0
10 93 0 94 886639 117 1268478 141 1480011 164 1329957 187 1714832 210 1619242 234 2857705 257 2906609 258 0
1 45
48 2 618 178 0.9996965564737825 0.10846576569583681 0
13 6 0 7 929834 33 693966 59 1478379 85 2064669 111 2322969 137 1650999 164 1551522 190 790716 216 513421 242 315406 268 164277 269 0
0
49 3 1263 297 0.9983242661042433 0.009734163901575 0
8 84 0 85 1374098 111 1437803 136 2410577 162 1380171 187 2072280 213 1666576 214 0
0
50 2 1053 44 0.9888739090125793 0.006375050040608138 0
8 93 0 94 2243812 118 1490646 143 1151581 167 947668 192 644205 216 400667 217 0
0
51 2 1216 115 0.9845215036628867 0.10949221316176322 0
11 34 0 35 1582884 59 1436189 83 744037 107 1133476 131 977450 155 1263941 179 2213843 203 2574373 227 2854619 228 0
1 50
52 1 601 120 0.9866605308885945 0.0888665542866434 0
8 114 0 115 927690 139 945577 164 855708 188 904857 213 947352 237 1378295 238 0
0
53 3 1292 4 0.9827745149501101 0.002115130931548903 0
14 8 0 9 1685191 35 1504729 60 1431962 86 2519797 112 1658784 137 2692976 163 1271646 188 1396107 214 1799762 240 1130490 265 844794 291 1481113 292 0
1 52
54 3 793 169 0.9840315052087445 0.10056562294578 0
9 121 0 122 2011261 145 1775424 168 1392541 191 967357 213 1381984 236 1175162 259 1316122 260 0
1 53
55 1 878 323 0.9864245768870803 0.05896997120047227 0
13 41 0 42 1086107 67 1502946 93 1351450 119 1776392 144 1130905 169 792794 195 1032472 221 1189190 246 1675184 271 3738312 297 2717655 298 0
0
56 3 539 54 0.9947883173257912 0.011675480857143816 0
14 14 0 15 1513131 41 2009933 67 1281493 92 744181 118 674075 144 946134 170 962287 196 952101 222 1014639 247 1440309 273 1077376 299 686789 300 0
1 55
57 3 1147 2 0.9898994745991974 0.09914118213876248 0
12 32 0 33 2615755 58 2379732 83 2081738 108 2567961 133 2460560 158 1726502 183 1436091 208 1614354 233 940135 258 679911 259 0
2 55 56
58 1 771 362 0.9825825137767888 0.10861304885854094 0
14 10 0 11 664268 37 526221 62 269228 88 627035 114 663104 140 1384469 165 1166175 191 1699397 217 2193932 243 1842487 268 3293263 294 3508568 295 0
0
59 1 1001 228 0.9933318652659388 0.06095744284880783 0
14 27 0 28 547993 52 677041 77 736971 101 892700 125 1456670 150 1086065 174 1296832 199 2406627 223 2349035 247 2007485 272 2343465 296 2334111 297 0
1 58
60 3 748 333 0.981393794930847 0.057580553972146356 0
12 40 0 41 2048854 65 1731094 88 1425664 112 1540520 136 1003057 159 705496 183 522489 207 467134 230 370052 254 281932 255 0
2 58 59
61 1 1143 4 0.9810377878326186 0.08327322445427382 0
13 21 0 22 2598255 48 2927818 74 2532074 99 2171879 125 1208814 151 1455196 177 1713904 203 1751053 228 1081539 254 1152117 280 921884 281 0
0
62 3 964 76 0.9932532944233936 0.06710083925767492 0
14 23 0 24 1395250 49 2236086 74 2135034 98 1822736 123 1269163 148 779345 173 499834 198 1069473 223 872386 247 1464437 272 1116174 297 1280746 298 0
0
63 1 693 90 0.9812138838313138 0.10401648957008973 0
11 55 0 56 995298 80 1473467 104 2023766 128 2707226 153 2127942 177 1861590 201 1596614 225 1570414 249 1629360 250 0
1 62
64 2 840 327 0.990770083726461 0.08835975059166991 0
14 1 0 2 1275126 27 2775149 53 1514496 78 1180678 104 1268630 129 1231544 155 827548 180 1135700 206 1368150 231 2005721 257 2746097 282 2389853 283 0
1 62
65 3 539 71 0.9872893626016396 0.06554609217364643 0
13 9 0 10 1903368 34 1595741 58 1882449 82 1351289 106 1462048 131 1085347 155 1356537 179 2099835 203 2009269 227 2903889 251 2123667 252 0
0
66 2 600 265 0.9953373381781513 0.03353893485339107 0
15 8 0 9 1777975 33 1506343 57 1677204 81 2647525 106 2464477 130 2572003 154 1594817 178 2399552 202 1502500 227 774932 251 678048 275 713925 299 589582 300 0
1 65
67 1 1153 100 0.9999656901810282 0.010243588557778687 0
13 24 0 25 2976100 50 2382706 75 2135605 100 1858147 125 1414006 150 1577820 175 1277535 200 824358 225 952183 250 892430 275 1052582 276 0
0
68 1 804 106 0.9866665235188953 0.1431004012577868 0
12 16 0 17 996478 42 1777514 68 2348316 93 1784231 118 1242432 144 1398027 169 1781427 194 1372763 220 604492 245 539609 246 0
2 67 69
69 3 1311 280 0.9819620955603271 0.122558162474504 0
8 13 0 14 1103267 38 1180151 63 1366922 87 1266368 112 1765908 136 1804043 137 0
0
70 3 821 210 0.9881868647894925 0.01337222982806074 0
9 70 0 71 809169 97 813837 124 857703 151 1055916 177 934447 203 1118455 230 1324647 231 0
0
71 3 1039 40 0.9946891504384644 0.10361765075335494 0
14 11 0 12 2447838 37 1838733 63 1137696 88 1016064 113 894030 139 684010 164 484384 190 439725 215 368541 240 272116 266 215018 291 229358 292 0
1 70
72 2 1344 60 0.9926521064327202 0.01851072595568649 0
8 131 0 132 620762 157 522489 182 1359656 206 2280817 231 1548619 256 2071140 257 0
0
73 3 1052 304 0.9885477019344184 0.12114441045509955 0
10 123 0 124 969905 148 970005 173 1557329 197 1996237 222 1735051 246 1449829 271 1107478 295 1313873 296 0
1 72
74 3 1264 88 0.994146030977826 0.0328933099161379 0
8 68 0 69 1264103 95 1548894 121 1697436 148 1441400 174 1383214 200 1475474 201 0
1 72
75 2 1232 368 0.9971482983544614 0.13517187583693166 0
10 1 0 2 2475228 28 2205870 54 1761056 80 1758287 106 1714180 132 2219338 158 1468028 184 1848877 185 0
0
76 1 552 106 0.987231905615218 0.04423009946455833 0
12 23 0 24 1655378 48 2133806 72 1941293 96 1414104 120 1305457 143 1315572 167 1202404 191 1041396 215 1217270 239 1290315 240 0
1 75
77 1 814 170 0.9851463506059635 0.14897344843678065 0
11 51 0 52 2157128 78 1308814 105 695298 131 998915 157 959847 183 1065450 209 1502186 236 1223575 262 874659 263 0
0
78 3 1413 151 0.9909162329165468 0.02156514656554549 0
7 140 0 141 1246126 169 1267115 196 1437854 223 1392910 251 2148348 252 0
0
79 2 1272 15 0.99066008024309 0.05247843560890876 0
15 4 0 5 1229159 29 2210929 53 1385421 78 1491195 102 1663101 126 1650325 151 1344695 175 1657099 199 1668116 223 2005553 247 1388792 272 1705248 296 2627386 297 0
1 78
80 2 1250 297 0.9852357688137672 0.13598234118815528 0
8 134 0 135 1901706 159 1457281 183 1369681 207 1932123 231 2610870 255 1773564 256 0
1 78
81 1 1023 111 0.9802841962841887 0.10078113494926778 0
9 7 0 8 768398 32 752898 56 778413 79 1677801 103 2654834 127 2122990 151 1507085 152 0
2 78 80
82 1 1165 102 0.9987306743791103 0.06632629594577215 0
7 67 0 68 1444782 94 1645464 120 1696158 146 1498403 172 965284 173 0
0
83 1 709 177 0.9932809308582509 0.018658791690119823 0
14 11 0 12 1302534 37 1270594 62 1325967 87 1842622 112 3029922 137 2567631 161 2435813 186 2168361 211 810136 236 845875 261 1472236 286 1717648 287 0
1 82
84 1 1022 96 0.9820583140106759 0.0840070366484968 0
9 92 0 93 3052231 117 2074816 140 2125430 163 1639363 187 1268611 211 1913090 234 1308934 235 0
0
85 2 959 144 0.9961433811118976 0.13799345445835706 0
12 10 0 11 2075385 37 3480865 62 2096364 88 1651315 113 1985939 139 1829314 164 1259983 190 1034827 215 706950 241 722404 242 0
2 84 86
86 3 734 33 0.9831708485825388 0.08224462315186697 0
11 0 0 1 2648413 27 1426812 52 1759508 78 2383443 103 3253883 129 1839634 155 1203526 180 1136748 206 763952 207 0
0
87 2 643 180 0.9856507642594049 0.07684410763758603 0
11 69 0 70 1158447 94 1115827 119 1705166 143 1022023 167 1188349 192 2179026 216 1520664 241 2406920 265 1880801 266 0
0
88 2 809 367 0.9850984379030615 0.08181080080585555 0
15 3 0 4 2820794 28 1606157 52 2021979 77 1269792 101 862878 125 634543 149 593183 173 946592 197 850605 221 991631 246 750943 270 1014020 294 1331782 295 0
2 87 89
89 3 793 7 0.9961532101501148 0.008593098786047049 0
10 52 0 53 1938297 80 1264876 106 1292991 133 514585 159 537132 186 281997 212 517522 239 966468 240 0
0
90 3 908 40 0.985161506437938 0.14246226031038964 0
9 39 0 40 1091783 67 720560 94 1747439 121 2153430 147 1455596 174 1832111 201 1345405 202 0
0
91 3 942 98 0.9914779076221103 0.06282823158447612 0
14 5 0 6 384848 30 399035 54 483800 78 415084 102 457369 126 1198616 150 1763684 174 1766497 198 1642692 222 1676418 246 1598854 270 1397807 271 0
0
92 2 618 372 0.9834865291192445 0.028804763134837208 0
7 156 0 157 854215 184 1502530 211 1839713 239 1477968 266 2318653 267 0
0
93 2 977 370 0.9877275816682287 0.09817298428068184 0
8 44 0 45 2727376 68 3124831 91 1122466 113 1242495 136 1306264 159 594665 160 0
0
94 2 924 19 0.9904795944964627 0.11752155081066902 0
8 45 0 46 1213859 70 1401113 94 1904007 118 1629912 142 1341008 166 955034 167 0
1 93
95 3 1150 206 0.9913784708816276 0.12373961416952922 0
9 15 0 16 2085405 42 2389715 68 3019635 95 1366481 121 879793 147 422616 173 218237 174 0
0
96 1 1006 145 0.9856219091056533 0.045967974083816004 0
13 41 0 42 645490 68 977963 94 972728 119 1111602 145 1295535 171 1648455 197 1827431 223 1820144 248 2968152 274 1627259 300 1926248 301 0
2 95 94
97 2 779 16 0.9938464144953162 0.13163694403551973 0
8 10 0 11 1169141 34 2226601 58 2178293 81 1447093 105 1466306 128 2273270 129 0
0
98 2 1173 21 0.9870773960736302 0.06995481296964356 0
7 64 0 65 2011958 91 1517200 117 1704310 144 2745500 170 1761686 171 0
1 97
99 3 871 239 0.9962670025541752 0.1131184160330301 0
11 17 0 18 468010 42 389092 66 597815 90 360702 113 306238 137 481672 161 1069720 185 1549198 209 3089559 210 0
0
100 1 1416 342 0.9926239244882794 0.034374137794078614 0
10 44 0 45 2603512 69 2957443 94 2542005 118 1613228 143 1217527 167 883796 192 581079 216 693081 217 0
1 99
101 3 1325 55 0.9888844468001485 0.06987832228311182 0
11 24 0 25 1174901 48 1106022 72 1162464 95 1307339 119 1834441 142 2664476 165 1741039 189 1241395 212 1123773 213 0
0
102 1 521 250 0.9911769931100485 0.0383931130012822 0
10 53 0 54 3963067 79 1810147 105 1277550 130 1156291 155 1600014 180 1037971 206 1682897 231 1307897 232 0
0
103 3 791 339 0.9827393925819845 0.11372454833012274 0
10 6 0 7 2411044 33 2233526 58 1405221 84 1392444 109 2307914 135 1311127 160 1293287 186 738341 187 0
1 102
104 1 733 78 0.9826835017543912 0.13240390380054096 0
13 9 0 10 3101284 35 1802497 61 963518 86 951051 111 815917 137 556852 162 653078 187 494533 212 495123 238 668911 263 988371 264 0
0
105 1 934 338 0.9978842786571215 0.05302371719764235 0
8 56 0 57 2183170 81 1654067 105 1493890 128 1449038 152 2426837 176 1878295 177 0
2 104 106
106 2 510 322 0.9911505894808214 0.12031549356448105 0
9 99 0 100 2177359 124 1402401 149 823196 173 916417 197 623954 222 717958 246 900735 247 0
0
107 1 1214 41 0.9961098202624322 0.0107245027103206 0
9 55 0 56 1129132 80 1492547 103 1304756 127 1634448 151 2132122 174 2400684 198 2888171 199 0
1 106
108 2 1065 138 0.9800007327150541 0.04129730338285055 0
14 29 0 30 1234665 54 1074251 79 1164613 103 821764 127 859718 151 1402949 176 1139225 200 1464565 224 1352392 248 2280708 273 2645848 297 2543533 298 0
0
109 3 894 116 0.9844347159054818 0.01884623890267462 0
14 1 0 2 590965 28 1223345 54 1417624 80 1229775 106 2001990 132 2778130 157 3597648 183 1971388 209 1423069 235 1124544 261 956528 287 1456703 288 0
0
110 2 1002 198 0.9874178302409546 0.06209308798753993 0
11 36 0 37 1388263 63 1129130 89 1384483 114 2120314 140 1718555 166 1678158 191 946689 217 1228684 243 740403 244 0
1 109
111 1 601 151 0.9886501780953797 0.019781259638071733 0
11 20 0 21 3549300 46 3240587 70 2538537 95 1395339 119 1610481 144 559111 169 462771 193 328478 218 239081 219 0
1 109
112 3 1007 67 0.9916991775884042 0.13382969914815782 0
7 78 0 79 2485935 107 1529675 135 1455119 162 1005833 190 470478 191 0
1 110
113 1 1249 371 0.9962192568731341 0.11416559713471408 0
12 1 0 2 1803890 27 2066970 52 1560660 78 1673324 103 1900437 128 2287348 153 2469517 179 2302945 204 1256757 229 1252988 230 0
0
114 1 1416 73 0.9808926935376054 0.09603354014980996 0
11 37 0 38 2912362 63 2881884 87 2506614 112 1129681 137 683854 161 484629 186 456307 210 357876 235 529881 236 0
1 113
115 1 1145 10 0.9986706903328625 0.0444102245328546 0
10 54 0 55 1058680 79 924171 104 832626 128 779893 152 685350 176 955376 201 1326917 225 1391630 226 0
2 113 114
116 1 558 175 0.9922210020707368 0.11231332225894768 0
10 58 0 59 947731 83 731524 107 860530 131 1058451 155 1702339 179 2101941 203 2170167 227 2240103 228 0
1 113
117 1 640 123 0.9909223752406388 0.11385212544855705 0
9 30 0 31 1627564 57 995393 82 1267274 108 977451 134 1170645 159 1606411 185 1137548 186 0
0
118 2 615 319 0.9988975465020745 0.014141501404898248 0
9 93 0 94 1401581 117 1664633 140 1614968 163 1633392 186 1751583 209 1044296 232 1119312 233 0
1 117
119 3 967 82 0.9937529941183478 0.08607073873498335 0
8 138 0 139 923107 162 1436608 185 1434544 207 1332033 230 1656461 253 1678425 254 0
2 117 118
120 1 1394 284 0.9859505546262368 0.0853921419610931 0
11 93 0 94 2416764 119 1663482 144 1884006 169 1671312 195 1965930 220 2199840 245 1662289 270 1149696 295 1438051 296 0
2 117 119
121 3 1160 119 0.9827159605620613 0.10665812011580592 0
12 0 0 1 1025924 27 1193567 52 879340 78 964553 104 1141062 129 1208196 155 1750372 181 1383577 206 1745437 232 1291362 233 0
0
122 3 963 221 0.9917089707789666 0.09983750030966 0
7 13 0 14 1581628 40 1262346 67 1326762 93 1217450 119 1066508 120 0
1 121
123 1 1462 284 0.9960489848092833 0.011802128540030082 0
11 65 0 66 2180461 90 2267234 115 1653595 139 854399 163 1204563 187 1665073 211 1892879 236 1639486 260 3354250 261 0
1 121
124 1 1071 69 0.9925363142801911 0.053952917157026874 0
11 86 0 87 2893775 112 2533164 137 1806279 162 1606592 187 1981515 212 1007488 237 1165002 262 1290241 287 1455138 288 0
0
125 3 741 76 0.9890864040359295 0.028553259875639562 0
14 18 0 19 1258514 44 1335831 70 1166568 95 800463 120 1170974 145 1783944 171 1566452 196 1399361 221 2123144 246 1645840 272 1674778 297 1242325 298 0
0
126 1 1331 125 0.9809560499993323 0.09129046949835934 0
10 124 0 125 978757 150 2413672 174 1636172 199 1615173 224 2003320 249 1995161 273 1545388 298 1939770 299 0
1 125
127 2 1480 292 0.99615573102672 0.04489990686952027 0
12 27 0 28 1911901 54 2071674 80 1686319 107 2024591 133 1224761 159 1055172 185 1372046 212 955546 238 1666570 264 1447997 265 0
1 126
128 1 1380 72 0.9897724289076303 0.11005931194138212 0
15 9 0 10 3622243 34 2665777 58 2717565 82 1871863 106 1727262 130 1499551 155 1397623 179 751019 203 1277423 227 1598682 251 988448 275 860542 299 747663 300 0
0
129 2 1143 314 0.9956836920713185 0.11553825165954451 0
11 23 0 24 2432166 49 1232348 75 1397723 100 1188422 125 899309 150 404224 175 573987 201 816158 226 898564 227 0
1 128
130 1 1479 65 0.9919882590859361 0.11648269295491293 0
14 11 0 12 1137897 38 1460336 64 1075712 90 1421054 116 1260688 142 1648558 167 1570291 193 1619290 219 1196908 245 974106 271 1516836 297 1012223 298 0
0
131 1 632 114 0.9847935412130076 0.053349624946285715 0
8 22 0 23 2403521 47 2022795 71 1277528 94 1606120 118 1723831 142 882396 143 0
1 130
132 1 514 126 0.9825448166934126 0.10306209330862796 0
9 64 0 65 920770 88 695511 111 809594 133 1193745 156 1338718 179 2564070 202 3273049 203 0
0
133 1 1297 125 0.987757359017186 0.10510731864310606 0
13 11 0 12 1733631 36 860506 61 1229718 85 1821069 109 1749869 133 1663248 158 1869020 182 2422774 206 2061719 231 1300501 255 1078594 256 0
0
134 1 619 34 0.9879561731932063 0.0017048918090856679 0
10 69 0 70 2748499 96 1860141 123 2460595 149 2462468 175 1589121 201 1546776 228 780267 254 726084 255 0
0
135 2 859 22 0.9840820918709996 0.09748434803961166 0
11 8 0 9 947104 33 1304895 57 1269729 81 1646324 105 2060561 129 1886782 153 1853361 177 1538601 201 1483003 202 0
1 134
136 2 781 310 0.9805712057630565 0.010673359263507121 0
9 84 0 85 1518626 110 2174022 135 1622281 159 1472125 184 1704225 209 1583449 234 1539924 235 0
0
137 1 1017 137 0.9828304587452318 0.13614005008737196 0
13 36 0 37 2351288 61 2001870 86 1932523 110 1550455 134 2007983 159 1678816 183 1151924 207 1053961 231 1093925 256 793321 280 1753550 281 0
2 136 138
138 3 744 285 0.9844094383934294 0.0697693426903932 0
15 8 0 9 1606435 33 1290692 57 906746 81 1269461 106 1749819 130 1366558 154 752967 178 779197 202 876087 227 860246 251 603342 275 726100 299 671067 300 0
0
139 3 1314 313 0.9915062627715665 0.11015836776514501 0
11 40 0 41 726207 67 1154848 93 1046220 120 1163723 146 1653701 172 1447009 199 1574343 225 2687509 251 1918615 252 0
0
140 3 1300 223 0.9872411023767231 0.12223662148961831 0
13 18 0 19 722343 43 895868 66 662747 90 1056959 114 951792 137 1528498 161 1991953 185 1638524 209 1298372 232 1414784 256 1639950 257 0
1 139
141 1 842 284 0.9851872988129818 0.04076939608211549 0
12 21 0 22 1065171 47 933186 73 1139885 98 2070387 123 1660910 149 1612460 174 2039731 199 2362524 225 2424709 250 2934666 251 0
0
142 2 1178 340 0.9815193135015273 0.0731841307797849 0
8 160 0 161 981646 186 1746617 211 1804343 236 1624540 261 2280172 286 2028362 287 0
1 141
143 2 898 368 0.9965407920781397 0.11815509867085414 0
9 47 0 48 1538066 71 1531048 94 782654 117 673255 141 727334 164 1158692 187 1336165 188 0
0
144 1 668 189 0.9811344109436622 0.11827709544098206 0
15 3 0 4 575972 28 1270647 52 1627572 77 1410148 101 1486825 125 1413969 149 920167 173 1714956 197 1019604 221 878217 246 721846 270 1004642 294 698571 295 0
1 143
145 3 1478 178 0.9813488215172017 0.0024542078648107034 0
9 137 0 138 2085981 162 2622858 185 1348922 209 1397560 233 1420428 256 1370659 280 922924 281 0
1 144
146 1 1276 370 0.9837659243805852 0.13614558890901443 0
11 2 0 3 2059682 29 1676218 55 1416520 81 1402176 107 1262274 132 1447516 158 1687717 184 1641624 210 1232530 211 0
0
147 1 891 65 0.9901177347000398 0.02319695300426695 0
12 23 0 24 419775 50 552825 75 615464 101 558739 127 851350 152 641474 178 1268878 204 2200394 229 2377407 255 2443976 256 0
0
148 3 1261 277 0.9971521468002714 0.027715472506532945 0
9 100 0 101 2228093 128 1756988 155 2564271 181 2417033 208 1290377 235 703557 262 636128 263 0
0
149 3 1173 296 0.9953650739556276 0.02769236109442667 0
12 26 0 27 940750 52 615458 77 600294 102 610942 127 647799 152 714227 177 1099335 202 1043421 227 1736779 252 1393926 253 0
2 148 150
150 3 1188 373 0.9953971688261889 0.03212407655858341 0
13 24 0 25 1574461 51 1560969 77 1783744 102 1366541 128 1280926 154 1475871 180 1497867 206 1238653 231 1729726 257 2946849 283 2912938 284 0
0
151 3 1244 118 0.9889304309760452 0.08388508424433207 0
8 50 0 51 634153 77 989125 103 1486745 128 1447372 154 1448485 180 2220996 181 0
0
152 2 1276 161 0.990700528631511 0.07607310193250379 0
11 11 0 12 1370859 36 932409 59 1223350 83 637924 107 1219892 130 1638197 154 1149975 177 1447814 201 1644963 202 0
0
153 2 1323 355 0.9844737677868522 0.0021455844647392864 0
14 34 0 35 1926161 59 2047574 83 2848923 107 1867518 131 2072194 155 1830834 178 1018784 202 758370 226 1283596 250 897750 274 1068783 298 1044309 299 0
1 152
154 3 852 218 0.9840417756435028 0.12787438597263687 0
11 99 0 100 679677 124 772931 147 1065068 171 950023 195 1159592 218 1350238 242 1519365 265 2234766 289 4382166 290 0
0
155 3 610 7 0.9819804598655046 0.01264251839849212 0
14 7 0 8 778887 33 802017 58 1239537 84 1009558 109 1404270 134 2337188 159 2468337 184 1897933 209 2817758 235 2088703 260 1950821 285 1628904 286 0
1 154
156 2 570 276 0.9953515590444441 0.002967886768386457 0
12 9 0 10 665302 35 1564507 59 948295 84 1084215 109 885596 133 619385 158 1061667 183 2702059 207 1895643 232 2535711 233 0
2 154 157
157 3 1358 344 0.9875229241152096 0.06614122722573662 0
8 51 0 52 1365150 74 1791159 97 1721663 119 1694438 142 2293170 164 2139031 165 0
1 155
158 3 556 120 0.9956485749817 0.04051317727161641 0
9 154 0 155 1274136 179 1932851 203 1016173 227 1686636 251 1384745 275 2157575 299 2012895 300 0
0
159 1 875 200 0.9935621742444092 0.04348878907777188 0
7 183 0 184 1774758 210 2336613 236 1987771 262 1488930 288 1410492 289 0
0
160 2 969 332 0.988727300967728 0.08392138955995378 0
8 104 0 105 1089544 129 1212773 153 1896986 176 1647846 200 2165020 224 2356365 225 0
1 159
161 1 937 263 0.9862149481296103 0.002285565081995311 0
11 96 0 97 956659 121 632597 145 971111 170 1136842 194 1067470 218 1027848 243 958017 267 913750 291 1408496 292 0
2 159 160
162 1 1142 347 0.9810158181151127 0.11571344281678911 0
13 38 0 39 450371 65 456857 91 702742 117 1277076 143 1459744 169 1686251 196 1125557 222 1401707 248 1324112 274 1234855 300 1739041 301 0
0
163 1 1272 371 0.9842716828410256 0.1202053959721063 0
14 5 0 6 3388199 32 2847611 58 1853573 83 1588575 109 1136272 135 1135127 161 772170 187 512224 213 552272 238 776237 264 570562 290 616797 291 0
1 162
164 1 502 82 0.9932581214482964 0.07550732337162692 0
10 90 0 91 1502049 115 1478391 138 1357356 162 794113 186 631867 210 613525 233 650227 257 821896 258 0
1 163
165 2 883 268 0.9910698775851978 0.017744139986704915 0
14 15 0 16 783775 42 812851 67 1340428 93 1309953 119 1406285 145 1330198 170 1765293 196 957625 222 733107 248 1060382 273 1288042 299 1773400 300 0
0
166 3 938 227 0.9802564740860275 0.12168102416219763 0
7 157 0 158 1242884 186 1672458 213 1011212 241 2453680 269 2479217 270 0
2 165 167
167 3 736 42 0.9977282012663926 0.07589451862005743 0
13 20 0 21 1367048 45 867620 70 1501382 94 2681591 118 1888149 143 1193709 167 957117 191 845437 215 625267 240 670256 264 716944 265 0
0
168 3 781 314 0.9944778788541756 0.008150993650705518 0
11 58 0 59 878230 85 1275643 111 1047445 138 1372476 164 1371080 190 1121758 217 780813 243 712500 269 796054 270 0
1 166
169 1 1119 210 0.9998261151306789 0.13905489600076248 0
13 40 0 41 1293956 65 1836090 89 2860167 114 1843191 138 1194539 162 846402 186 890204 210 856397 235 1009923 259 1359965 283 1160012 284 0
0
170 3 523 260 0.9825247280230016 0.07903823423968379 0
15 0 0 1 1980170 26 1758590 51 1221857 76 1817682 101 1339518 126 992239 151 992411 175 1217383 200 1704968 225 2633021 250 2542121 275 1888931 300 1983438 301 0
0
171 1 1328 254 0.9953652523322615 0.006925867406521263 0
14 3 0 4 979632 30 1129236 56 1888744 81 1382721 107 995067 133 1243429 159 971734 185 794813 211 888196 236 469528 262 610779 288 586372 289 0
0
172 2 1010 314 0.9841252879975549 0.12346112400950011 0
8 131 0 132 455636 155 808707 178 873933 202 1327238 225 1848272 248 1241760 249 0
1 171
173 2 1200 320 0.9919842011970152 0.11364508975580903 0
8 174 0 175 1275540 199 1534234 222 2275523 246 1424723 269 1163962 293 1486591 294 0
0
174 2 857 198 0.9945049878759574 0.1394018960025909 0
9 89 0 90 2018532 113 1251743 137 1748268 160 1264320 183 820682 207 1156791 230 2283524 231 0
1 173
175 3 1228 360 0.9883947422161581 0.0151915206227215 0
13 26 0 27 2104402 53 2553903 78 2261190 103 2211926 129 1412651 155 1070613 180 908948 205 988115 231 893163 257 964605 282 2057426 283 0
0
176 1 1394 326 0.9831396307088781 0.0772761776191109 0
14 4 0 5 2140747 30 3341775 55 1475742 79 1292943 104 1467304 129 1371543 154 925269 179 887610 204 633926 228 480340 253 645334 278 640888 279 0
1 175
177 1 1451 27 0.9888981106571177 0.13526401101774066 0
10 84 0 85 446595 108 781371 131 752338 154 583474 178 1422192 201 1404636 224 1231104 247 1527384 248 0
2 175 176
178 1 1027 315 0.9888518818492003 0.1096187080123292 0
13 23 0 24 743636 49 1371136 74 2241255 100 1965468 125 2812415 150 2718209 175 3098544 200 1351282 226 1315080 251 987859 276 464136 277 0
3 175 176 177
179 1 580 91 0.9857582611859802 0.06257095860711197 0
14 14 0 15 477392 40 1217286 66 875381 91 921829 116 994255 142 1216156 167 1260136 193 1269997 218 1872720 243 880209 269 330243 294 252752 295 0
0
180 3 804 1 0.9945000996443402 0.1091178099028568 0
9 95 0 96 1252770 119 1560606 142 1975331 165 1702207 187 1473097 210 1807612 233 2812377 234 0
0
181 2 1380 270 0.9971316321178832 0.05206496257405139 0
8 157 0 158 1225177 184 666566 210 664651 236 813683 262 1323840 288 1585353 289 0
1 180
182 3 1339 268 0.9974843808952244 0.07839504427331716 0
7 195 0 196 2076327 222 1996577 247 1854816 273 1875133 299 1880522 300 0
0
183 3 860 262 0.9900350080542571 0.08836726455808218 0
10 39 0 40 1650904 64 1209214 89 966870 113 1132607 138 1087330 162 871229 187 735219 211 691291 212 0
1 182
184 2 1209 356 0.989072039544842 0.03428287606484582 0
15 0 0 1 1809825 25 1673054 50 1753335 74 1951412 99 1945511 123 1266800 147 1154069 172 1093003 196 684296 221 461742 245 613864 270 594273 294 262895 295 0
2 182 185
185 1 599 288 0.9895282732403173 0.0659903600592178 0
9 91 0 92 3468249 115 2905920 138 1064309 161 951607 184 732185 207 420123 230 494212 231 0
1 183
186 3 1105 282 0.9900070241084119 0.134425129907901 0
11 15 0 16 668134 40 1118026 64 1420892 88 1841089 112 2302908 136 2596683 160 1682763 184 1151443 208 2539474 209 0
0
187 2 871 270 0.9882187390909487 0.14070937702523123 0
14 10 0 11 649074 36 769397 62 820335 87 1446247 112 2139432 137 1549831 163 941131 188 689843 213 904252 238 1640792 264 1780214 289 2331635 290 0
1 186
188 2 1258 204 0.983141093108663 0.05889613382677636 0
8 161 0 162 1252935 185 1446493 209 1369575 232 1762528 256 2465724 279 2315128 280 0
0
189 2 609 47 0.994715502922174 0.1158850222053115 0
10 75 0 76 789334 101 651673 125 440013 150 405858 175 537546 200 948074 224 3003593 249 2174540 250 0
1 188
190 2 687 268 0.9835502319085503 0.12654191816818525 0
9 11 0 12 1198691 35 1684338 58 1829465 81 1936734 103 1975475 126 1851389 149 2317365 150 0
1 189
191 2 654 176 0.9802167616464106 0.057831911043918785 0
11 73 0 74 1998405 100 1274897 126 917501 152 1061303 179 845545 205 673724 231 787281 257 864635 283 580380 284 0
0
192 2 1055 14 0.9862983686220056 0.14734948722690475 0
8 61 0 62 936793 86 870088 110 717297 135 1305643 159 1169207 183 1447503 184 0
0
193 1 1090 120 0.9936315891523907 0.02718753270404739 0
13 20 0 21 1152157 46 980798 71 1141889 96 1718707 121 1585905 145 1591935 170 1100435 195 879174 220 918498 245 550098 270 781993 271 0
1 192
194 2 1384 245 0.9899075376255472 0.06981614252500441 0
12 65 0 66 1564136 90 1417048 114 1303613 139 2075666 163 996605 187 612462 211 572298 236 690450 260 642994 284 680001 285 0
1 192
195 3 1257 190 0.9899198926120556 0.14224844714533713 0
12 31 0 32 1950469 58 1793154 84 1317633 111 1181632 137 1404831 163 1345963 189 524912 216 681549 242 539733 268 548290 269 0
1 192
196 2 1278 179 0.9889522933310294 0.016839745854707516 0
14 12 0 13 1142117 37 705499 62 743635 86 465616 111 600124 135 757306 160 1090460 184 2024311 209 1934360 233 3041162 258 2034564 282 2161930 283 0
0
197 3 1142 156 0.9956557141782866 0.05805609442785374 0
8 67 0 68 1439454 90 1113695 113 859458 135 940387 158 802465 180 658794 181 0
1 196
198 3 609 18 0.9853294893162436 0.09840083310022708 0
8 121 0 122 1210661 146 1711071 169 1422636 193 1832244 216 1117311 240 910367 241 0
1 197
199 1 957 352 0.9824853507419695 0.05866922043077036 0
12 52 0 53 1402494 78 1267373 104 1187244 129 1071452 155 1525890 180 1364234 206 1837004 231 2443165 257 2221432 282 1645374 283 0
0
200 2 1191 318 0.99455330362556 0.0755040609257413 0
10 82 0 83 872019 110 557705 136 718661 163 923521 189 1808900 216 2203398 242 1975421 269 2188949 270 0
0
201 2 1311 38 0.9919235617908299 0.08898229233184037 0
12 58 0 59 994203 83 1288179 106 1270572 130 1378000 153 1122103 177 1369825 200 1171299 224 1197589 247 1445044 271 1246519 272 0
1 200
202 2 831 312 0.9941937310130127 0.10900445859272626 0
9 104 0 105 649278 130 684963 154 887044 179 1031925 204 1857576 228 1607966 253 1901356 254 0
0
203 1 862 345 0.9970115840189309 0.13379897517392067 0
12 67 0 68 1388667 92 1899324 115 1352330 139 2435146 163 2778495 186 2007860 210 1360704 234 1123340 257 643910 281 470546 282 0
1 202
204 3 757 238 0.9969498963503878 0.0681302340628548 0
8 169 0 170 1089338 193 913727 215 1305178 238 1538974 260 1683504 283 1487228 284 0
1 203
205 1 1269 227 0.9922330669755973 0.05361265879401233 0
13 10 0 11 247725 36 442495 61 399487 86 337354 111 415330 135 538585 160 770012 185 1185115 210 1242425 235 2706918 260 2835364 261 0
0
206 2 1464 369 0.9990247558337415 0.12087876112627645 0
11 66 0 67 1844023 93 2251773 119 1675793 146 1434935 172 1981276 198 1877734 225 1611042 251 1370055 277 844992 278 0
1 205
207 1 1082 210 0.9989639691951692 0.06343307308538389 0
8 126 0 127 2449209 151 2494548 174 1682252 198 1734903 221 1495641 245 1680147 246 0
2 205 206
208 1 1427 222 0.9825581536917067 0.09006214421401398 0
8 36 0 37 1423679 62 1133220 88 1045959 113 1721112 139 2009032 164 1969669 165 0
2 205 206
209 1 577 88 0.9938070424596052 0.044297637973209354 0
9 134 0 135 2425488 161 1564663 187 1047454 213 1018867 238 1130000 264 960764 290 722084 291 0
0
210 1 620 59 0.9970556482805435 0.10520639871139426 0
11 63 0 64 910602 90 868757 116 1189259 142 1095624 169 994680 195 882807 221 1159157 247 1154632 273 2099232 274 0
1 209
211 1 1246 318 0.9970105076113032 0.02623922645915796 0
12 3 0 4 561762 28 447501 53 485193 77 514303 101 889894 126 1238725 150 1632747 174 1377250 199 1148291 223 1200221 224 0
0
212 2 529 331 0.9987897835061218 0.07422836298200713 0
13 31 0 32 1060443 57 1235301 83 1044052 109 1585460 134 1404577 159 1182939 185 1755210 211 1590016 236 1613262 261 2391299 287 1671491 288 0
1 211
213 3 1000 158 0.9911288826350679 0.11927776952948788 0
9 132 0 133 1222739 157 1142062 182 1421936 206 1084824 230 1237973 255 641272 279 506630 280 0
2 211 212
214 2 1195 56 0.984704435011356 0.07176486972744296 0
8 11 0 12 1841042 39 1396980 66 1105745 93 1006273 120 1617228 147 790928 148 0
0
215 3 1096 375 0.9837288937149861 0.10825873930097407 0
15 1 0 2 577448 26 841194 51 500232 75 535495 100 1975047 124 2204512 149 2736231 173 2168323 197 2427335 222 2646371 246 2630531 271 2096856 295 1750263 296 0
1 214
216 2 854 133 0.9858285441587995 0.014329649147277294 0
14 18 0 19 427081 43 753856 68 993308 92 1457738 117 1498564 141 952805 166 1157122 190 1406705 215 1494589 239 1453826 264 1144107 288 1153197 289 0
0
217 2 750 264 0.9944656297001591 0.023611881190216347 0
7 177 0 178 1459104 203 1403631 229 1427884 254 1175121 279 1141664 280 0
1 216
218 2 896 139 0.9830142794645935 0.025631125831590044 0
9 64 0 65 1767407 91 1474249 116 2403148 142 2131754 168 2290372 193 1258955 219 1478717 220 0
0
219 2 1313 99 0.980473736883573 0.08416034889289796 0
15 2 0 3 316102 28 340430 52 407996 77 319518 101 500835 126 782438 151 681619 175 1187953 200 1251405 224 2574698 249 2284459 273 2117532 298 2466992 299 0
0
220 3 1112 44 0.9860094604530036 0.02177526069774824 0
12 43 0 44 841916 70 1350084 95 1475580 121 1763549 146 1209833 172 1326693 197 1399716 223 1401739 248 1071011 274 1408718 275 0
1 219
221 3 1142 200 0.9899979201182441 0.035205955449011894 0
10 110 0 111 808793 137 996468 164 1050146 190 1557353 217 844778 243 2522853 270 3443180 296 1090261 297 0
1 219
222 1 569 330 0.9812178496385071 0.11748827950088891 0
7 117 0 118 1117376 145 1052879 171 1393517 197 1657995 224 1687091 225 0
0
223 1 813 27 0.9871953649403258 0.07365354217783014 0
11 22 0 23 1874035 47 1413292 71 1021658 94 1356211 118 1062330 142 978657 165 850593 189 1279187 213 1977684 214 0
2 222 225
224 2 1384 33 0.9816090804296459 0.008716430038703177 0
11 11 0 12 248653 37 326542 62 650278 87 1102436 112 1048049 137 1281436 162 1674059 187 1843599 212 1950731 213 0
1 222
225 1 1479 341 0.9830867781364966 0.1107582714972918 0
10 17 0 18 2738661 43 2190490 67 2644906 92 1817940 117 881833 142 289157 166 429723 191 299726 192 0
0
226 3 729 245 0.9975258802315409 0.13279075367868973 0
12 35 0 36 1150971 60 1216532 84 1552464 107 1661391 131 2179869 155 2117730 179 2133321 202 2163049 226 1725839 250 1288126 251 0
0
227 3 1450 116 0.9816509037891874 0.1009610684916337 0
14 13 0 14 3137748 39 2255834 65 1141755 90 1213651 115 1080487 140 1161941 166 637172 191 1172091 216 1124966 241 1175291 267 1097719 292 1178917 293 0
0
228 2 1122 129 0.9807604422393095 0.046338940753140566 0
11 91 0 92 1764922 115 1186223 139 1163824 162 2234109 185 2459324 209 1898534 232 1722640 256 2478186 279 1588904 280 0
0
229 3 543 363 0.9897476430423171 0.0726062584885316 0
9 143 0 144 905141 168 1237819 192 1174607 217 1193729 241 1123821 265 1873197 289 3609901 290 0
1 228
230 1 1273 17 0.9817016097447643 0.014256921462150301 0
12 4 0 5 1701273 30 1564973 56 1438150 81 2282163 107 2795457 132 2288918 158 1611248 183 1302342 209 1577337 234 1147835 235 0
0
231 3 1243 347 0.9826682588755712 0.042457797852678704 0
11 9 0 10 856331 36 825322 62 850218 88 1112678 114 1391540 140 947723 166 1745746 192 1482713 218 959396 219 0
1 230
232 3 1360 206 0.9910717418086951 0.0015666987857356428 0
8 111 0 112 1108625 139 1352547 166 2086669 192 2387068 219 1720719 246 1255504 247 0
1 230
233 2 962 64 0.9810783462191282 0.03829734288637307 0
8 101 0 102 931782 128 764136 155 725919 181 907624 208 1099808 234 1457668 235 0
0
234 2 1158 94 0.9986916851622898 0.12115948017533384 0
10 1 0 2 1990297 28 1787064 53 1418811 79 797462 105 779444 131 1782722 156 1982952 182 1090102 183 0
1 233
235 1 1233 95 0.9973158138354171 0.09220591759390476 0
9 124 0 125 1489524 150 1666201 176 1046728 201 1097573 226 1217852 252 862408 277 1306439 278 0
2 233 234
236 3 952 59 0.994429089052467 0.11619554783749621 0
10 70 0 71 715721 95 667727 120 814280 144 972781 169 1314314 193 2096553 218 1996725 242 1213284 243 0
0
237 1 1194 165 0.9942256644907086 0.13102984959673392 0
10 58 0 59 1981554 82 2099688 105 1993901 128 1525419 152 1201431 175 1343999 198 1062458 221 1075831 222 0
0
238 1 702 235 0.9943376810096175 0.0027354030941588335 0
14 7 0 8 1899421 33 1927514 58 1526572 82 1910075 107 2624552 132 2012291 157 1410964 182 1384155 207 1924356 231 2492867 256 1522734 281 1719859 282 0
1 237
239 1 1431 78 0.9934099273452462 0.08481645152365007 0
10 129 0 130 1090176 154 965766 177 1082067 201 828018 225 1236861 249 1427215 272 1300669 296 1287633 297 0
1 237
240 1 1067 254 0.9846583441602627 0.09034989622825483 0
8 84 0 85 1199380 108 1579567 131 1816700 153 1598746 176 1373126 199 1481789 200 0
0
241 3 1083 121 0.981210634357174 0.05930526563645544 0
11 65 0 66 2589534 92 2289021 119 1232270 145 434810 171 433387 198 396338 224 667443 251 641210 277 588799 278 0
1 240
242 3 542 168 0.9910070941726109 0.05630130572348646 0
13 7 0 8 82488 33 134409 57 141843 82 164417 107 237711 131 422146 156 658199 181 704719 206 1812111 230 2307687 255 2235174 256 0
0
243 1 1313 357 0.9907549386007677 0.06911236806612864 0
13 9 0 10 1693143 36 2139941 62 2271284 87 2531428 113 1088589 139 983117 165 803407 191 569569 216 568630 242 380285 268 413090 269 0
0
244 1 810 100 0.9824446382915173 0.11763336165653722 0
10 29 0 30 2202823 53 1387819 76 1425451 99 926008 123 430225 146 374873 169 767540 192 1242569 193 0
2 243 246
245 3 1341 36 0.9968456861889742 0.133190662915204 0
10 123 0 124 2487145 148 2716377 173 2154548 197 1808480 222 1460612 246 1811398 271 1096688 295 1730116 296 0
0
246 3 1188 329 0.9821274060855845 0.1302235773416393 0
10 107 0 108 459444 132 493861 155 737150 179 969219 203 914589 227 1569501 250 1297394 274 1157779 275 0
1 245
247 2 1445 310 0.98711388613848 0.02338655795518115 0
9 128 0 129 596773 155 648110 182 941271 209 899052 235 1076707 261 1300324 288 3845042 289 0
0
248 1 1007 219 0.992078411145582 0.10127521017670159 0
11 79 0 80 2508626 104 1781655 128 735052 152 665683 177 725559 201 753904 225 931182 249 1319627 273 2241269 274 0
1 247
249 1 1270 357 0.9860492667253957 0.1415612502478884 0
13 39 0 40 784515 64 860025 88 1284998 112 1388997 136 1713780 161 1356506 185 1143594 209 1559795 233 1406450 257 1545166 281 1019755 282 0
1 248
250 2 1109 312 0.981469460818274 0.025115092153560812 0
8 123 0 124 1264970 149 1643692 175 1356613 200 1181216 226 984567 251 1075681 252 0
0
251 3 1094 195 0.9981331591673299 0.07874118266773528 0
8 60 0 61 908853 84 936276 108 794144 131 1090605 155 1088804 178 1152759 179 0
1 250
252 3 585 278 0.9936183541422159 0.04713880088645446 0
12 2 0 3 1918839 27 1835682 51 1383199 76 1170277 100 1442460 124 1237095 148 1157728 173 1088712 197 1396220 221 1435073 222 0
1 251
253 3 986 219 0.9996258052792734 0.08412716977766506 0
7 85 0 86 2118150 111 1607261 137 1025103 162 1188376 187 1541151 188 0
0
254 3 1235 292 0.987823690617761 0.13472536195571122 0
12 36 0 37 2290252 61 1484585 86 1511253 110 972043 134 987271 159 716516 183 400006 207 515645 232 502868 256 329492 257 0
0
255 3 1178 343 0.9850002792447731 0.009779318746394478 0
13 29 0 30 832982 54 967336 78 1004948 102 1280742 126 1098883 150 1093161 174 673605 198 1447514 222 1662795 246 2033241 270 1681588 271 0
1 254
256 1 992 38 0.9951329813160888 0.14564853012538767 0
14 12 0 13 1617946 39 1713178 64 1488024 90 1070241 115 805281 141 525652 166 716184 192 838535 217 940122 243 1405573 268 1314839 294 1623890 295 0
1 255
257 2 620 106 0.9889269793809976 0.059999176174129795 0
14 8 0 9 2331837 34 1691411 58 1637659 83 2145698 108 1176204 133 1702886 157 1468181 182 1446925 207 868841 232 2085604 256 1768958 281 1810929 282 0
0
258 1 1467 208 0.9841188848838115 0.1333590231849793 0
15 3 0 4 958198 28 898610 53 1118844 77 2047057 102 1728505 126 1837075 151 1684651 175 1005074 199 470853 224 395179 248 308672 273 322894 297 530277 298 0
1 257
259 3 549 135 0.9929926214267513 0.06584239485703959 0
11 89 0 90 2296354 116 1985224 142 1700191 168 1492955 193 1380219 219 2332748 245 1619630 271 1803479 297 1837635 298 0
2 258 260
260 1 537 40 0.98901348018628 0.09783455732989406 0
10 85 0 86 2217233 111 1208925 135 1179550 160 1597253 184 1708330 209 2310525 233 2300864 258 2737781 259 0
0
261 3 1220 240 0.9825586774213326 0.14350820849974927 0
12 34 0 35 1652777 60 1247424 86 1158131 111 1241193 136 986894 162 1277638 187 1403391 212 1566591 238 1444476 263 1305048 264 0
0
262 1 1169 133 0.9942667265310607 0.0029957907959443143 0
10 86 0 87 1768878 113 2271575 138 2431533 164 738569 189 560094 215 1005986 240 981761 266 1634095 267 0
1 261
263 3 929 256 0.9890603239301278 0.11203493096958203 0
14 13 0 14 1113407 40 1773648 65 1284211 91 1217931 117 1440335 143 1301226 168 1276911 194 864887 220 756847 246 946002 271 765529 297 824812 298 0
1 262
264 2 908 142 0.9859569196178858 0.08221817147571536 0
13 3 0 4 963195 30 1021627 56 1543906 82 1727389 108 1875914 135 1176854 161 1214461 187 1309067 213 1796478 239 1430379 265 940684 266 0
0
265 2 1252 93 0.9986217500862251 0.09047165808661735 0
10 70 0 71 759806 95 1034429 118 1050309 142 1036536 166 1453609 190 1104451 213 1929752 237 1935054 238 0
2 264 266
266 1 1072 285 0.984875115263859 0.08179371095667275 0
10 90 0 91 818677 117 1263608 143 1465094 169 1382749 195 1436186 221 1511918 247 1975372 273 1639492 274 0
0
267 3 931 343 0.9897549989367459 0.01369619507368377 0
15 2 0 3 1171925 27 1147294 52 1996371 77 1925387 101 1829192 125 960571 150 943777 175 703344 199 490077 223 493904 248 518080 273 449618 297 577057 298 0
1 265
268 3 923 191 0.982789288644029 0.10099613985799326 0
8 48 0 49 1363618 71 1421297 94 912584 116 1481628 139 2569582 161 1881187 162 0
0
269 1 578 230 0.9957213898962567 0.07762635422663398 0
13 3 0 4 1149969 29 1490407 54 1763710 79 1674358 104 1374930 129 1999753 155 1504685 180 1326847 205 2082045 230 3285198 255 2559327 256 0
0
270 1 826 23 0.9828324154641334 0.08922357111000527 0
13 47 0 48 2096986 72 1496926 96 1413878 121 1044817 145 771127 169 662712 193 1140576 217 1035117 242 924993 266 1752271 290 1066432 291 0
0
271 3 841 99 0.9820308049293426 0.0683222122952496 0
12 34 0 35 1845885 59 1566075 84 742702 108 658438 133 778540 157 510187 182 486079 206 664858 231 888575 255 1066173 256 0
0
272 2 609 197 0.9972744642143836 0.02201165485962434 0
15 5 0 6 621742 30 694279 55 539680 79 794094 103 956781 127 1085055 151 1282349 176 1988420 200 1976360 224 1783627 249 1590056 273 1963032 297 1551738 298 0
0
273 2 1235 367 0.9958631561914811 0.0055332212474132 0
11 51 0 52 1148325 78 1122437 103 1419426 129 1144714 155 1285439 180 1436306 206 1459035 231 999880 257 1307850 258 0
2 272 275
274 2 1028 254 0.9914079273130612 0.11547784703110103 0
15 8 0 9 279035 33 194163 57 217207 81 358568 106 685851 130 1432858 154 1520566 178 2371755 202 1557392 227 1082107 251 672816 275 549085 299 671551 300 0
0
275 1 637 70 0.9900312975059518 0.12401345647549514 0
8 147 0 148 1186397 175 726726 202 916643 229 1309704 256 2326500 283 2153204 284 0
1 274
276 3 1357 185 0.9928180251084355 0.10499338118598915 0
11 13 0 14 2882924 38 2050248 61 1904906 85 1326688 109 1160150 133 1397679 157 1306534 180 1110291 204 1447308 205 0
0
277 2 528 245 0.9939586667561044 0.10275055307591204 0
10 44 0 45 2808348 71 1530463 97 1382913 123 1292924 150 1149844 176 852282 202 730143 228 648389 229 0
1 276
278 1 719 339 0.9860406423137481 0.09679606288453953 0
7 114 0 115 2204149 140 1726532 165 2072226 191 1551514 216 1107915 217 0
1 276
279 3 546 239 0.9915663591446554 0.05586923591251692 0
10 20 0 21 1516923 47 1853382 73 2416758 99 2041486 124 1833474 150 1492440 176 1289546 202 831848 203 0
1 276
280 1 538 101 0.9832409625544477 0.11127982945796401 0
12 66 0 67 1586394 91 1216916 115 1731116 139 2204295 163 1205320 186 1369477 210 1727931 234 2015967 258 1649921 282 1566175 283 0
0
281 1 647 250 0.9980339063073895 0.04040972484995328 0
8 163 0 164 737792 191 804691 218 1348796 245 1216690 272 2159000 299 2043242 300 0
0
282 3 633 157 0.9935470085784404 0.14054990297302813 0
12 25 0 26 1028310 50 1044756 74 1588099 99 3062987 123 2728410 147 1530169 171 808342 196 576147 220 703775 244 1600854 245 0
0
283 3 1166 340 0.9928496166317097 0.019037771359789957 0
8 48 0 49 1478636 76 967096 103 988665 129 1493994 156 1724834 183 1826185 184 0
0
284 1 806 95 0.9831250449575478 0.021767912160660718 0
12 1 0 2 1249171 28 2219317 54 1998692 80 1556457 106 1902839 133 1363875 159 1118303 185 667710 211 692403 237 569753 238 0
1 283
285 2 1015 292 0.9883272970796056 0.06389491954629914 0
7 168 0 169 856379 195 1374374 221 1381327 247 1812250 273 2122999 274 0
0
286 2 988 64 0.9807382566850478 0.0390277260169732 1
11 53 0 54 1017166 79 714501 104 1547011 129 1251111 154 1217570 179 968847 204 1150884 229 1703086 254 1454377 255 0
2 285 284
287 2 1149 48 0.9978932067363551 0.09398643332617723 0
13 2 0 3 548487 27 469616 52 711113 76 953640 101 1344898 125 1581359 149 1518753 174 1983329 198 1942509 223 2189934 247 1892897 248 0
0
288 2 824 114 0.9946015839437419 0.11665740626552026 0
11 86 0 87 945635 112 939099 136 1123021 161 2059138 185 2462369 210 1863705 235 2250705 259 1794012 284 1592849 285 0
1 287
289 3 1333 99 0.9921884606038722 0.02357725691003601 0
13 9 0 10 770618 35 860866 61 1055236 86 1097738 112 1076647 137 1186699 162 803636 188 937295 213 1262651 239 1210697 264 1545751 265 0
2 287 288
290 1 543 323 0.9947758807039123 0.14631629985356234 0
10 27 0 28 1489713 51 1185528 74 1387137 97 1024044 121 673053 144 791395 167 541828 190 623500 191 0
1 288
291 3 827 59 0.9943531221428913 0.05710299063438602 0
11 30 0 31 2514137 56 2610655 81 1763782 106 2081014 131 1509067 156 1369234 181 1970296 206 1863146 231 1674957 232 0
0
292 3 988 375 0.9995727469170347 0.00044068240303757886 0
12 50 0 51 635961 77 667239 103 567490 128 958795 154 765974 180 805371 206 1593661 231 1898478 257 1895263 283 2141668 284 0
1 291
293 2 1057 327 0.9987083434305967 0.14115003958498887 0
15 0 0 1 949768 25 771461 49 1290124 73 1441141 97 1115975 121 1697229 145 2387043 169 1892609 193 1075888 217 1517672 241 2403731 265 2449358 289 2262573 290 0
0
294 3 1203 208 0.9934162376045936 0.09807366404833272 0
8 102 0 103 940384 125 1143850 148 1448060 170 1169576 193 1202055 215 910262 216 0
1 293
295 2 530 369 0.9882179970319922 0.14670606454664026 0
15 2 0 3 842223 28 1269076 52 1125962 77 1607463 102 1873950 126 1766308 151 1811015 176 1590208 200 1579355 225 1915286 250 1932955 274 1810642 299 2357539 300 0
0
296 3 1456 214 0.9948961610072273 0.034410562029203014 0
14 7 0 8 476471 34 359863 60 690441 86 466234 112 436459 138 892682 163 1447020 189 1792275 215 3635322 241 1727683 267 2238690 293 2613676 294 0
1 295
297 1 1443 34 0.9998866262308103 0.09681298728180282 0
9 46 0 47 1007927 71 1128542 94 1477731 118 2046965 142 2040869 165 2279125 189 1997273 190 0
0
298 1 965 162 0.991295864507145 0.008736907329748843 0
15 8 0 9 2940305 33 2661408 57 1728098 81 989774 106 617656 130 730343 154 674191 178 704311 202 380183 227 340272 251 248902 275 228508 299 239858 300 0
0
299 1 1213 26 0.9964736185135046 0.13104504158064958 0
8 155 0 156 910083 178 940677 201 1205558 223 1713815 246 1852583 268 2581145 269 0
2 298 300
300 3 1372 331 0.9934939515833482 0.03899518117104642 0
14 1 0 2 2674835 26 1495110 51 2435206 75 2980496 99 1175171 124 967777 148 1136458 173 814522 197 916813 221 898591 246 687290 270 745900 271 0
0
301 1 1102 317 0.9873865487603141 0.006569047365957825 0
12 59 0 60 1753704 85 1678931 111 1103383 136 837080 162 896251 187 1056551 213 1213565 238 1325181 264 1347181 289 1386986 290 0
0
302 3 1320 27 0.9995174865691544 0.11182876866785879 0
14 2 0 3 690235 28 918658 53 1064124 78 1227197 103 1971153 128 1436121 153 1551131 178 1480124 203 2071408 228 2289201 253 2402125 278 2611214 279 0
0
303 1 1183 65 0.9814448269790517 0.07485381140004845 0
8 21 0 22 1227628 45 1365614 67 1497187 90 1171243 112 1190955 135 868221 136 0
1 302
304 2 1321 6 0.9868917321345493 0.10890367772565411 0
8 138 0 139 1506459 165 1102039 192 837024 218 1166135 245 1334991 271 1641453 272 0
1 302
305 1 921 198 0.9942849405357366 0.1488676423639745 0
10 65 0 66 540200 92 1721935 118 2676803 144 2098388 171 1582454 197 2140299 223 2408302 249 1568009 250 0
1 304
306 2 706 262 0.9998915052197118 0.030166455932917485 0
13 1 0 2 2102391 27 3077870 52 3288735 77 2072540 102 1159411 127 608830 151 713920 176 675268 201 1149861 226 661100 251 557630 252 0
0
307 1 966 75 0.986147304230002 0.015846910118745942 0
12 52 0 53 1824582 78 1313475 104 1483191 129 1676378 155 1909978 180 1474790 206 1624219 231 1607615 257 2352420 282 3431251 283 0
1 306
308 3 1151 146 0.9853628454624284 0.09612452003728345 0
7 44 0 45 1468847 73 1708217 100 1183753 127 1040366 155 1146393 156 0
0
309 3 609 161 0.9903914571432268 0.05548230299835339 0
13 43 0 44 271683 69 429379 95 496996 120 779947 145 801541 171 1357944 196 1834645 221 2686688 246 2974870 272 2520818 297 2562905 298 0
2 308 311
310 1 938 37 0.9956100472136018 0.009812109256019214 0
8 102 0 103 1699881 130 1242022 157 2197335 185 1655276 212 1521835 239 956615 240 0
2 308 311
311 1 897 99 0.9842563135855925 0.06722855474023264 0
13 34 0 35 434229 59 368726 84 560549 108 874116 132 843602 157 1319684 181 1685519 205 1611200 229 1516655 254 2590874 278 2974608 279 0
0
312 1 1161 19 0.9908612778684124 0.03290728990536753 0
14 4 0 5 4023681 30 3098187 55 1983035 79 1692345 104 1179138 129 752769 154 793031 179 998448 204 1067859 228 1020566 253 1057042 278 1055067 279 0
0
313 2 1418 348 0.9877784345756764 0.03910623489231563 0
13 22 0 23 1744747 48 1736812 73 1671118 98 2286273 123 1371793 149 950473 174 1302690 199 1545016 224 1007413 249 1696013 274 1555266 275 0
2 312 315
314 1 1410 313 0.9986057265228659 0.09797496073458244 0
13 36 0 37 1436743 62 2035556 86 1363526 111 2087626 135 2576790 160 3094577 185 3082603 209 1680347 234 948096 258 785343 283 1014123 284 0
3 312 315 313
315 3 971 146 0.9985833865195985 0.003874295607200001 0
13 7 0 8 1586555 33 1232980 57 1235811 82 1289111 107 1352718 131 1229525 156 1819247 181 2906037 206 2893365 230 1530109 255 1491260 256 0
0
316 1 1134 162 0.9963972508120211 0.018377978608271787 0
8 59 0 60 1267763 85 2093007 111 1610047 136 1586117 162 1034740 187 1609275 188 0
0
317 2 1435 245 0.9893322904369064 0.10698451006977805 0
14 6 0 7 619632 31 1052016 55 1391781 78 1479703 102 2177935 126 1443907 150 1201900 174 1307654 198 1393149 221 1214758 245 526662 269 421860 270 0
2 316 318
318 3 1043 68 0.9912190439260327 0.1287318443971252 0
10 67 0 68 1942339 94 1712489 119 1466923 145 731979 170 572453 196 732921 221 1580070 247 1943604 248 0
0
319 2 939 346 0.9809932299343892 0.039998013540840045 0
8 47 0 48 1783472 75 1377706 101 1486548 128 2305889 154 2339021 181 1791107 182 0
1 317
320 1 1099 329 0.9874980439998053 0.12159917058781076 0
8 118 0 119 1055773 142 1199943 166 1129063 189 1169870 213 494287 236 1023996 237 0
0
321 3 506 306 0.9937195350881375 0.07830835084022959 0
13 35 0 36 894880 60 913901 85 996979 109 1244546 134 1608886 158 1178341 182 1348140 207 2034241 231 2940631 256 2325948 280 2230545 281 0
1 320
322 3 1362 138 0.9989311580287642 0.04873101691307859 0
14 29 0 30 920379 54 1188835 79 821485 103 1684254 127 1262744 151 1133904 176 1522916 200 1880077 224 1920365 248 1408456 273 1712375 297 1203748 298 0
0
323 2 693 121 0.9898466375844669 0.0785411597153869 0
8 96 0 97 1047868 122 1390556 146 1340462 171 1150199 195 772707 220 1576676 221 0
1 322
324 1 879 1 0.9897612199431125 0.06756519940934172 0
8 110 0 111 1121915 133 1336491 156 1954319 178 1704540 201 1844570 223 1854142 224 0
2 322 323
325 2 1197 247 0.995692886688599 0.10183264809106214 0
10 44 0 45 1555054 71 952817 97 1599699 123 1787138 150 1186369 176 410690 202 369846 228 537956 229 0
0
326 1 1395 266 0.9932699557859657 0.11126591005460289 0
10 92 0 93 551403 117 320657 141 726718 165 979650 190 1624573 214 2201497 238 2650353 262 1743377 263 0
1 325
327 1 920 149 0.982150391891807 0.05915018936977162 0
13 37 0 38 946282 63 1268267 88 1044738 113 931944 138 1100503 163 1406884 188 2897686 213 2399983 238 2139573 263 1184182 288 819570 289 0
0
328 2 1061 282 0.9965007926475435 0.08657309852176488 0
12 11 0 12 3221522 37 2270123 62 1801433 86 1152303 111 1499572 136 1025848 161 662052 185 402673 210 551778 235 769113 236 0
1 327
329 2 921 246 0.9983609487109735 0.146854572140736 0
8 31 0 32 1584824 56 1534101 80 2101195 105 2057459 129 1489879 153 1149572 154 0
0
330 1 795 96 0.9839670874031282 0.10037644352616283 0
15 5 0 6 1243052 30 1374261 54 1107962 78 831217 102 720968 126 930792 151 949706 175 725823 199 1376009 223 1319826 247 1267303 271 1575127 295 1735262 296 0
2 329 331
331 3 922 200 0.9897603806359214 0.04401065207007627 0
9 47 0 48 757661 73 714944 97 743493 122 817661 147 1045135 171 1811094 196 2831914 197 0
0
332 3 548 226 0.9839497914764743 0.023562470873731804 0
12 30 0 31 460279 55 770921 80 881354 104 1074331 128 1889958 153 2113769 177 1630726 201 1831013 226 2969818 250 3386762 251 0
1 331
333 2 1181 103 0.9962581490996352 0.11022585493620661 0
11 103 0 104 581890 129 857281 153 1308034 177 1505212 202 1298219 227 1468488 251 1296776 275 1738894 300 2590453 301 0
0
334 3 1416 200 0.9887980383377228 0.14660141048172518 0
10 98 0 99 1765580 122 1968391 146 1371220 169 1683158 193 1341435 216 1206567 240 886018 263 1345517 264 0
1 333
335 1 1323 261 0.9958902091581926 0.043427105919702835 0
11 19 0 20 1891448 44 2210155 68 1290929 92 1295012 116 2069460 140 2037470 164 1804601 188 1491012 212 747011 213 0
2 334 336
336 3 643 133 0.9877584639437422 0.0767242032823546 0
7 166 0 167 1616644 193 1227534 219 739798 245 602115 271 516421 272 0
0
337 2 1438 229 0.9805327553263905 0.10166358013919534 0
13 23 0 24 915595 50 1549957 76 883062 102 1295156 128 1047286 155 1352841 181 1159026 207 787143 233 740788 259 524365 285 556336 286 0
0
338 2 549 232 0.999392030514403 0.04338075084234365 0
13 15 0 16 261908 40 423113 65 446159 89 746842 114 1111272 138 1221920 162 1753193 187 1296203 211 929554 236 1362798 260 2521286 261 0
2 337 340
339 2 1349 36 0.9809384395582096 0.10098706759851338 0
7 32 0 33 1436008 58 966351 83 508034 108 625778 133 1179331 134 0
3 337 340 338
340 1 848 222 0.9840502291402844 0.13964752704411118 0
8 83 0 84 908179 109 2162165 133 2010481 158 1688772 182 2088689 207 2135416 208 0
0
341 2 1233 31 0.9891403333935054 0.07895152684026929 0
8 74 0 75 1487513 99 1006635 123 1197368 147 1752776 171 1200815 195 1139261 196 0
0
342 3 1325 244 0.9973223544663311 0.061865025743454316 0
9 93 0 94 1952697 118 1542950 141 1303920 165 785064 189 1268854 212 726262 236 499261 237 0
0
343 2 1395 225 0.9803271407522696 0.05746394994106514 0
10 59 0 60 1449487 85 1547729 109 1466958 134 1760268 158 1237907 183 1427633 207 1799704 232 2314647 233 0
0
344 2 1316 213 0.9943713062592123 0.06087592184399335 0
7 44 0 45 1103285 70 1171477 95 715679 119 1235757 144 1610667 145 0
0
345 2 927 268 0.9828470995524743 0.0393663730427194 0
8 56 0 57 1811451 83 1434899 109 1858262 135 1981986 161 1395456 187 1220680 188 0
2 344 347
346 3 1149 43 0.9984111934343576 0.14962264771735223 0
11 11 0 12 2859899 37 1486399 61 1745288 86 1864804 111 1428208 135 763568 160 398202 184 357374 209 347138 210 0
3 344 347 345
347 3 920 330 0.9862799206189861 0.003896855439943758 0
10 9 0 10 1415067 36 1087290 62 630543 88 669915 113 1412446 139 1728664 165 1493667 191 977174 192 0
0
348 2 637 95 0.9841798279352644 0.05339524548535364 0
14 14 0 15 761893 40 561426 65 614760 91 823918 116 1558453 141 1406838 166 1782352 191 2332662 216 1561304 242 3209760 267 1978540 292 1858869 293 0
0
349 1 616 374 0.9920329599670058 0.10052869041572138 0
12 39 0 40 2517309 64 2113200 87 1769178 111 1326898 134 1400332 158 1512643 181 2019828 205 1827982 228 1374395 252 1295659 253 0
1 348
350 2 756 73 0.9875008973321016 0.11220356044142647 0
10 89 0 90 2719765 114 2210208 137 1646283 161 1759000 185 1595741 209 1744286 232 1354173 256 1428630 257 0
1 348
351 3 514 152 0.9962046113946865 0.09895056430743156 0
14 6 0 7 1651712 32 1564568 56 1939675 81 2571331 106 1805992 130 2022003 155 2228055 179 1912494 204 1764633 229 1345571 253 571899 278 777415 279 0
1 349
352 2 545 350 0.9884349924654192 0.11372174701099291 0
9 96 0 97 1521445 121 1183974 145 1246923 169 1450044 192 1738201 216 1315855 240 1236684 241 0
0
353 3 1256 104 0.9972197702830726 0.007865302446078032 0
11 67 0 68 2594834 93 1769404 119 1357917 145 1681697 170 1330637 195 1239988 221 1120915 247 1662361 272 1083402 273 0
0
354 1 1149 276 0.9872400803917062 0.03604766642348848 0
15 0 0 1 1185254 26 849186 50 978468 75 1391477 100 1784201 124 1780171 149 1570253 174 962597 198 1183430 223 1659765 248 1732135 272 2708272 297 2050714 298 0
1 353
355 2 1302 239 0.9961730706147551 0.0021423183794321453 0
11 61 0 62 2417090 86 2438744 111 2530743 135 2566231 159 1298516 183 1086935 207 948600 232 683302 256 429066 257 0
0
356 2 574 68 0.9942954674620622 0.08253514287919551 0
7 192 0 193 3057246 218 2066556 243 1388667 269 1060807 294 963923 295 0
1 355
357 3 1000 73 0.9907733179630593 0.010832159622899734 0
14 35 0 36 1362322 60 996462 84 1421386 108 1831026 132 2031438 156 2408438 180 1731912 204 1257004 228 1715248 252 1924162 276 2652063 300 2276025 301 0
1 355
358 3 1425 157 0.9884684724176317 0.1365456304751451 0
9 101 0 102 1060260 126 965552 150 2071076 173 2384041 197 1803250 221 2007557 245 1618394 246 0
0
359 2 1130 65 0.9958433003642839 0.14282299567789503 0
10 36 0 37 1991225 61 2439276 85 1727516 109 1481285 134 1268009 158 1752712 182 2271768 206 2280873 207 0
1 358
360 1 1329 292 0.9838796732015407 0.01778610530563644 0
8 107 0 108 686119 133 1182850 157 990380 182 1334405 206 1601586 231 1757125 232 0
0
361 1 889 99 0.9905800848433014 0.07946132646613228 0
10 110 0 111 608752 137 801260 164 1069962 190 1451493 217 1397768 243 1792076 270 1804068 296 2644362 297 0
1 360
362 1 1042 88 0.9816244503709249 0.09412023904531376 0
9 5 0 6 740290 32 1035581 57 662186 83 629780 109 1038533 134 1608938 160 1205343 161 0
0
363 1 884 211 0.986579187774668 0.09607984480310809 0
10 66 0 67 1979914 92 1093601 117 1445968 142 1038954 168 1493612 193 1532568 218 1100357 243 1432320 244 0
1 362
364 2 649 202 0.9979838637134794 0.12740476353348001 0
11 80 0 81 1767432 105 1466953 129 1625755 152 2204992 176 2186221 200 1653953 223 1069241 247 733252 271 415815 272 0
1 362
365 1 1454 139 0.9976003830225041 0.14761760668840565 0
9 150 0 151 2236763 174 1646953 197 1376206 219 1457513 242 2639777 265 1262998 288 874388 289 0
0
366 2 944 11 0.996219737929619 0.017676547538328584 0
12 55 0 56 2116011 82 2193916 108 1563432 134 1094239 160 866911 187 1101392 213 1693100 239 781928 265 862469 291 375173 292 0
1 365
367 3 578 281 0.9853980768289643 0.06600086084236306 0
13 4 0 5 1497925 31 948908 56 1162315 82 1253768 107 953195 133 682801 159 1505406 184 1341033 210 1670097 235 973602 261 849166 262 0
0
368 3 652 179 0.9883362056379154 0.11502497989302744 0
11 29 0 30 2609092 54 1517191 78 662345 102 648273 126 398810 150 375839 174 221778 198 370475 222 454120 223 0
2 367 366
369 2 916 198 0.9967603424750865 0.02018297429668455 0
12 9 0 10 809629 34 2178553 58 3327364 82 2173695 106 1540867 129 1653043 153 1070839 177 1504721 201 1627163 225 2416986 226 0
0
370 1 654 118 0.9992253746319554 0.10211775694368029 0
9 97 0 98 1814663 125 1218178 151 1264836 177 1147871 204 756009 231 631319 257 790277 258 0
1 369
371 1 1142 311 0.984824633757726 0.10556384692484587 0
15 0 0 1 1214243 26 1510245 51 1375558 76 1596152 101 817445 126 2427138 151 2446067 175 1686290 200 1101945 225 979925 250 744784 275 884309 300 589952 301 0
3 369 370 372
372 3 896 283 0.9915287978929193 0.12706188160549722 0
10 61 0 62 1060214 88 1069983 115 820027 141 1293210 168 1210453 194 1603230 221 1978812 247 1652641 248 0
1 370
373 2 810 157 0.9814527271098965 0.07395498616565906 0
10 16 0 17 2747822 42 2282962 68 1553339 93 1416545 119 1244370 144 1046268 170 1398042 195 1914987 196 0
0
374 2 924 149 0.9836641168880952 0.10849841687025798 0
7 80 0 81 2105830 106 1499995 131 2095553 155 1466412 180 2037553 181 0
1 373
375 3 1026 50 0.988573515647775 0.13476596288357554 0
13 25 0 26 939200 50 1035983 74 1512317 98 863934 122 853839 145 983235 169 767896 193 1108839 217 1120116 241 904325 265 1462363 266 0
1 374
376 2 795 94 0.9829395483555591 0.10289620034574021 0
13 17 0 18 1321086 44 1889549 69 1927927 95 1707013 121 1475964 147 1991683 172 1681855 198 1317878 224 1538545 249 2016168 275 3373438 276 0
0
377 1 535 80 0.9932572620425256 0.12050764777628512 0
8 13 0 14 1424564 41 1803324 67 1135511 94 2218559 120 2066910 147 2626239 148 0
0
378 3 1062 287 0.9853216762107234 0.041425065676367924 0
8 93 0 94 853615 119 770137 143 997006 168 1401650 192 1475980 217 1954971 218 0
1 377
379 1 653 310 0.9904126707849094 0.023470904227513828 0
14 33 0 34 1447972 58 1411318 82 1197896 105 949848 129 1446471 153 1517410 177 1873961 201 1286201 225 1991312 248 1754461 272 2542964 296 3040313 297 0
0
380 1 755 96 0.9944858604576224 0.053481364652807895 0
13 6 0 7 1251934 33 1215130 58 1139940 84 796173 109 913726 135 823542 161 1256582 186 928989 212 854352 237 870918 263 895783 264 0
1 379
381 1 1315 97 0.9830975004152652 0.10789071525337783 0
14 2 0 3 614346 28 591354 53 1434494 78 1223648 103 2132443 128 1793570 154 1501365 179 1338363 204 1002489 229 1529162 254 1341259 279 1443000 280 0
0
382 2 722 292 0.9932434151194279 0.11937932365106364 0
15 8 0 9 827511 33 1415044 57 1105395 81 1709395 105 2034926 129 1705775 153 1999441 177 1065869 201 989151 225 1166765 249 2046388 273 968223 297 1086549 298 0
1 381
383 3 1243 367 0.9936359028892129 0.13646291580424189 0
7 105 0 106 508893 133 1070415 159 1447308 186 1885074 213 1800522 214 0
0
384 3 502 1 0.9890552298662736 0.0801068708058827 0
13 11 0 12 3417338 36 2238359 60 1130854 85 901778 109 770275 133 900838 157 867898 181 1002128 206 700182 230 492518 254 370795 255 0
1 383
385 3 607 264 0.9952228189707151 0.12070464398373701 0
9 80 0 81 847705 107 945570 133 547362 159 1023899 186 1310442 212 2466140 238 2919872 239 0
2 383 384
386 3 915 355 0.9878316353161318 0.07648716666005792 0
10 8 0 9 1692400 35 1384656 61 1113576 87 1047995 113 1492357 139 2029772 165 2423840 191 2317639 192 0
0
387 2 853 118 0.9935054608610325 0.027359832700352 0
10 0 0 1 1883957 25 1326051 50 1930184 74 1220892 98 973229 122 1823127 147 552842 171 703103 172 0
2 386 388
388 3 966 107 0.9996571408341824 0.0631198460506603 0
15 1 0 2 4610744 27 2443278 52 1345234 77 1139465 101 1097180 126 895765 151 835630 176 738446 201 447603 225 431932 250 593745 275 502356 300 944690 301 0
0
389 2 521 350 0.994490526213263 0.11150905953121247 0
10 0 0 1 2878991 25 2590715 49 2222945 73 1458712 98 1586335 122 908527 146 1011909 170 1663078 171 0
0
390 2 875 180 0.9897097430312704 0.03458287233236989 0
9 25 0 26 1264948 50 1311516 75 1107270 99 1082719 123 1103912 148 773458 172 760406 173 0
1 389
391 2 684 360 0.9991793268523317 0.06161285829728973 0
12 43 0 44 2845820 70 2317353 96 2420336 122 1604041 148 1671514 175 1063037 201 764138 227 551161 253 604056 279 426818 280 0
2 389 390
392 1 812 218 0.9956040893876859 0.050228857208736495 0
11 44 0 45 1145447 71 1337180 97 1252744 124 1598143 150 1374395 176 2048484 203 2561882 229 1934555 255 2715668 256 0
0
393 2 1140 138 0.9942878283112025 0.09628800266733274 0
13 50 0 51 1027365 76 1714189 101 2224233 125 1834856 150 1885809 175 2407456 200 2431388 225 2689433 249 1683952 274 962810 299 1558640 300 0
0
394 2 1255 130 0.9801462231982727 0.0048188892396603955 0
9 61 0 62 1390744 85 1824169 109 1388846 133 999736 156 588660 179 361946 203 401231 204 0
1 393
395 3 1421 366 0.992116738303414 0.021377249667806134 0
8 154 0 155 966940 182 1998191 208 1138882 235 1212739 261 933757 288 1188638 289 0
1 393
396 2 1283 172 0.9950324174703805 0.0285857600204568 0
7 19 0 20 2497516 46 1821080 71 1038579 97 837624 123 969273 124 0
2 393 395
397 2 1446 198 0.9802390833901516 0.1132802421252161 0
10 72 0 73 1235885 98 1027238 122 961244 147 1313243 171 1041786 196 796346 220 670481 245 1023343 246 0
0
398 1 1087 136 0.996933028999349 0.03182314615106661 0
14 11 0 12 622815 36 1028758 60 733085 83 727597 107 839113 131 803270 155 870173 179 1464499 203 2331712 226 1683566 250 1523491 274 2275183 275 0
1 397
399 3 1391 333 0.9914201299789347 0.0021279672188774354 0
12 50 0 51 2026383 77 1177598 103 1474169 129 1878800 155 1917934 180 1233419 206 895376 232 1259346 258 1204817 284 983373 285 0
0
400 3 1405 210 0.9949931090809552 0.017441239767046136 0
10 124 0 125 274819 148 472523 171 454339 194 1037296 218 1104473 241 1418473 264 1964858 287 2147750 288 0
1 399
401 2 1474 170 0.9986210260993519 0.09980863725273298 0
7 158 0 159 1167430 184 1682548 209 2117735 234 1353590 259 1132846 260 0
0
402 1 849 371 0.9808610784210576 0.023588906981849612 0
14 17 0 18 2115493 42 2306748 66 2918696 90 1863709 114 1553438 138 2119699 161 1187453 185 951149 209 409959 233 392425 257 353745 281 335689 282 0
1 401
403 2 578 294 0.9947046914567661 0.12061944344888806 0
15 0 0 1 1229650 26 1269061 50 959682 75 718666 99 759885 124 1207540 149 1423702 173 2477741 198 2356797 222 2219379 247 3458709 271 2300715 296 1932869 297 0
0
404 2 1393 354 0.9810828349019702 0.09624988869039082 0
9 102 0 103 312139 128 379576 154 374160 179 675757 204 1186424 230 1524809 255 1845527 256 0
1 403
405 2 1297 48 0.9954329561599148 0.1011986179995368 0
8 54 0 55 2404055 80 1755464 105 2658758 131 1797817 156 1503487 181 1548135 182 0
0
406 3 1409 313 0.9976507083061149 0.022824112696311575 0
11 8 0 9 221174 35 402134 61 632193 87 925924 113 885310 140 1841895 166 1778499 192 1431101 218 2040219 219 0
0
407 1 524 50 0.9837431858733632 0.11338646498736529 0
10 33 0 34 1810909 59 1865786 84 1614106 109 704998 133 798681 158 510626 183 513926 208 306945 209 0
1 406
408 3 546 57 0.9984328875856365 0.009429632520091257 0
13 5 0 6 1784004 32 1937458 58 1932853 83 1124847 109 1780318 135 1501339 161 1938899 187 2012611 212 1992463 238 1923441 264 2121776 265 0
1 407
409 2 1193 249 0.9920243675949446 0.08261096499581325 0
12 69 0 70 779839 95 783815 120 1027154 144 820603 169 781628 194 989228 219 1311066 243 1214850 268 1249308 293 1564728 294 0
0
410 2 1033 364 0.9802717123980587 0.006630562778717613 0
10 71 0 72 795418 98 802134 125 703522 151 1822319 178 2698612 204 2064903 231 1834170 257 2116501 258 0
1 409
411 2 1372 232 0.9990878249259771 0.12460870593597445 0
9 116 0 117 881091 140 761860 163 647453 187 778418 210 1340773 233 1584978 256 1872770 257 0
0
412 2 1235 110 0.9927255004322537 0.035807304963252615 0
12 41 0 42 3486177 67 2681991 93 1733958 118 1297158 144 1666167 169 1439616 195 1728153 220 1359993 246 1078715 271 640869 272 0
1 411
413 1 857 47 0.9944192634222357 0.09743186018116666 0
11 12 0 13 1504391 39 1962086 64 1977593 90 1971270 115 2242362 141 1630010 167 1424031 192 1119953 218 1255748 219 0
0
414 1 512 256 0.9920191063697772 0.07156831515179099 0
12 39 0 40 2167916 64 1992931 88 1733327 112 1683039 136 1651071 159 1716445 183 1351561 207 1244553 231 944009 255 1841194 256 0
0
415 1 1037 220 0.9938224874657486 0.09594266849833817 0
9 88 0 89 1614437 115 2061899 142 1436295 169 1382426 195 1133971 221 1153164 248 774071 249 0
0
416 3 1085 361 0.9834676353719872 0.013571151806191529 0
11 22 0 23 675159 48 1025134 73 1210658 97 1051026 122 1321715 147 1894785 171 2485383 196 2370755 221 2684909 222 0
0
417 2 1278 36 0.993610388150618 0.055037346121382565 0
8 108 0 109 748688 134 1562264 158 1469117 183 1731959 207 1725555 232 1399421 233 0
1 416
418 2 1242 202 0.9831871956898393 0.0071327623896596465 0
7 56 0 57 1016038 83 798831 110 1226739 137 1641255 163 1454652 164 0
1 417
419 3 939 148 0.9882612714047976 0.058938281410853124 0
11 92 0 93 1690809 119 1460686 145 812005 171 777613 197 756372 222 1097311 248 1149528 274 1081451 300 1533218 301 0
0
420 2 985 252 0.9995465874763069 0.041253461657424675 0
8 32 0 33 2490661 59 1728463 86 1413108 112 951085 139 1796680 165 1649379 166 0
0
421 2 1309 25 0.9883806032546987 0.0057235135487882 0
12 40 0 41 878787 66 887841 92 893231 117 982417 143 1467563 168 1668535 194 1251633 219 1425076 245 1781989 270 1566624 271 0
1 420
422 1 635 296 0.9928014728888431 0.08747580649792097 0
14 7 0 8 2637495 33 2028321 59 779762 84 419467 109 877644 134 495980 160 321151 185 400240 210 573138 235 779940 261 1162259 286 1199106 287 0
0
423 1 782 300 0.9901378076201798 0.11428007456316475 0
15 5 0 6 3118591 30 1466619 55 1262288 79 1300186 103 836484 127 1314262 151 1886578 176 1316437 200 658193 224 1734477 249 1998955 273 1623140 297 2019257 298 0
1 422
424 2 1207 52 0.9909861699802629 0.07138110617275148 0
9 106 0 107 2707920 133 1930314 159 1575292 185 1988944 211 1977699 237 1157931 263 1037247 264 0
2 422 423
425 3 725 204 0.9969513373574064 0.14088850384354176 0
8 32 0 33 1170317 59 1058218 84 1182235 110 1966902 135 1945596 161 1431582 162 0
0
426 2 1102 52 0.9956520547747938 0.009797997859192826 0
10 70 0 71 1159043 96 1693827 121 1942978 146 1834077 171 1258726 196 935273 221 1029662 246 1556349 247 0
1 425
427 3 563 327 0.9920326819882896 0.021802147699338536 0
12 48 0 49 2683755 75 1652594 101 1408064 127 1408899 153 1433042 180 1101294 206 662914 232 762969 258 955939 284 1384141 285 0
1 425
428 3 1448 370 0.9895054423977082 0.002055861546912685 0
13 19 0 20 537265 44 397378 68 674872 92 629194 116 1115441 141 1163783 165 1808395 189 1787624 213 1155432 237 1186868 261 1023604 262 0
0
429 2 1211 290 0.9963355361608686 0.08312238981520174 0
12 21 0 22 2949876 47 2065284 73 886088 98 666400 123 600315 149 438478 174 318297 199 182366 225 182008 250 160168 251 0
0
430 1 842 121 0.9889610544528163 0.022402724566768745 0
13 42 0 43 2283306 68 1708487 93 1736765 119 1565242 144 1153313 169 1327648 194 1786821 219 1255919 245 1365779 270 1217377 295 1961693 296 0
1 429
431 3 989 114 0.9830694863015748 0.09482639511024116 0
8 36 0 37 2586430 60 1321540 82 1248193 105 1247991 127 1273393 150 1021285 151 0
0
432 2 1409 253 0.9953694273199486 0.10912283293618802 0
9 69 0 70 1739201 94 2357105 118 1786005 143 2805098 167 1212044 191 1606717 215 1078692 216 0
1 431
433 1 1133 370 0.9911166584580735 0.03605805439247562 0
13 27 0 28 1340929 53 1140685 78 1873839 102 1993209 127 2047498 152 1576524 177 1620307 202 2024019 226 1334539 251 1335971 276 1745081 277 0
2 431 434
434 3 698 302 0.9808620993068292 0.007098111951950497 0
13 5 0 6 1925524 32 1898522 58 2306664 84 1369399 110 1387284 135 964894 161 745708 187 544534 213 759049 239 1113717 265 1003393 266 0
1 432
435 3 1267 115 0.991572465718161 0.08046368902026305 0
7 188 0 189 2171594 217 1662463 245 2127661 272 1341800 300 1431051 301 0
0
436 1 942 43 0.9840980397761128 0.0733832698863102 0
14 14 0 15 1280954 40 1351630 65 822435 91 1173328 116 1875631 141 2339548 166 2973488 191 2163693 216 956945 242 790623 267 956604 292 1348905 293 0
1 435
437 3 504 7 0.9833643362008306 0.14997505185888596 0
9 106 0 107 698703 131 1146750 155 1242196 179 1803544 202 2431313 226 1365211 250 1502999 251 0
1 436
438 3 1373 292 0.9975258621977819 0.14934808866985194 0
15 2 0 3 1844674 28 1086009 53 759663 77 740521 102 1144271 127 1169873 151 1491892 176 1383551 201 1201665 226 1562025 251 2161505 275 1932270 300 1318684 301 0
0
439 2 892 28 0.9818688337842771 0.08979781140378708 0
12 12 0 13 989120 38 1230293 62 832748 87 916245 111 1209164 136 2269443 160 2773288 185 1182533 209 2148312 234 1803054 235 0
1 438
440 1 1233 18 0.9896763204848916 0.04469840172576906 0
13 4 0 5 3199385 30 2484496 54 2633684 79 1983089 104 1312273 129 1253204 153 937364 178 1526823 203 1236907 227 894628 252 1240890 253 0
0
441 3 948 117 0.9810881880436492 0.04099954995453622 0
13 34 0 35 3819241 60 2579076 85 2159866 111 1622206 136 1308063 161 1363254 186 1545437 211 1141142 237 1381767 262 1692334 287 1379389 288 0
1 440
442 3 1262 131 0.9887721335993378 0.03627577401091621 0
13 22 0 23 1302478 48 1142807 73 1366667 97 996749 122 1246036 147 1397057 172 1327441 197 1515825 221 1236528 246 1079811 271 1085834 272 0
2 440 441
443 1 1324 70 0.9894121142808866 0.0447835222002143 0
10 11 0 12 3416607 36 2701488 60 1601464 84 1340771 108 1251980 132 1184720 156 968851 180 890909 181 0
2 440 442
444 1 642 6 0.9888975891316067 0.10257855949900614 0
12 51 0 52 1033858 78 983089 103 1017884 129 1374261 155 1314379 180 1741695 206 1278212 232 1402694 257 1492059 283 1726821 284 0
0
445 3 1097 231 0.9815132964098042 0.14397456308865636 0
14 9 0 10 3392895 35 2755364 59 1788515 84 1996643 109 1801532 133 1445586 158 1642987 182 825819 207 1133609 232 1134149 256 1029357 281 1062626 282 0
1 444
446 3 736 225 0.9922390397137671 0.04611320714276668 0
12 74 0 75 2537229 100 1988169 125 2102270 150 2739134 175 2033951 200 1798539 225 1141081 250 1269906 275 990667 300 1364226 301 0
2 444 445
447 2 1359 257 0.9854397435121794 0.028287704101626947 0
10 24 0 25 2614661 50 1914784 76 2262921 101 1717536 126 980501 151 726541 177 624132 202 523740 203 0
0
448 1 1435 164 0.9986114406642833 0.09003892051632051 0
14 10 0 11 1072805 37 1587872 63 1232186 88 1016073 114 766741 140 867528 166 1201745 192 1657060 218 2989867 243 1313325 269 1829293 295 1533469 296 0
0
449 2 1442 350 0.995913863270971 0.08146919869835621 0
10 120 0 121 1587896 146 2289559 170 1457556 195 827258 220 980569 245 1321168 269 1399569 294 3086122 295 0
1 448
450 2 873 322 0.9947087704846165 0.12193183210445441 0
13 1 0 2 421812 26 262194 50 500035 73 916200 97 817948 121 1326481 145 1588936 169 2370366 192 2725415 216 1542754 240 1332712 241 0
0
451 1 1197 117 0.9840896592649893 0.07137880637099439 0
12 73 0 74 1160279 98 1023442 123 1209797 147 697774 172 545373 196 495792 221 552431 245 937412 270 1252212 294 2023939 295 0
0
452 1 782 363 0.9907353278113719 0.029399400673476964 0
15 0 0 1 1736875 25 1483943 49 1652145 74 2358171 98 1682876 122 897300 147 1246264 171 833156 195 522198 219 420173 243 810854 268 707113 292 642466 293 0
1 451
453 3 667 55 0.9896949624774778 0.12931844986902385 0
11 78 0 79 552323 104 501324 129 724616 155 694013 180 844210 205 1597689 231 1411119 256 1726512 281 2808931 282 0
1 452
454 2 1344 92 0.9860895110632006 0.03767721825079961 0
11 95 0 96 1532638 121 1557371 145 2337511 170 2007963 195 1969731 220 1151083 245 1325224 269 1212270 294 1022093 295 0
0
455 3 1390 119 0.9836773217190506 0.03280863312478345 0
8 105 0 106 2033706 131 1366945 155 1871465 180 1646681 204 1385977 229 1662529 230 0
1 454
456 2 980 231 0.9954907739923876 0.11026826629225031 0
7 140 0 141 1226601 168 1498145 195 1088256 221 2081125 248 1885772 249 0
0
457 1 1449 342 0.9857016222136056 0.08772154946719919 0
15 5 0 6 2186549 30 2262161 54 2104181 79 2452591 103 2369535 127 1891569 151 1152786 175 1029604 199 589899 223 692834 248 889663 272 790894 296 955648 297 0
1 456
458 1 628 141 0.9839010305322696 0.09419751429343477 0
12 29 0 30 3072753 55 1709787 81 1336654 106 1359458 131 1058671 157 872327 182 482486 207 245884 233 286489 258 176086 259 0
3 456 457 459
459 3 804 143 0.9981464314998706 0.010907171333139737 0
8 95 0 96 1167415 119 1451723 143 1908662 166 2402339 190 2368398 213 1880704 214 0
0
460 3 566 18 0.991691160088309 0.02841970016989935 0
9 81 0 82 2343913 108 1968471 133 957826 159 1028836 185 1842601 210 1956169 236 1557079 237 0
0
461 1 968 272 0.9904547514712205 0.11565653691539854 0
10 94 0 95 1218620 121 787841 147 1295905 173 1605370 199 1282444 225 945411 251 1039232 277 1503812 278 0
0
462 3 1346 230 0.9823982405735554 0.04836113708476731 0
7 60 0 61 1036751 89 1477850 116 2440544 143 2529291 171 1282821 172 0
0
463 3 1354 5 0.9914513314771092 0.05497905105960664 0
15 4 0 5 1311702 29 1104120 54 974365 79 663636 103 1136889 127 1409184 152 1408803 177 2018322 201 1587497 225 1783658 250 1903471 275 1584422 299 2774090 300 0
0
464 1 1420 332 0.9962160906269827 0.0045850642504534685 0
8 139 0 140 1304826 166 2050034 191 1725539 217 927796 242 616545 268 422105 269 0
0
465 1 994 190 0.9873475958254392 0.08893850994380686 0
12 26 0 27 1487663 51 1352623 75 1164457 99 1040070 123 1129811 146 1601519 170 1041697 194 1234257 218 1073660 242 1888848 243 0
1 464
466 3 1360 295 0.9827528975766113 0.026526866384420287 0
10 16 0 17 3268580 42 1664251 66 1490454 91 1425386 116 1534642 141 2001500 165 1380208 190 1483849 191 0
1 464
467 1 921 27 0.9939103360558857 0.10230386417291969 0
10 60 0 61 1111653 87 1185010 114 1712270 140 2155949 166 1205649 192 857725 219 524843 245 576048 246 0
2 464 465
468 1 1335 25 0.9833979167169256 0.05109201034452998 0
15 4 0 5 2941964 29 2563775 54 1267616 79 1380006 103 1057117 127 1044980 152 985262 177 988962 201 1037421 225 1346257 250 1715384 275 1998791 299 2573263 300 0
0
469 2 1126 279 0.9879497018862746 0.12903689833036655 0
10 106 0 107 1167753 130 1293926 154 1049763 177 1306362 201 1705223 224 1331247 248 1484338 271 2273892 272 0
1 468
470 1 1307 297 0.990111661807265 0.08011919870771171 0
13 34 0 35 2524494 60 2157142 86 2343866 111 1620740 137 858756 162 681395 187 674318 213 566687 238 567435 264 594522 289 1478661 290 0
0
471 2 1028 81 0.9960201544040818 0.0676483929998706 0
13 12 0 13 642657 38 949347 62 1328931 87 872397 112 981424 137 1019051 161 1261799 186 1544642 211 1186520 235 1601464 260 1115116 261 0
1 470
472 3 1370 366 0.9923620715044517 0.008038925700838933 0
13 42 0 43 974044 69 1588627 94 2403804 120 846817 145 686631 171 607675 197 939052 222 597260 248 743716 273 502914 299 641689 300 0
0
473 1 559 238 0.9948161760333015 0.13646998651713158 0
8 184 0 185 2626810 208 1744692 231 1848129 253 1357317 276 1362063 299 945117 300 0
1 472
474 2 690 122 0.9897208276839371 0.07458686231534452 0
8 16 0 17 1896186 43 2634974 68 1330139 94 1232141 119 954509 145 1103529 146 0
2 472 473
475 2 651 121 0.996694247754428 0.07904184573146708 0
13 47 0 48 1539844 73 881831 98 1313341 123 1185655 148 1242509 173 1563099 197 1793490 222 1212312 247 999769 272 856745 297 712908 298 0
0
476 3 1460 220 0.9829228899274696 0.04442486320006377 0
12 7 0 8 2432265 34 1606880 60 2084113 87 2116312 113 1392735 139 1140495 165 1518597 192 776985 218 858884 244 616908 245 0
1 475
477 2 902 331 0.9941195388088339 0.03585500966955499 0
10 107 0 108 1135996 134 1412826 160 1604227 186 1495608 213 1667332 239 3395931 265 1791549 291 1206750 292 0
2 475 476
478 3 588 105 0.9961196999988398 0.08427965511172485 0
12 14 0 15 924856 39 885712 64 1264913 88 1204820 113 802877 137 1240730 162 1241197 186 1180034 211 1107229 235 1542363 236 0
2 475 476
479 1 693 6 0.9919868008712996 0.11184050417713365 0
7 95 0 96 3166497 121 1239982 145 1137165 170 1584356 195 1612605 196 0
0
480 3 1199 325 0.9857567145668961 0.010715822135807917 1
13 32 0 33 2460445 59 1530053 84 1095509 110 1228787 135 1682996 161 1707821 187 1441368 212 1392210 238 1168904 263 1613455 289 1395322 290 0
1 479
481 3 1389 238 0.9872225176856227 0.12685243654549822 0
9 145 0 146 1165594 171 925887 197 949014 222 1194414 247 1257621 273 830315 298 764201 299 0
0
482 3 522 6 0.9872344431789372 0.05657496964177561 0
9 130 0 131 2062769 158 2419613 185 1667172 211 1644341 238 1265645 265 1272759 292 1276115 293 0
1 481
483 2 590 253 0.9972646428083101 0.0913460925681229 0
8 102 0 103 2471624 129 2193968 155 1470829 182 952844 208 1102064 234 769018 235 0
0
484 3 1180 124 0.9981533666036857 0.06252763360937219 0
7 182 0 183 1009247 211 968900 239 1642172 266 1678210 294 1826958 295 0
1 483
485 1 1309 185 0.9886715412197025 0.011710656628530408 0
12 14 0 15 1532062 41 910777 67 1072358 93 1610982 119 3168879 145 2947634 171 2353259 197 1651182 223 1059075 249 1748017 250 0
3 483 484 486
486 3 1021 248 0.9895910746758686 0.10230707128834754 0
13 0 0 1 236255 25 213732 49 309136 74 274997 98 251838 122 500049 146 827255 170 1418300 195 2397006 219 3493674 243 2756122 244 0
1 484
487 3 1020 48 0.9836377976374969 0.13714091676943865 0
14 10 0 11 667551 37 475684 62 343420 88 501148 114 524522 139 739601 165 743451 190 1486855 216 1929314 242 2121270 267 1203825 293 1232735 294 0
0
488 1 662 180 0.9875896948261638 0.1488234321916494 0
12 14 0 15 1119885 39 1917509 63 1407127 87 2343830 111 1217195 136 1111509 160 1046209 184 1299752 208 1979207 232 2531328 233 0
1 487
489 2 944 156 0.9823817449843368 0.07238636002476705 0
10 18 0 19 1078215 43 935071 66 1522423 90 1217515 114 1969242 138 1445173 161 1252768 185 1048615 186 0
0
490 2 1389 310 0.9890452426643888 0.0381157070627874 0
9 56 0 57 753930 81 1069476 106 1633774 131 990552 155 1184334 179 1759139 204 1436040 205 0
1 489
491 1 1255 131 0.9932007266140983 0.11605346835699969 0
15 1 0 2 454505 27 635265 52 817498 77 1266145 101 1331315 126 1301010 151 1860880 176 1730837 201 1915750 225 2447670 250 1603571 275 1086146 300 566358 301 0
0
492 1 964 103 0.9842937893487929 0.08008281577885858 0
13 30 0 31 2012257 56 1692760 81 1901430 106 1845025 131 1801832 155 1621288 180 983414 205 513561 230 516239 255 564557 280 412727 281 0
1 491
493 1 578 249 0.990748606266961 0.04936654806839786 0
14 29 0 30 3168242 54 1456120 79 1050069 103 1556681 127 1065598 151 1076595 176 1412734 200 1563242 224 1356805 248 1532864 273 816144 297 1317184 298 0
0
494 1 804 58 0.9999888030518879 0.1348221024698707 0
9 10 0 11 941891 37 1409931 63 1367905 89 1458389 116 1310216 142 1794176 168 1416036 169 0
1 493
495 2 1115 70 0.995007828565978 0.009051818423597884 0
8 100 0 101 850987 127 911413 153 1439998 179 1195913 205 755791 231 694145 232 0
0
496 2 952 99 0.9856360999112734 0.05832921697397711 0
10 50 0 51 782205 76 703135 101 1052681 126 1059351 150 1264540 175 1381838 200 1307718 225 1132393 226 0
1 495
497 1 946 158 0.98111215596065 0.07414587879340094 0
10 40 0 41 395818 65 431371 89 874591 113 1008364 136 1068440 160 753509 184 1368081 208 2368645 209 0
1 495
498 3 1285 67 0.9853401410053867 0.06956887455204475 0
14 9 0 10 479802 36 840104 61 1102601 87 977145 112 534767 138 354014 163 385103 189 333346 214 719505 240 1306742 265 1669982 291 2909137 292 0
0
499 3 1396 18 0.9844584136463405 0.09939327981475844 0
12 30 0 31 619672 57 1364930 82 1137046 108 1603515 134 1718298 159 2452828 185 1566833 211 2290554 236 2483919 262 2826707 263 0
1 498
500 1 1226 224 0.9962953444610605 0.05285263219072318 0
8 164 0 165 1105426 190 1164321 215 1127353 239 1072608 264 1012315 289 884744 290 0
1 498
501 3 619 351 0.9928902761224896 0.14915172672055904 0
13 39 0 40 2176385 66 1405954 91 1238237 117 1239519 142 813764 168 694320 194 1428120 219 1366528 245 1559156 270 2034523 296 3520673 297 0
1 499
7 12 6639707961633686709
0.93226412769381872 0.067679106502696304 5.6765803484833344e-05 0 0 0 0 
0.055709365137404376 0.86369382517796467 0.080466077775187952 0.00013073190944299325 0 0 0 
0.0029719011276661766 0.1897120934122849 0.55130842421775428 0.25591607052196474 9.1510720329948843e-05 0 0 
0 0.0028797015959390821 0.079808851493291866 0.8682441247856606 0.047932982218481461 0.0011343399066269899 0 
0 0 1.1672164114947846e-08 0.14907521642044055 0.83732026274035776 0.013435401106582045 0.00016910806045539303 
0 0 0 0.00062404586588914602 0.074789566963058995 0.85399506441855177 0.070591322752500102 
0 0 0 0 0.00095739138302628434 0.32721784069250265 0.6718247679244711 
7 0 0 0 0 0 0 0
0.008254693617140131 0.9884187697863512 0.24477195747612732
