A
1000
416 694
1 29.0 32.0
2 30.0 32.0
3 30.0 31.0
4 29.0 31.0
5 29.0 30.0
6 30.0 30.0
7 28.0 31.0
8 28.0 32.0
9 28.0 30.0
10 32.0 27.0
11 32.0 28.0
12 31.0 27.0
13 31.0 28.0
14 30.0 27.0
15 31.0 26.0
16 32.0 25.0
17 32.0 26.0
18 31.0 25.0
19 32.0 24.0
20 30.0 28.0
21 30.0 26.0
22 28.0 28.0
23 29.0 28.0
24 29.0 27.0
25 28.0 27.0
26 29.0 26.0
27 30.0 25.0
28 29.0 25.0
29 30.0 24.0
30 28.0 26.0
31 27.0 28.0
32 27.0 26.0
33 28.0 25.0
34 26.0 26.0
35 27.0 24.0
36 27.0 25.0
37 25.0 26.0
38 25.0 25.0
39 26.0 25.0
40 26.0 24.0
41 24.0 26.0
42 25.0 24.0
43 31.0 24.0
44 32.0 23.0
45 31.0 23.0
46 30.0 23.0
47 31.0 22.0
48 32.0 21.0
49 32.0 22.0
50 32.0 20.0
51 31.0 21.0
52 29.0 23.0
53 30.0 22.0
54 28.0 24.0
55 29.0 24.0
56 30.0 20.0
57 30.0 21.0
58 28.0 23.0
59 27.0 23.0
60 26.0 23.0
61 25.0 23.0
62 24.0 22.0
63 25.0 22.0
64 24.0 21.0
65 25.0 21.0
66 23.0 32.0
67 24.0 32.0
68 22.0 31.0
69 23.0 31.0
70 22.0 28.0
71 23.0 28.0
72 21.0 32.0
73 22.0 32.0
74 22.0 30.0
75 20.0 32.0
76 20.0 31.0
77 21.0 31.0
78 21.0 30.0
79 23.0 26.0
80 24.0 25.0
81 23.0 25.0
82 22.0 26.0
83 23.0 24.0
84 20.0 26.0
85 21.0 26.0
86 21.0 25.0
87 20.0 25.0
88 17.0 32.0
89 18.0 32.0
90 16.0 32.0
91 17.0 31.0
92 17.0 29.0
93 18.0 29.0
94 18.0 28.0
95 16.0 29.0
96 19.0 28.0
97 20.0 28.0
98 19.0 27.0
99 18.0 27.0
100 19.0 25.0
101 20.0 24.0
102 18.0 26.0
103 19.0 26.0
104 18.0 24.0
105 19.0 24.0
106 17.0 28.0
107 17.0 27.0
108 16.0 27.0
109 17.0 26.0
110 18.0 25.0
111 17.0 25.0
112 16.0 26.0
113 16.0 25.0
114 26.0 22.0
115 24.0 24.0
116 24.0 23.0
117 23.0 23.0
118 22.0 23.0
119 23.0 22.0
120 21.0 24.0
121 20.0 23.0
122 20.0 22.0
123 22.0 21.0
124 22.0 22.0
125 21.0 22.0
126 21.0 21.0
127 20.0 21.0
128 23.0 20.0
129 24.0 20.0
130 27.0 27.0
131 31.0 20.0
132 22.0 19.0
133 22.0 20.0
134 22.0 18.0
135 20.0 20.0
136 21.0 20.0
137 23.0 19.0
138 21.0 19.0
139 20.0 19.0
140 21.0 18.0
141 21.0 17.0
142 22.0 17.0
143 21.0 16.0
144 19.0 22.0
145 20.0 27.0
146 19.0 21.0
147 17.0 24.0
148 18.0 22.0
149 18.0 23.0
150 16.0 24.0
151 16.0 23.0
152 17.0 23.0
153 17.0 22.0
154 18.0 21.0
155 16.0 22.0
156 17.0 21.0
157 17.0 20.0
158 19.0 20.0
159 19.0 19.0
160 18.0 19.0
161 19.0 18.0
162 20.0 18.0
163 20.0 17.0
164 19.0 17.0
165 18.0 18.0
166 19.0 16.0
167 18.0 20.0
168 17.0 19.0
169 17.0 18.0
170 18.0 31.0
171 14.0 18.0
172 14.0 19.0
173 14.0 10.0
174 14.0 11.0
175 5.0 27.0
176 6.0 27.0
177 5.0 28.0
178 6.0 28.0
179 12.0 10.0
180 13.0 10.0
181 7.0 27.0
182 10.0 24.0
183 10.0 25.0
184 14.0 12.0
185 16.0 31.0
186 14.0 6.0
187 14.0 7.0
188 22.0 24.0
189 6.0 26.0
190 12.0 29.0
191 12.0 30.0
192 7.0 25.0
193 7.0 26.0
194 3.0 31.0
195 3.0 32.0
196 7.0 28.0
197 8.0 28.0
198 16.0 30.0
199 17.0 30.0
200 16.0 19.0
201 16.0 20.0
202 13.0 4.0
203 13.0 5.0
204 16.0 7.0
205 16.0 8.0
206 15.0 7.0
207 15.0 8.0
208 11.0 18.0
209 12.0 18.0
210 15.0 6.0
211 16.0 6.0
212 15.0 23.0
213 15.0 24.0
214 13.0 7.0
215 23.0 21.0
216 14.0 4.0
217 14.0 5.0
218 3.0 30.0
219 12.0 6.0
220 13.0 6.0
221 12.0 5.0
222 13.0 21.0
223 13.0 22.0
224 2.0 25.0
225 3.0 25.0
226 12.0 4.0
227 14.0 20.0
228 15.0 20.0
229 0.0 31.0
230 0.0 32.0
231 9.0 26.0
232 9.0 27.0
233 14.0 29.0
234 15.0 29.0
235 22.0 29.0
236 9.0 28.0
237 10.0 28.0
238 13.0 11.0
239 13.0 12.0
240 4.0 27.0
241 0.0 30.0
242 13.0 19.0
243 19.0 15.0
244 22.0 10.0
245 22.0 11.0
246 21.0 23.0
247 14.0 23.0
248 14.0 24.0
249 10.0 19.0
250 11.0 19.0
251 26.0 27.0
252 1.0 30.0
253 1.0 31.0
254 7.0 24.0
255 8.0 24.0
256 22.0 25.0
257 20.0 16.0
258 19.0 14.0
259 15.0 10.0
260 9.0 24.0
261 18.0 30.0
262 16.0 14.0
263 16.0 15.0
264 13.0 18.0
265 4.0 30.0
266 4.0 31.0
267 14.0 17.0
268 8.0 26.0
269 8.0 25.0
270 18.0 15.0
271 18.0 16.0
272 14.0 31.0
273 14.0 32.0
274 13.0 16.0
275 14.0 16.0
276 12.0 19.0
277 15.0 31.0
278 15.0 32.0
279 2.0 30.0
280 18.0 17.0
281 1.0 27.0
282 1.0 28.0
283 2.0 28.0
284 2.0 29.0
285 17.0 15.0
286 17.0 16.0
287 15.0 9.0
288 10.0 20.0
289 4.0 32.0
290 2.0 27.0
291 3.0 27.0
292 14.0 21.0
293 15.0 21.0
294 12.0 28.0
295 12.0 20.0
296 13.0 20.0
297 12.0 27.0
298 14.0 8.0
299 11.0 26.0
300 12.0 26.0
301 6.0 24.0
302 8.0 27.0
303 3.0 28.0
304 3.0 29.0
305 14.0 9.0
306 13.0 29.0
307 14.0 30.0
308 15.0 30.0
309 11.0 20.0
310 14.0 22.0
311 14.0 28.0
312 15.0 28.0
313 13.0 8.0
314 3.0 26.0
315 17.0 13.0
316 17.0 14.0
317 16.0 13.0
318 6.0 25.0
319 16.0 12.0
320 17.0 12.0
321 12.0 11.0
322 4.0 29.0
323 12.0 16.0
324 12.0 12.0
325 16.0 21.0
326 16.0 10.0
327 11.0 28.0
328 12.0 17.0
329 17.0 17.0
330 18.0 14.0
331 4.0 25.0
332 5.0 25.0
333 0.0 26.0
334 0.0 27.0
335 1.0 26.0
336 16.0 9.0
337 0.0 28.0
338 4.0 28.0
339 2.0 26.0
340 2.0 24.0
341 3.0 24.0
342 4.0 24.0
343 4.0 26.0
344 13.0 17.0
345 1.0 32.0
346 20.0 11.0
347 21.0 11.0
348 16.0 28.0
349 2.0 31.0
350 2.0 32.0
351 16.0 16.0
352 16.0 17.0
353 10.0 26.0
354 21.0 12.0
355 5.0 24.0
356 15.0 22.0
357 5.0 26.0
358 29.0 20.0
359 21.0 10.0
360 22.0 16.0
361 10.0 27.0
362 13.0 23.0
363 13.0 24.0
364 12.0 21.0
365 20.0 15.0
366 12.0 22.0
367 12.0 23.0
368 20.0 14.0
369 12.0 24.0
370 13.0 28.0
371 9.0 25.0
372 11.0 27.0
373 18.0 13.0
374 13.0 30.0
375 10.0 18.0
376 23.0 18.0
377 18.0 12.0
378 20.0 10.0
379 12.0 7.0
380 20.0 12.0
381 22.0 12.0
382 16.0 18.0
383 32.0 32.0
384 32.0 30.0
385 26.0 30.0
386 26.0 32.0
387 32.0 18.0
388 30.0 18.0
389 20.0 30.0
390 10.0 32.0
391 12.0 32.0
392 16.0 4.0
393 8.0 22.0
394 10.0 22.0
395 8.0 20.0
396 18.0 4.0
397 18.0 6.0
398 0.0 24.0
399 20.0 6.0
400 20.0 8.0
401 22.0 8.0
402 24.0 28.0
403 8.0 18.0
404 8.0 30.0
405 10.0 30.0
406 8.0 32.0
407 18.0 8.0
408 20.0 4.0
409 24.0 8.0
410 24.0 10.0
411 24.0 12.0
412 24.0 4.0
413 20.0 0.0
414 24.0 0.0
415 16.0 0.0
416 12.0 0.0
415 416 4
413 415 4
413 414 4
408 413 4
408 412 4
404 406 2
404 405 2
401 409 2
400 407 2
400 401 2
399 408 2
399 400 2
397 407 2
397 399 2
396 408 2
396 397 2
395 403 2
393 395 2
393 394 2
392 415 4
392 396 2
390 406 2
390 405 2
390 391 2
385 386 2
383 384 2
381 411 2
378 400 2
377 380 2
373 377 1
368 380 2
367 369 1
366 394 2
366 367 1
365 368 1
364 366 1
363 369 1
362 367 1
362 363 1
361 372 1
359 378 1
354 381 1
354 380 1
353 361 1
352 382 1
351 352 1
349 350 1
347 359 1
347 354 1
346 380 1
346 378 1
346 347 1
345 350 1
343 357 1
342 355 1
341 342 1
340 341 1
335 339 1
334 337 1
333 398 2
333 335 1
333 334 1
332 357 1
332 355 1
331 343 1
331 342 1
331 332 1
330 373 1
329 352 1
328 344 1
327 372 1
326 336 1
322 338 1
320 377 1
319 326 2
319 320 1
318 332 1
317 319 1
316 330 1
315 373 1
315 317 1
315 320 1
315 316 1
314 343 1
314 339 1
312 348 1
311 370 1
311 312 1
310 356 1
307 374 1
307 308 1
306 374 1
306 370 1
304 322 1
303 338 1
303 304 1
301 355 1
301 318 1
300 369 2
299 372 1
299 353 1
299 300 1
298 305 1
297 300 1
297 372 1
295 364 1
295 309 1
295 296 1
294 370 1
294 327 1
294 297 1
293 356 1
293 325 1
292 310 1
292 293 1
291 303 1
291 314 1
290 339 1
290 291 1
289 406 4
288 395 2
288 394 2
288 309 1
287 305 1
287 336 1
286 351 1
286 329 1
285 316 1
285 286 1
284 304 1
283 303 1
283 290 1
283 284 1
282 283 1
282 337 1
281 290 1
281 335 1
281 334 1
281 282 1
280 329 1
279 284 1
279 349 1
277 308 1
277 278 1
276 295 1
275 351 2
274 344 1
274 323 1
274 275 1
273 391 2
273 278 1
272 277 1
272 307 1
272 273 1
271 280 1
271 286 1
270 285 1
270 330 1
270 271 1
269 371 1
268 302 1
268 269 1
267 275 1
267 344 1
266 289 1
265 322 1
265 266 1
264 344 1
263 351 1
263 285 1
262 316 1
262 317 1
262 263 1
260 371 1
259 326 1
259 287 1
258 330 1
258 368 1
127 135 1
127 146 1
126 136 1
126 127 1
125 246 1
125 126 1
124 125 1
123 126 1
123 133 1
123 215 1
123 124 1
122 127 1
122 144 1
122 125 1
121 246 1
121 122 1
120 246 1
120 188 1
119 215 1
119 124 1
118 246 1
118 188 1
118 124 1
117 119 1
117 118 1
116 117 1
115 116 1
113 150 1
112 113 1
111 147 1
111 113 1
110 111 1
109 111 1
109 112 1
108 348 1
108 112 1
107 109 1
107 108 1
106 348 1
106 107 1
104 147 1
104 149 1
104 110 1
104 105 1
102 110 1
102 109 1
102 103 1
101 105 1
101 121 1
101 120 1
100 105 1
100 110 1
100 103 1
99 107 1
99 102 1
98 103 1
98 145 1
98 99 1
97 389 2
97 145 1
96 98 1
96 97 1
95 198 1
95 348 1
95 234 1
94 96 1
94 99 1
94 106 1
93 261 1
93 94 1
92 199 1
92 95 1
92 106 1
92 93 1
91 199 1
91 185 1
91 170 1
90 278 1
90 185 1
88 91 1
88 90 1
88 89 1
87 101 1
87 100 1
86 120 1
86 256 1
86 87 1
85 86 1
84 87 1
84 103 1
84 145 1
84 85 1
83 188 1
83 117 1
83 115 1
82 256 1
82 85 1
81 256 1
81 83 1
80 115 1
80 81 1
79 81 1
79 82 1
77 78 1
76 77 1
72 77 1
72 75 1
72 73 1
70 82 2
70 235 1
70 97 2
70 71 1
68 77 1
68 73 1
68 74 1
68 69 1
67 386 2
66 73 1
66 69 1
66 67 1
64 215 1
64 129 1
64 65 1
63 114 1
63 65 1
62 119 1
62 64 1
62 116 1
62 63 1
61 116 1
61 63 1
60 114 1
60 61 1
29 43 1
29 55 1
29 46 1
28 33 1
28 55 1
27 29 1
27 28 1
26 28 1
26 30 1
25 130 1
25 30 1
24 26 1
24 25 1
23 24 1
22 25 1
22 31 1
22 23 1
21 26 1
21 27 1
20 23 1
19 44 1
19 43 1
18 43 1
18 27 1
16 19 1
16 18 1
16 17 1
15 17 1
15 21 1
15 18 1
14 24 1
14 21 1
14 20 1
1 8 1
1 4 1
1 2 1
2 383 2
2 3 1
3 6 1
3 4 1
4 5 1
4 7 1
5 9 1
5 6 1
6 384 2
6 20 2
7 9 1
7 8 1
8 386 2
9 22 2
9 385 2
10 12 1
10 17 1
10 11 1
11 384 2
11 13 1
12 15 1
12 14 1
12 13 1
13 20 1
30 33 1
30 32 1
31 130 1
32 36 1
32 130 1
32 34 1
33 54 1
33 36 1
34 39 1
34 251 1
34 37 1
35 59 1
35 40 1
35 54 1
35 36 1
36 39 1
37 38 1
37 41 1
38 80 1
38 42 1
38 39 1
39 40 1
40 42 1
40 60 1
41 402 2
41 80 1
41 79 1
42 115 1
42 61 1
43 45 1
44 49 1
44 45 1
45 47 1
45 46 1
46 53 1
46 52 1
47 49 1
47 53 1
47 51 1
48 51 1
48 50 1
48 49 1
50 387 2
50 131 1
51 57 1
51 131 1
52 55 1
54 58 1
54 55 1
56 388 2
56 358 1
56 131 1
56 57 1
59 60 1
128 133 1
128 137 1
128 215 1
128 129 1
130 251 1
132 138 1
132 137 1
132 134 1
132 133 1
133 136 1
134 376 1
134 142 1
134 140 1
135 139 1
135 158 1
135 136 1
136 138 1
138 140 1
138 139 1
139 162 1
139 159 1
140 162 1
140 141 1
141 163 1
141 143 1
141 142 1
143 257 1
143 360 1
144 148 1
144 146 1
146 158 1
146 154 1
147 152 1
147 150 1
148 154 1
148 153 1
148 149 1
149 152 1
150 213 1
150 151 1
151 212 1
151 155 1
151 152 1
152 153 1
153 156 1
153 155 1
154 167 1
154 156 1
155 325 1
155 356 1
156 325 1
156 157 1
157 201 1
157 168 1
157 167 1
158 167 1
158 159 1
159 161 1
159 160 1
160 167 1
160 168 1
160 165 1
161 164 1
161 165 1
161 162 1
162 163 1
163 257 1
163 164 1
164 280 1
164 166 1
165 280 1
165 169 1
166 271 1
166 257 1
166 243 1
168 200 1
168 169 1
169 382 1
169 329 1
171 382 2
171 264 1
171 267 1
171 172 1
172 227 1
172 242 1
173 180 1
173 305 1
173 259 1
173 174 1
174 238 1
174 184 1
175 177 1
175 357 1
175 240 1
175 176 1
176 178 1
176 189 1
176 181 1
177 338 1
177 178 1
178 196 1
179 180 1
180 238 1
181 196 1
181 193 1
181 302 1
182 394 2
182 369 2
182 260 1
182 183 1
183 353 1
183 371 1
184 319 2
184 239 1
185 277 1
185 198 1
186 220 1
186 217 1
186 210 1
186 187 1
187 298 1
187 206 1
187 214 1
188 256 1
189 193 1
189 357 1
189 318 1
190 306 1
190 294 1
190 191 1
191 391 2
191 405 2
191 374 1
192 269 1
192 254 1
192 318 1
192 193 1
193 268 1
194 349 1
194 266 1
194 218 1
194 195 1
195 350 1
195 289 1
196 197 1
197 404 2
197 236 1
197 302 1
198 308 1
198 199 1
199 261 1
200 382 1
200 201 1
201 325 1
201 228 1
202 226 1
202 216 1
202 203 1
203 217 1
203 220 1
203 221 1
204 206 1
204 211 1
204 205 1
205 407 2
205 336 1
205 207 1
206 210 1
206 207 1
207 287 1
207 298 1
208 250 1
208 209 1
209 328 1
209 276 1
209 264 1
210 211 1
211 397 2
211 392 2
212 247 1
212 356 1
212 213 1
213 248 1
214 379 1
214 220 1
214 313 1
216 392 2
216 217 1
218 265 1
218 304 1
218 279 1
219 220 1
222 292 1
222 364 1
222 296 1
222 223 1
223 362 1
223 310 1
223 366 1
224 339 1
224 340 1
224 225 1
225 331 1
225 341 1
225 314 1
227 292 1
227 296 1
227 228 1
228 293 1
229 253 1
229 241 1
229 230 1
230 345 1
231 353 1
231 268 1
231 371 1
231 232 1
232 361 1
232 302 1
232 236 1
233 311 1
233 307 1
233 306 1
233 234 1
234 312 1
234 308 1
236 237 1
237 405 2
237 327 1
237 361 1
238 321 1
238 239 1
239 324 1
240 338 1
240 343 1
240 291 1
241 337 2
241 252 1
242 276 1
242 296 1
242 264 1
243 270 1
243 365 1
243 258 1
244 410 2
244 359 1
244 401 2
244 245 1
245 381 1
245 347 1
247 362 1
247 310 1
247 248 1
248 363 1
249 375 1
249 288 1
249 250 1
250 276 1
250 309 1
252 279 1
252 253 1
253 349 1
253 345 1
254 301 1
254 255 1
255 393 2
255 260 1
255 269 1
257 365 1
5
41 41 2 1 2
191 67 2 1 2
403 74 2 1 3
152 65 3 1 2 3
395 77 2 2 3
250
1 3 1414 281 0.9182368819337325 0.11030229909429871 0
33 199 0 200 4373131 225 6001126 250 2939863 275 2813393 299 1736006 324 1390472 349 1314305 374 721132 399 1084597 423 1206736 448 882317 473 987798 498 1284795 523 603578 548 616119 573 807778 597 713738 622 888914 647 886287 672 641474 697 727771 721 422573 746 364395 771 988642 796 365204 821 449556 846 750867 871 517478 895 261935 920 524695 945 1023303 946 0
0
2 2 850 279 0.9176678385253456 0.12886323639360225 0
20 274 0 275 1283161 299 1580684 324 1127009 348 1006350 373 972330 397 860143 422 855146 446 868544 471 833816 495 992257 520 835355 544 1231605 569 1353170 593 1881474 618 1934114 642 2101832 667 2008604 691 2907769 692 0
1 1
3 2 910 320 0.9203318281198122 0.0192476224314559 0
34 47 0 48 766669 73 482499 98 580662 124 1009208 149 1006991 174 377384 199 222247 224 234490 250 619911 275 501474 300 533860 325 1313003 350 1108233 376 1209917 401 1813165 426 2478060 451 2230236 476 2366031 501 1230718 527 1340494 552 1451599 577 1186128 602 1238093 627 1244224 653 1054255 678 1101275 703 1588564 728 1051002 753 1248670 779 901634 804 1263182 829 1387716 830 0
0
4 1 784 55 0.9104469234716458 0.04772185383171897 0
14 651 0 652 1571870 677 852242 702 873186 727 597627 752 600325 777 780861 803 1752593 828 1078462 853 777262 878 754120 903 681511 928 1007300 929 0
0
5 2 684 292 0.9195794095321539 0.13146422777393715 0
32 112 0 113 56078 138 45203 164 32418 189 61181 215 64822 240 70699 265 58338 291 54075 316 71034 341 65231 367 65728 392 82362 418 95934 443 111186 468 159563 494 247863 519 341969 544 285699 570 350723 595 364630 621 529424 646 988273 671 819132 697 1804826 722 1635556 747 1651432 773 2003956 798 3683079 824 3865938 849 5274176 850 0
2 4 6
6 1 1039 264 0.9152084626658302 0.07269691414683993 0
28 156 0 157 1272657 182 1413343 207 1401867 232 1806628 257 1556640 281 1311223 306 1350796 331 973476 356 2092775 381 1332055 406 1103672 431 992002 456 998721 480 877374 505 918515 530 1034090 555 1014783 580 900396 605 1121877 630 1229437 655 1382254 679 2130597 704 2069336 729 1568301 754 1032451 779 1014673 780 0
0
7 2 1132 374 0.9191137888855754 0.048601740669725335 0
17 529 0 530 689354 555 810672 581 755112 607 705337 632 670487 657 831532 683 1260172 709 1631225 734 1236579 759 1270862 785 1595505 811 1012992 836 797884 861 511362 887 547825 888 0
0
8 3 747 163 0.925963155850702 0.10363062298325726 0
23 80 0 81 4412407 106 3030688 132 3293111 157 2377419 183 2245312 208 1510620 234 1724716 259 1991175 285 1422304 310 1298831 335 1278570 361 1934627 386 1319818 412 652990 437 621887 463 485752 488 451039 514 400760 539 289722 565 449480 590 302347 591 0
0
9 2 1300 188 0.9265181263525764 0.0914042484824278 0
21 377 0 378 993253 403 493833 429 402662 454 340010 479 512429 505 1075477 530 1354427 555 1152104 581 1345884 606 945926 631 1420243 657 1619848 682 1446196 707 1361354 733 1664514 758 1040485 783 881029 809 916617 834 705486 835 0
0
10 1 1397 410 0.915878786561896 0.024392918755499055 0
8 844 0 845 1796373 870 1439638 895 2233279 920 2283609 945 1156324 970 992333 971 0
0
11 1 964 28 0.9291099541829154 0.08977977371723357 0
26 104 0 105 368609 130 281616 155 253917 180 165322 205 195444 230 262770 255 393693 280 389139 305 279885 330 609451 355 1034157 380 1068807 405 1827870 430 2424312 455 3308265 480 2925674 505 3354748 530 3671477 555 1495088 580 1129230 605 2025186 630 1897231 655 1249184 680 1234440 681 0
1 10
12 2 612 45 0.9163031862816897 0.023202841253836464 0
41 24 0 25 2523068 50 4222175 74 2555386 99 4269618 124 3412581 148 3957776 173 3558116 198 2791883 222 1846279 247 1432938 272 1136069 297 747115 321 817698 346 1190393 371 1169703 395 1910464 420 1496497 445 1127900 469 1394891 494 1357023 519 1269097 543 858588 568 524715 593 582372 617 673080 642 934564 667 677557 691 754738 716 617773 741 813093 766 872662 790 1063680 815 740582 840 763855 864 1267151 889 1683723 914 1294869 938 1190720 963 2492956 964 0
0
13 2 945 316 0.9270259949773679 0.009203005291054367 0
24 185 0 186 1278854 211 1362408 235 1184477 260 1717609 284 1152332 309 1356635 333 1034370 358 1436000 382 1310719 407 1009765 431 956895 456 991488 480 1268098 505 1026238 529 938038 554 1298252 578 912129 603 655055 627 1279995 652 1026547 676 1185463 701 976043 702 0
1 12
14 3 891 282 0.9290151286872678 0.10605248409942893 0
23 28 0 29 381505 54 1089255 78 926179 103 1344230 127 1653558 152 1380215 176 1902002 201 1729857 225 920220 250 834259 275 1445447 299 937555 324 570258 348 549155 373 1088113 397 923137 422 1279638 446 1364698 471 1578822 495 1065015 520 981011 521 0
2 12 13
15 3 751 304 0.9277348923801162 0.10463320407579056 0
40 54 0 55 4657490 80 3891823 105 2215979 130 2143273 154 1727908 179 1737448 204 1251766 229 613205 254 408460 279 496471 304 424034 329 320711 353 262367 378 340092 403 281284 428 285706 453 217979 478 129917 503 55662 527 60073 552 60658 577 59216 602 47033 627 65187 652 54200 677 41960 701 25668 726 21927 751 23671 776 15533 801 10482 826 10482 851 6827 876 4260 900 4046 925 3896 950 3934 975 2795 976 0
0
16 2 1250 292 0.9145219323569828 0.08668072593502439 0
19 233 0 234 1922807 259 892570 285 562128 310 745933 336 990975 361 1342210 387 2279085 412 1998127 437 1323803 463 990111 488 658300 514 1092213 539 1376406 565 706065 590 686599 616 912541 641 957786 642 0
1 15
17 2 960 282 0.9138928919796246 0.1098969170140165 0
30 205 0 206 263031 231 247911 255 471107 280 264539 304 192011 329 169742 354 78265 378 99200 403 126754 427 148276 452 212812 477 191229 501 377285 526 250706 550 237650 575 343801 599 530006 624 967081 649 812971 673 682181 698 1778919 722 1483706 747 2485639 772 3109160 796 3440050 821 4508409 845 3333690 870 3265860 871 0
1 15
18 1 1004 262 0.9114713540238953 0.01815607133932552 0
33 107 0 108 1655061 133 1511431 158 1678249 183 1488033 208 1662136 233 1636922 258 1326011 283 1990663 307 1765296 332 1843951 357 1870902 382 1157228 407 1038944 432 1674507 457 1154549 482 738783 507 813682 532 632286 557 836077 582 573634 607 517817 632 394961 657 383402 681 148686 706 137289 731 218582 756 331232 781 527230 806 815886 831 620121 856 723567 857 0
0
19 3 635 108 0.9119939975691231 0.1244129087972411 0
16 603 0 604 1265976 628 1324535 653 1861834 677 1435666 702 1195335 726 750956 750 1021327 775 1576256 799 1794580 823 1620700 848 2011762 872 1105941 897 820304 921 699737 922 0
1 18
20 2 809 98 0.9239946970509474 0.004440160990240682 0
20 435 0 436 2691078 461 1903524 487 1231213 512 1305234 538 2139256 563 2091401 589 1483453 614 1280730 640 1239135 665 912452 691 897237 716 728966 742 1164126 767 839759 793 875935 818 392130 844 250290 869 388094 870 0
2 18 19
21 2 1160 192 0.912922398765833 0.08148065578854467 0
36 173 0 174 2302777 199 2159277 224 1889083 249 1895001 274 2183102 298 1018528 323 505777 348 477398 373 266137 398 271879 423 337043 448 234453 473 273715 497 373625 522 372582 547 258764 572 513173 597 637512 622 721129 647 408877 672 491600 696 659903 721 973792 746 919493 771 1100090 796 1546876 821 1710961 846 1796898 871 1560629 895 1392020 920 1854190 945 2630186 970 3014995 995 3570590 996 0
0
22 2 545 131 0.9276714095183134 0.1422420586111655 0
33 195 0 196 1046920 221 1800403 246 2560983 272 1460708 297 1373462 322 2978227 347 2386969 373 1541090 398 1615580 423 1803822 448 1325031 474 994044 499 500459 524 398229 549 489407 575 651843 600 986426 625 2215905 650 2861300 675 2380106 701 1702734 726 1766384 751 1272332 776 1421586 802 1493929 827 1068868 852 1103551 877 1611111 903 1367803 928 825628 953 771195 954 0
0
23 3 991 115 0.9156165536774801 0.08462142535041604 0
29 171 0 172 1526310 197 2345484 223 2764605 248 1879644 273 1749918 298 1577806 324 1959895 349 1406150 374 1763783 399 1358535 425 618194 450 661835 475 769876 501 635523 526 765314 551 1010305 576 717534 602 1031166 627 562569 652 552732 677 460550 703 258575 728 203065 753 191832 778 160792 804 128740 829 128015 830 0
0
24 2 1470 17 0.9131522895394232 0.14175284879158817 0
24 479 0 480 1489065 505 755137 529 1149617 554 1709645 578 786259 603 418737 627 441661 652 402218 677 607403 701 508298 726 1381133 750 974911 775 772850 799 681002 824 916763 849 583811 873 731592 898 665643 922 611928 947 1259173 971 2184606 996 3329504 997 0
1 23
25 3 773 17 0.921070787698027 0.050253972022293134 0
24 147 0 148 1673433 173 1480675 198 1397091 223 1405107 248 1227140 273 1744796 298 1314146 323 1588593 348 1894927 373 1574281 398 1797681 424 2572577 449 2390767 474 1392660 499 1199769 524 671169 549 873840 574 1028601 599 884594 624 536462 649 589148 674 516602 675 0
1 24
26 3 796 152 0.9126881966690085 0.1152623516342398 0
34 112 0 113 615053 138 534580 163 467960 188 393013 214 738830 239 701094 264 1003692 289 624121 314 691320 339 1074420 364 1660437 389 2699168 415 1713704 440 1880219 465 1038690 490 786351 515 597998 540 488445 565 690220 590 1346001 616 1057581 641 1487845 666 2134042 691 1292154 716 1194949 741 1146577 766 745413 791 521329 817 518984 842 580213 867 648426 892 768984 893 0
0
27 2 1466 274 0.9236204648039091 0.01692680822981112 0
13 149 0 150 1093244 175 1436529 200 1277186 226 1388067 251 1682370 276 1461927 301 2545357 326 2128932 352 1436683 377 1134101 402 1486070 403 0
1 26
28 3 546 296 0.9275026715032733 0.06502516810000612 0
24 282 0 283 1458563 308 1693283 333 2990587 357 2387653 382 1674635 407 1557041 432 1408188 456 1252156 481 1300160 506 1758027 531 1138448 555 853542 580 546026 605 430028 630 366861 654 294334 679 186029 704 237020 729 173265 753 129029 778 148045 803 204638 804 0
2 27 29
29 3 693 108 0.9136115049143195 0.010898666307483174 0
37 23 0 24 2068471 49 1536111 74 912123 99 1024845 123 675940 148 527200 173 601009 198 503229 223 464227 248 668721 273 568327 297 423388 322 624776 347 676807 372 673343 397 725567 422 549042 447 414170 471 509768 496 936785 521 1297340 546 2140791 571 3303699 596 2635756 620 1876216 645 1515744 670 1618205 695 1901531 720 1349886 745 2026757 770 3367359 794 3742274 819 3270518 844 2940418 869 2822274 870 0
0
30 3 1331 220 0.9298934761338241 0.09342133255794594 1
41 25 0 26 1927788 51 2106544 76 3002266 101 2052945 127 2821705 152 1911056 177 2260217 202 1565608 227 3682435 252 3794219 278 2822032 303 1701943 328 1210205 353 1272911 378 1227200 403 904418 429 1160704 454 510646 479 559490 504 349996 529 206998 554 129426 579 84472 605 76770 630 102841 655 70370 680 113700 705 240798 730 206885 756 212875 781 210906 806 133625 831 96929 856 88156 881 75046 907 41772 932 49043 957 88291 982 95777 983 0
0
31 3 883 41 0.9191248303367245 0.020637387833773852 0
29 128 0 129 82667 154 50647 178 42653 203 39729 227 61339 252 68556 277 68020 301 74195 326 68276 351 70447 375 96702 400 110763 424 123847 449 123199 474 162150 498 176691 523 160903 547 167926 572 212539 597 424730 621 524409 646 655854 671 1873606 695 2498845 720 3063095 744 4785007 769 3281368 770 0
0
32 1 1339 366 0.9261722335164092 0.14983752632394964 0
16 103 0 104 1124363 129 1072558 154 1332608 178 1833876 203 1799105 228 1279669 253 1086070 277 821827 302 536268 327 557914 352 529126 376 472203 401 816733 426 1269196 427 0
2 31 34
33 3 1078 55 0.9184375619631242 0.07012765704473993 0
16 446 0 447 815456 472 734890 498 1198146 523 989176 549 874248 574 842421 600 588748 625 977239 651 1341992 676 1012307 702 1394950 727 1377741 753 1271925 778 2030203 779 0
1 31
34 1 750 297 0.920765273989852 0.0502757152848367 0
32 29 0 30 1101856 55 523591 80 866974 104 466149 129 754874 154 1057277 179 2502695 204 3341334 229 2161801 253 2221759 278 2407593 303 1166013 328 1010086 353 1111887 378 1064064 402 905126 427 753576 452 383409 477 546521 502 441495 527 275040 551 186543 576 150169 601 174655 626 139594 651 183478 676 169289 700 130173 725 133636 750 130948 751 0
0
35 1 1455 233 0.9103750519178863 0.11838804551915647 1
30 104 0 105 842937 130 1284664 155 1579257 180 1324662 204 1772012 229 2453143 254 1595674 279 1734006 304 1569226 329 934039 354 1231083 378 1173711 403 1661806 428 1893338 453 1268966 478 1326040 503 1215051 527 1120119 552 905024 577 994649 602 1171377 627 1238453 652 920601 677 720928 701 460055 726 1041387 751 960921 776 1045794 777 0
0
36 2 569 147 0.922755496872142 0.1395958988298723 0
17 497 0 498 776115 522 634483 546 746001 570 1256114 595 2135899 619 2375645 643 1662370 667 1660124 691 2106579 715 2569726 739 1827988 764 2023588 788 1782079 812 2511414 836 3323315 837 0
1 35
37 1 830 173 0.9236663311610417 0.03572419685700447 0
36 142 0 143 991535 168 1572589 194 1418259 219 1338026 244 1532139 270 1402666 295 962993 320 1041933 346 447640 371 365225 396 290732 422 387506 447 339127 472 338703 498 372013 523 523618 548 604037 574 568914 599 990263 624 990703 650 1099212 675 1667340 700 2528282 726 1960032 751 2595506 776 2532167 802 2252682 827 1364585 852 1301760 878 1946253 903 2769901 928 3111827 954 2512070 979 1541359 980 0
0
38 3 1239 302 0.924789332875366 0.10626825058892657 0
13 480 0 481 535611 507 519980 533 905829 558 832456 584 1109709 610 1167502 636 1236002 662 1353730 687 1011729 713 999818 739 1972746 740 0
2 37 39
39 1 803 175 0.9169458929710558 0.0610021966283398 0
32 267 0 268 1533291 293 1647199 318 1442578 343 1443277 368 531015 392 556514 417 629000 442 569998 467 473970 492 633479 517 505480 542 512999 567 1218810 592 1381593 617 1159277 641 641831 666 812792 691 1153606 716 1656681 741 2719060 766 2306376 791 2809104 816 2296450 841 2306944 866 1904707 890 1908349 915 2034019 940 1892497 965 2243554 990 2756731 991 0
0
40 3 1180 242 0.9282191930120417 0.11048276748517195 0
32 151 0 152 1111675 177 1182155 202 1232073 227 1795498 253 2518474 278 2986742 303 2522918 328 2561515 353 3730449 378 3823585 403 2466614 429 1588896 454 1473577 479 1274299 504 1249686 529 806814 554 946945 579 1234111 604 1296527 630 2060107 655 1735380 680 1585976 705 1712455 730 1228155 755 869852 780 1230811 806 1116758 831 958865 856 483839 881 460556 882 0
2 39 38
41 3 1039 15 0.9299810206446472 0.023781024767250435 0
41 21 0 22 732801 47 519870 72 580367 97 823766 121 521846 146 1565452 171 1678192 196 1500664 221 1751161 246 1559006 270 2461868 295 2595419 320 1762019 345 1587757 370 984404 395 1185811 419 952689 444 761252 469 662503 494 920404 519 337123 544 339689 569 593064 593 420228 618 474525 643 573846 668 401906 693 507896 718 489739 742 531393 767 830779 792 646244 817 519101 842 606050 867 727476 891 724992 916 786266 941 790935 966 820008 967 0
0
42 3 1187 388 0.9207724174456954 0.14543632971444304 0
28 312 0 313 2335383 338 3000151 364 1700946 389 1559691 414 2055328 439 2559705 465 2641571 490 2010692 515 2078288 541 2129611 566 1749310 591 1815606 616 3280844 642 1790339 667 1658072 692 1302034 717 1440802 743 994998 768 620921 793 675825 819 776038 844 550849 869 363372 894 252802 920 189724 945 324295 946 0
0
43 2 602 322 0.9232998440524098 0.0555113822486526 0
23 425 0 426 2472886 451 1041414 475 1232630 500 1734089 525 3443402 549 5023787 574 3446726 599 1172249 624 820060 648 773690 673 618464 698 736119 722 524552 747 573992 772 491284 797 607055 821 786378 846 923570 871 720754 895 890244 920 697287 921 0
0
44 1 1336 258 0.9118967031464679 0.07262000999082821 0
17 33 0 34 2370947 58 1920648 82 1834503 106 1357703 130 1408226 154 1284841 178 1601337 203 1596820 227 1333509 251 908810 275 1187167 299 1404452 323 1459918 347 1755724 371 999371 372 0
1 43
45 1 873 293 0.9278104437289928 0.03505595784876429 0
39 44 0 45 2352443 70 1529410 94 2420429 119 1855390 144 2209848 169 2661466 193 2188405 218 2787969 243 2212821 267 2043002 292 1130102 317 1312459 342 1481819 366 1731935 391 1375778 416 1662057 441 2228320 465 2127615 490 1792128 515 1452642 539 1207754 564 1394709 589 1859481 614 1752355 638 1295451 663 909988 688 1080039 713 762720 737 770144 762 847343 787 843158 811 1242291 836 1475620 861 2683366 886 2583131 910 1369300 935 1376988 936 0
2 43 44
46 1 1472 291 0.9241875895230195 0.012500028053010303 0
10 283 0 284 1548403 309 827642 334 1133802 359 1228659 384 1748284 409 1304338 434 1453098 459 2707814 460 0
1 43
47 1 1293 384 0.9174061088976023 0.14383556925352634 0
11 159 0 160 1736160 183 1517145 207 765057 231 936578 254 895151 277 819985 301 1025837 325 983987 348 858132 349 0
0
48 2 997 143 0.9282140379816122 0.0828384896637528 0
37 26 0 27 7454665 52 3596479 78 2191396 103 1770118 128 1795349 153 1342416 179 2284709 204 2288783 229 2840630 254 1519044 280 1161581 305 908763 330 914856 355 703701 381 453041 406 300053 431 274446 457 244673 482 257302 507 154060 532 138475 558 307208 583 341611 608 441148 633 294953 659 186670 684 89087 709 91893 734 100133 760 74802 785 75996 810 74968 835 34467 861 60579 886 92556 887 0
1 47
49 3 1149 82 0.9197548008169488 0.017722809344617167 0
9 694 0 695 553434 721 472980 747 904377 773 1037162 800 1260624 826 1638810 852 2917921 853 0
1 48
50 2 729 291 0.9211397236046365 0.08215581951638198 0
30 23 0 24 3424293 49 2350479 73 2671698 98 1724343 123 1598623 147 1119334 172 964558 197 1036888 221 801925 246 606641 271 648025 295 522484 320 584204 345 1351394 369 1095971 394 1572858 419 1517095 443 1195506 468 1565640 493 907613 517 1262184 542 1516232 567 1370492 591 1999046 616 2229421 641 2624497 665 2500910 690 4084180 691 0
0
51 3 1026 389 0.9148488557807889 0.0993177883678695 0
17 491 0 492 1746998 517 1165334 542 1307208 567 1263643 592 1258223 617 990960 642 878668 667 1247604 692 1486351 717 811994 742 725396 767 1020151 792 617283 817 578663 842 994605 843 0
1 50
52 3 687 52 0.918998000083834 0.006911529056119209 0
36 157 0 158 1611715 183 2235497 208 2953858 233 1269542 258 1659058 283 2282566 308 2944838 333 3491462 358 3999797 383 3984090 408 1690481 433 2168781 458 2880921 483 1993493 508 2835470 533 2309288 558 1324832 584 980959 609 1367558 634 1210709 659 1267155 684 1307286 709 1004739 734 1238794 759 582089 784 755010 809 1365596 834 1223077 859 770998 884 394898 909 324994 934 310098 959 348432 984 233601 985 0
0
53 2 699 171 0.9154226598225136 0.10515757937556618 0
24 240 0 241 292421 266 267527 291 292694 317 291106 342 397788 367 505233 392 799856 418 750818 443 811491 468 897615 493 1267006 519 1398864 544 1290113 569 873530 594 650423 620 758767 645 924094 670 962032 695 1215441 721 2223434 746 2507303 771 1744898 772 0
1 52
54 3 978 336 0.9188911065064781 0.10029121452330417 0
34 195 0 196 2087286 221 1414390 245 1104072 270 1125495 295 761189 319 633562 344 332826 369 422114 393 764048 418 1263462 443 2607824 467 1644557 492 1364739 517 2320197 541 2359133 566 1473250 591 1405684 616 1549712 640 2022026 665 1559146 690 2350445 714 2905475 739 2799806 764 2881986 788 1559234 813 1516198 838 1148957 862 1014138 887 1207795 912 685682 936 816615 961 664106 962 0
0
55 1 1290 352 0.9177007716955662 0.09897192359783025 0
17 574 0 575 1813478 599 2105342 624 3213909 648 2446354 672 1738168 697 1775994 721 1014744 745 870513 770 710189 794 323457 819 462081 843 395357 867 356867 892 182139 916 162137 917 0
1 54
56 1 865 232 0.9211993996353312 0.033296900486143054 0
25 77 0 78 3041989 103 3319051 128 2049081 152 958451 177 654283 202 410417 227 666140 251 685484 276 668893 301 445360 326 455251 351 598895 375 951401 400 832945 425 838055 450 796399 474 1080137 499 594723 524 432635 549 423527 573 437115 598 387820 623 432062 624 0
0
57 1 878 290 0.9158947854796683 0.09515548899343623 0
23 90 0 91 3420193 116 2995815 141 2377972 165 2224937 190 2284802 215 2067817 240 1540754 265 722356 289 856152 314 863009 339 744189 364 423679 389 748797 413 374172 438 481109 463 440654 488 246374 513 168609 537 138312 562 142552 587 133255 588 0
2 56 58
58 2 589 50 0.9249936215313157 0.12996522610957187 0
33 101 0 102 939129 127 1367560 152 1729864 176 1104357 201 1182295 226 819612 251 684565 276 953366 300 950790 325 1547388 350 1550522 375 1678681 400 1251039 424 1660832 449 922474 474 1057583 499 912486 524 1200536 548 1939247 573 1766373 598 1591052 623 1318596 648 1189540 672 1102566 697 926196 722 675659 747 519238 772 459288 796 467633 821 508455 846 420174 847 0
0
59 2 1428 281 0.9184744646864846 0.014377501678825642 0
41 2 0 3 180892 28 258978 53 226463 78 217717 103 284189 128 364233 153 208322 178 279994 203 238861 228 157359 254 139426 279 146471 304 146457 329 138655 354 101112 379 155492 404 267322 429 272970 454 193741 479 184664 504 289390 529 229669 554 361395 579 274441 604 810380 629 1376893 654 1628746 679 1104213 704 863289 730 2127486 755 1171863 780 1600412 805 1442641 830 1930795 855 3446479 880 6078586 905 3907043 930 1453134 955 1183748 956 0
0
60 1 1423 264 0.925824754355632 0.1179264112306643 0
29 53 0 54 560202 79 537889 104 484773 129 708034 154 778614 178 918226 203 1175249 228 1133395 253 1193554 278 1109670 303 620055 328 596236 353 817294 377 580558 402 1242305 427 1962617 452 2066377 477 2675849 502 1962521 527 2877283 552 2464869 577 1812024 601 2171286 626 1217175 651 1909921 676 2697863 701 1662670 702 0
1 59
61 1 1440 111 0.9133195351315462 0.09628054766493833 0
35 115 0 116 2156533 141 2389790 165 2643118 190 4362225 215 5006640 240 2265934 265 1795317 289 1224697 314 1549486 339 1981628 363 1317689 388 765890 413 825825 438 819923 463 854087 487 626762 512 704359 537 355329 561 149848 586 83820 611 54061 636 32297 661 26631 685 27224 710 19192 735 19775 759 14858 784 11236 809 10673 834 10055 859 13628 883 13852 908 20477 909 0
1 59
62 3 1193 160 0.9272795641143687 0.13780916845525928 1
19 567 0 568 376661 593 423110 617 410573 642 424799 667 501293 691 787088 716 1057717 741 1589846 765 1365035 790 872612 815 971074 840 1702845 864 1870106 889 1321029 914 1408101 938 945509 963 863921 964 0
0
63 2 1169 84 0.9219905409317812 0.0028842301921126134 0
32 23 0 24 767020 49 757346 75 1010130 100 582024 125 482754 150 817108 176 823993 201 838804 226 958078 251 1066942 277 1319625 302 1075836 327 1576527 353 2510322 378 3420782 403 3486439 428 2619696 454 1520977 479 1263654 504 1499368 530 1630267 555 1664271 580 1127147 605 1175943 631 1216012 656 655494 681 1104283 706 989430 732 1028581 757 705865 758 0
1 62
64 1 1302 255 0.9172220195624831 0.022877227902959294 0
22 36 0 37 259443 62 439324 88 738321 113 739938 138 699819 164 885833 189 673111 214 572714 240 1385322 265 1104889 290 1354723 315 926520 341 701295 366 748348 391 2163144 417 2866576 442 1676828 467 1637082 493 1688206 518 1933633 519 0
1 62
65 2 541 154 0.922202336465284 0.00022853130678904265 0
29 75 0 76 7347190 101 4059959 125 2866550 150 2455288 175 2350277 200 1706791 224 881547 249 407468 274 457909 299 767712 323 404312 348 308156 373 247678 397 124101 422 192936 447 321990 472 451026 496 408593 521 544109 546 540804 571 262316 595 184175 620 126079 645 76307 670 59700 694 61873 719 32972 720 0
0
66 2 614 155 0.9218627583765459 0.14184737182348747 1
40 4 0 5 2807781 30 2047610 55 1517025 80 2325887 105 3115739 130 2678295 155 2357677 179 1274831 204 1526719 229 1022462 254 1196953 279 1218559 304 945877 329 826553 354 732397 379 864176 404 833057 429 839568 454 684936 478 692581 503 596038 528 1340863 553 1294715 578 1760388 603 1307933 628 1602055 653 969148 678 737247 703 920096 728 758930 753 928641 777 770373 802 1195555 827 991834 852 1018389 877 1238526 902 1432096 927 1932282 928 0
2 65 67
67 2 1496 99 0.9140806583122596 0.08055380466751182 0
10 608 0 609 1300011 635 1355009 661 1071884 687 1511723 713 2121383 739 1877432 765 1108214 791 795342 792 0
0
68 3 1105 64 0.9164032876648588 0.12990981766653126 0
39 70 0 71 421023 96 447520 121 287705 147 355015 172 243900 197 256093 222 189301 247 187851 273 152259 298 127695 323 131099 348 144082 373 128873 399 209500 424 161760 449 430572 474 520251 499 539765 525 564553 550 422484 575 567401 600 978748 625 1099439 650 1395311 676 1059052 701 1497896 726 2011315 751 2367945 776 1789138 802 1619413 827 1116981 852 1219494 877 1603853 902 1169543 928 1937956 953 5546370 978 6493288 979 0
1 67
69 1 662 363 0.9118721408034943 0.07508901074151027 0
12 190 0 191 3109071 217 1578717 243 1291752 269 1045478 295 1164386 320 1580427 346 1928352 372 2670465 398 1633091 424 1690294 425 0
0
70 1 1109 261 0.9251422371156841 0.09329963722926636 0
28 147 0 148 2025647 173 2707177 198 4847537 223 2366105 247 3222465 272 1010472 297 1243535 322 1670499 347 1253344 372 1130538 396 1124587 421 1124733 446 1751376 471 2279053 496 1385587 521 1157216 545 1373778 570 1330987 595 1195382 620 1195615 645 1025794 670 1280603 694 1195233 719 1288940 744 882538 769 993787 770 0
2 69 72
71 1 1479 319 0.9144001101743509 0.010149762824507535 0
18 306 0 307 2032931 332 1597432 356 1332344 381 1481296 406 1477254 430 1011268 455 1340226 480 1236434 504 1554338 529 1220096 554 1223991 578 795030 603 395277 628 356607 652 550380 677 626745 678 0
2 69 70
72 1 1173 152 0.9244568536577599 0.10441259986429399 1
24 253 0 254 3016658 279 3577352 305 2095737 330 2659368 356 1714653 381 2060178 407 1807546 432 1615538 458 1495858 483 2434526 509 2558210 534 1881000 560 2034953 585 1821303 611 1663194 636 1904590 662 1787582 687 1251996 713 1048712 738 1133229 764 860092 789 661266 790 0
0
73 2 1432 147 0.9119057119374443 0.11317385578393285 0
24 478 0 479 3137606 503 2225234 528 2651516 552 1980772 577 1840231 601 1576264 625 1290771 650 1512559 674 1862749 698 1594904 723 972149 747 556514 772 386864 796 341778 820 289357 845 273655 869 268119 893 264387 918 356826 942 580498 967 656962 991 595105 992 0
0
74 1 1005 321 0.9114130961149131 0.02075552050227241 0
27 58 0 59 1597030 84 1496752 108 1353438 133 1162724 157 920403 182 1450408 206 1609431 231 1389457 255 1433694 280 1905490 304 1440854 329 2599505 353 1753240 378 1042471 403 825901 427 757752 452 946894 476 1186205 501 2455135 525 2348427 550 1699999 574 1343417 599 683689 623 870394 648 556364 649 0
1 73
75 2 517 33 0.9292765600465889 0.07066070896885691 0
38 75 0 76 1206485 101 1606051 127 1312056 152 1230650 177 758691 202 958445 228 1083230 253 2180493 278 2006655 304 1688771 329 2269379 354 2068906 379 2613147 405 1723012 430 1007321 455 827204 481 712040 506 368548 531 284369 556 354418 582 190448 607 96829 632 161598 658 269319 683 198886 708 237884 733 267352 759 130355 784 137646 809 104679 835 128919 860 142287 885 187814 910 132528 936 111960 961 110388 962 0
3 73 74 76
76 3 1170 210 0.9289566182135085 0.07441411972653106 1
20 519 0 520 2695213 545 2922874 570 1330458 595 1437819 620 1286876 644 1675957 669 827731 694 783014 719 569986 744 380893 769 377680 794 443562 819 393322 843 407248 868 539108 893 458915 918 611401 943 800595 944 0
1 74
77 3 1193 171 0.9147211864030024 0.09209967322353214 0
7 152 0 153 1281966 179 847225 205 983464 231 940078 257 1191243 258 0
0
78 2 503 253 0.9171567914448795 0.013568017522805264 0
8 657 0 658 1102616 682 936932 706 1238218 730 1314675 754 1195790 778 1233512 779 0
2 77 79
79 3 733 359 0.9157328188020877 0.054056107335151565 0
29 63 0 64 221584 89 177731 114 239078 139 339401 164 259580 189 271721 214 396053 240 613508 265 519586 290 823769 315 909945 340 844745 365 1104673 390 1183770 415 1500216 440 1410174 465 1269887 490 1246211 515 2305006 540 3343366 566 1628591 591 2136121 616 2000131 641 1168168 666 3023308 691 2539906 716 2996915 717 0
0
80 3 1165 290 0.9262456152132122 0.0015181416311608686 0
42 10 0 11 841668 36 983758 61 930761 86 936325 111 770665 135 496488 160 518905 185 647575 210 485616 235 584750 260 674346 285 965570 310 1087470 335 701992 360 905785 384 512603 409 734990 434 1384152 459 1612658 484 1773570 509 1785720 534 1661781 559 2242320 584 2615174 609 1895391 633 1718226 658 1699640 683 1728162 708 1478585 733 1158439 758 981556 783 651554 808 361926 833 355904 858 151860 882 108574 907 138607 932 145277 957 185856 982 129765 983 0
2 79 78
81 1 990 289 0.9161296244657977 0.0879476396074752 0
21 350 0 351 646353 377 1495168 402 1871826 428 1612376 453 2643795 479 959373 505 1382049 530 1386040 556 998335 581 750289 607 572596 633 712536 658 810831 684 1018494 710 1916189 735 2357897 761 2474000 786 1657287 812 2974412 813 0
0
82 1 1212 152 0.9258601566203819 0.0811012093256714 0
38 110 0 111 3049156 136 2827760 161 2304148 185 1084036 210 1394814 235 1164245 260 945448 285 657973 309 592471 334 668876 359 953308 384 1179004 409 1683805 433 1156192 458 865665 483 1204315 508 1276329 533 709883 557 725307 582 654339 607 591074 632 2286935 657 1653214 681 1501533 706 1250456 731 689369 756 1013858 781 492199 805 779719 830 1408627 855 876513 880 844504 905 1280254 929 1017244 954 1814337 979 1305627 980 0
0
83 2 707 97 0.9119653954803848 0.03597541545954405 0
32 107 0 108 1364503 133 752762 158 334169 183 267460 208 389978 233 520039 258 494330 283 435006 307 338074 332 256678 357 323868 382 592879 407 407557 432 428175 457 176152 482 154503 507 221635 532 224875 557 242018 582 493570 607 527194 632 692546 656 856880 681 1389247 706 1597930 731 2578968 756 3289647 781 3702414 806 3993554 831 3037615 832 0
1 82
84 3 595 111 0.9225291502258713 0.07417091090580867 1
12 332 0 333 1141981 359 1951072 385 1147187 411 1110688 437 1926817 463 1629929 489 2476507 515 1727862 541 1714303 567 1761198 568 0
3 82 83 85
85 1 1053 279 0.9251406128405975 0.13435953368629602 0
41 18 0 19 2123050 44 1254987 68 1408439 93 670701 118 870823 143 467894 167 655024 192 835569 217 706782 242 303970 266 452335 291 421290 316 547762 341 522102 365 680375 390 1167384 415 1214086 440 1288661 464 1222060 489 2030883 514 2932334 538 2245922 563 1441197 588 1253788 613 1830478 637 1961849 662 1802791 687 1339730 712 1784254 736 2875264 761 3159368 786 2567591 811 2813661 835 3115235 860 3076601 885 2716927 910 2205551 934 3193047 959 3601751 960 0
0
86 3 1084 219 0.9111211013311069 0.043768041034327895 0
28 75 0 76 1569928 101 2731216 125 1827107 150 986635 174 1133123 199 1002572 223 1333192 248 1082418 272 712885 297 1043488 322 1200993 346 1221660 371 716356 395 447685 420 604076 444 595989 469 370294 494 291736 518 430212 543 596087 567 855058 592 877840 616 1786610 641 1656265 665 1148458 690 1062448 691 0
0
87 2 1129 231 0.9238187533643464 0.0868715575310116 1
19 498 0 499 435605 525 275109 550 383766 576 669429 602 678761 627 830067 653 1367295 679 1583788 705 1299779 730 1064098 756 1133449 782 1602361 807 2432161 833 2760862 859 2666540 884 2783919 910 3854044 911 0
0
88 2 1181 153 0.9140274733769295 0.14426184173113568 0
32 166 0 167 951657 192 834329 217 743855 242 935469 267 732906 292 811978 317 769340 342 926743 366 1549174 391 1317962 416 1640112 441 1100707 466 863676 491 750330 516 805927 541 919672 566 734090 591 455420 616 616291 641 723500 666 726661 691 1325104 715 1566114 740 1527030 765 1830950 790 2286992 815 2507520 840 2847288 865 2346407 890 3375647 891 0
0
89 2 721 45 0.923701320500966 0.1458736703351092 0
37 14 0 15 1817251 40 1497107 65 828211 90 803330 116 1393332 141 1063228 166 848432 191 1115349 216 1232632 241 1129365 266 997618 292 837011 317 1421519 342 1361958 367 1186948 392 1277126 417 1643002 443 1976021 468 2481524 493 2241363 518 2631378 543 3262933 568 2649654 593 2713969 619 2197556 644 2530295 669 1604125 694 1020071 719 1363959 744 917484 769 1095888 795 1146158 820 1472227 845 1490900 870 2548788 871 0
0
90 3 1482 327 0.9107778877313554 0.11908877065815587 0
19 588 0 589 3465399 614 2684065 639 1485682 663 1746028 688 1411591 713 1375213 737 1091551 762 858699 787 637551 812 817106 837 1026341 861 1143760 886 1185807 911 1633154 935 1196098 960 1100764 985 507706 986 0
1 89
91 1 1021 201 0.9176754860747424 0.1132259633620569 0
41 13 0 14 1532941 39 2221682 64 2656761 90 1989812 115 2201090 140 1715242 165 1421619 190 1441952 216 1023070 241 919900 266 1023991 291 736933 317 1028514 342 1020205 367 1079046 392 1761081 417 1108981 443 933418 468 1553801 493 1203735 518 667162 543 575362 569 427574 594 433188 619 610995 644 723364 669 431058 695 411541 720 740869 745 833934 770 768493 796 803826 821 867970 846 1254741 871 1405495 896 2375260 922 1621250 947 1983955 972 1783720 973 0
2 89 90
92 3 1150 96 0.9124449087581403 0.0720998083692445 0
13 592 0 593 799088 619 722325 645 604991 671 1016986 697 846069 723 1655732 749 1179782 775 2403691 801 2499833 827 2145730 853 1938109 854 0
0
93 3 674 295 0.9120280470221036 0.023982955049589815 0
36 50 0 51 1084502 76 942209 100 722491 125 864074 150 1207762 174 1664136 199 1770033 224 2367124 248 1164959 273 1238525 298 1331630 322 854193 347 783569 372 1859110 396 1862374 421 2172338 446 2784053 470 3110731 495 2795418 520 2218170 544 3516848 569 3177274 594 3198397 618 2425621 643 1744359 668 789013 692 710118 717 509812 742 723366 766 509598 791 353659 816 370461 840 196586 865 280844 866 0
1 92
94 2 1457 391 0.9246787147752815 0.05180684241980646 0
40 9 0 10 1542385 35 1733885 61 1658264 86 1941217 111 1884004 136 2570707 162 3404159 187 2257917 212 2494501 238 2742452 263 2864635 288 2110112 314 1307278 339 1388983 364 1505498 389 2112753 415 1836923 440 3215676 465 3217337 491 1304891 516 1035455 541 1100566 567 786502 592 530920 617 487428 642 452146 668 378682 693 487218 718 429718 744 286483 769 449879 794 387284 820 303936 845 416642 870 483933 895 485419 921 431445 946 237889 947 0
2 92 93
95 2 1168 203 0.9153428685228675 0.03262764518570426 0
12 155 0 156 393207 181 375577 206 606334 231 819211 256 765794 281 1101540 306 1067861 331 1332184 356 1944849 381 2068486 382 0
0
96 3 1462 166 0.9113132457914535 0.10612538880275008 0
18 285 0 286 1076585 311 906522 336 1186393 361 1330411 386 1971893 411 1448360 436 1574014 461 2408261 485 1545999 510 906412 535 956521 560 1046929 585 1086762 610 1339313 635 949756 660 915562 661 0
1 95
97 1 1467 67 0.9131889324520527 0.021734140117455468 0
26 295 0 296 420075 321 336206 346 528155 370 567286 395 518038 420 536573 445 909261 469 1206222 494 1013495 519 1292389 544 892316 569 1684230 593 1695192 618 1272258 643 1377886 668 1019714 693 736338 717 717107 742 980886 767 848297 792 1194965 816 1432999 841 2823186 866 3251838 867 0
0
98 1 700 378 0.9161145191129771 0.09597255936443337 0
9 650 0 651 2626477 676 1772114 701 1351621 725 1274463 750 925616 775 937535 800 820718 801 0
1 97
99 2 1039 124 0.9176447492959201 0.08437758054693804 0
14 467 0 468 603393 494 804327 520 1431879 545 964863 571 1100090 597 953283 623 1155310 649 1081571 675 1373401 700 1778457 726 1848468 752 2820642 753 0
1 98
100 2 1467 181 0.9217490899362881 0.008879373881216934 0
12 695 0 696 1552628 722 1461942 748 1530374 774 2080639 800 1508523 825 1499374 851 2098570 877 1401097 903 1985290 929 2091664 930 0
0
101 2 1256 131 0.9161536736440901 0.06495086170491042 0
19 552 0 553 3958403 578 3359345 603 2420578 629 1762556 654 970453 679 1020673 705 1040146 730 775614 755 1014171 780 1024335 805 952347 831 1159752 856 1372471 881 1248716 907 1656577 932 2048184 957 2040871 958 0
1 100
102 1 639 369 0.9272260783533028 0.10712809420102479 0
8 167 0 168 529257 191 773232 214 1363386 238 1473259 261 1317632 284 2007688 285 0
2 100 101
103 2 754 196 0.911100925953324 0.08061213987231819 0
8 563 0 564 1399912 588 1665319 611 1407693 635 1629001 658 1671141 682 2732705 683 0
2 100 101
104 3 734 117 0.9236979644928828 0.007673534838288215 0
43 0 0 1 312830 26 307463 51 712187 76 891364 101 720227 126 846352 151 820020 176 871530 201 839156 226 1159594 251 1010356 275 997537 300 882198 325 1065747 350 1250851 375 1526070 400 1404964 425 2498462 450 3516074 475 4280996 500 3914634 525 1952620 550 2426068 575 2499088 600 2623845 625 1567864 650 1371294 675 1133846 700 1131176 725 590019 749 490852 774 511540 799 411055 824 318216 849 234000 874 261108 899 257250 924 200287 949 200548 974 236627 999 307457 1000 0
0
105 1 1261 84 0.9189201848045775 0.1340778932236586 0
25 278 0 279 235703 304 240274 329 326208 353 287725 378 488339 403 508414 428 742332 452 735444 477 1132149 502 1721078 527 1792616 551 1337816 576 1032156 601 897491 626 848410 651 1505447 675 1432407 700 1365075 725 1771115 750 1227712 774 764551 799 490424 824 622522 825 0
2 104 106
106 3 1333 4 0.917075945861596 0.1431866499274199 0
26 376 0 377 1892734 402 1806443 427 1611499 451 917985 476 1799190 501 1708935 526 1405249 551 1414680 576 1189553 600 1237756 625 965102 650 1056757 675 872885 700 1535549 725 1618037 749 1688538 774 1214756 799 921295 824 748804 849 634731 874 882975 898 1220048 923 1138806 948 2084382 949 0
0
107 2 811 316 0.9298853166570129 0.031809440368638905 0
30 63 0 64 117276 89 86445 115 111761 140 148681 166 353747 191 474952 216 502707 242 651164 267 1119650 293 685894 318 737979 343 1273769 369 1160666 394 1252518 420 2364652 445 2308829 471 2753809 496 3690842 521 4222796 547 2184177 572 1897139 598 2020032 623 1519732 648 1940440 674 1941266 699 2240008 725 1896910 750 2494420 751 0
2 106 105
108 2 1401 406 0.9177594960393154 0.09985300301754742 0
14 153 0 154 2148002 179 2601931 204 3233258 228 3416311 253 2148553 278 974326 303 750926 328 1129666 353 1298736 377 1595615 402 1176773 427 704467 428 0
0
109 1 626 92 0.9174278948309574 0.010770167727045166 0
19 65 0 66 1828766 90 2095610 115 1408229 139 1523907 163 2759460 188 2399707 212 1117867 237 1018601 261 1190072 285 870104 310 977971 334 1154674 359 1221040 383 1143774 407 915196 432 1362150 456 1564671 457 0
0
110 2 1491 87 0.912027601414229 0.06095643500034796 0
25 352 0 353 1594577 378 2093622 402 2089133 427 2843940 452 2152889 476 1239456 501 933845 526 625817 550 358889 575 405222 600 358573 625 269261 649 298229 674 271141 699 205064 723 149125 748 118771 773 97384 797 62648 822 52588 847 32790 871 35731 896 45483 897 0
1 109
111 3 1222 45 0.9153185699938 0.141708361296931 0
14 651 0 652 1811241 678 1776276 704 1364110 730 1084485 756 1087123 782 1493570 807 1978920 833 2555222 859 2019234 885 2149576 911 2071743 937 2867017 938 0
0
112 3 1039 154 0.9246111218556544 0.1343837973608109 0
29 119 0 120 919946 145 1103336 170 1722608 195 2123810 220 2222948 245 1871493 270 1885634 295 1986307 320 1706417 345 2691982 370 2690695 395 2728588 420 2228020 445 1468565 470 958012 495 923674 520 1028686 545 887690 570 805973 595 1008619 620 775637 645 431483 670 427138 695 766413 720 1202004 745 915101 770 1377880 771 0
1 111
113 1 535 343 0.9214913601264025 0.02025059972244349 0
42 18 0 19 3240793 44 3588615 69 4024770 94 4586801 119 2498426 144 2466751 169 1227879 194 1109299 219 1355534 244 1224978 270 1284312 295 1354028 320 1766734 345 1822080 370 1168778 395 1457324 420 1412115 445 1053366 470 990872 495 1198728 520 639847 545 665623 570 949271 595 1317989 620 1131353 645 1201977 670 1020040 695 1314116 720 1771885 745 1987800 771 1722240 796 1701008 821 2034617 846 2298072 871 1068555 896 1022985 921 1368234 946 1766733 971 1294648 996 768555 997 0
0
114 3 1030 98 0.9296349428250652 0.12581321235293225 1
17 466 0 467 347276 492 247178 517 373605 542 663284 567 489277 592 551110 617 694850 642 740346 667 1932854 692 1795286 717 1466377 742 1906826 767 1449800 792 1268925 817 1402859 818 0
1 113
115 1 1346 48 0.9260674908746993 0.0935876029087885 0
31 162 0 163 745265 188 645300 213 557367 238 599891 263 1330043 288 1808788 313 1501588 337 1629138 362 981001 387 1129974 412 833677 437 1029601 462 1127215 487 651241 512 616455 537 638464 562 808031 587 1112265 612 1272604 637 1488233 662 2145788 687 2274038 711 2096181 736 2159418 761 1216241 786 1347415 811 989002 836 1353912 861 1849265 862 0
2 113 114
116 2 875 187 0.911282502118558 0.14006729158970063 0
42 8 0 9 4247824 34 3114159 59 3021162 84 2030852 109 1477954 134 1875187 159 1720152 185 992685 210 1123587 235 579837 260 710542 285 747919 310 472859 335 448253 360 576765 385 399024 410 497767 435 678103 460 572868 485 892263 511 1230905 536 1186467 561 2397036 586 1747860 611 789317 636 510878 661 759819 686 551671 711 372436 736 335754 761 411024 786 306829 811 253770 837 204965 862 288588 887 238507 912 258025 937 308657 962 513794 987 499127 988 0
2 113 115
117 3 1468 182 0.9176239757887648 0.10211151488733254 0
14 241 0 242 2492686 267 1961389 292 3228994 316 1717081 341 2079902 366 2026369 391 1965548 416 1650815 441 1666724 465 1242340 490 853447 515 1169000 516 0
0
118 1 1116 82 0.9235291001845628 0.030349109886996416 0
32 256 0 257 2012358 282 1852978 307 1603733 333 1169137 358 1478501 383 1098056 408 1040296 434 721153 459 540000 484 724689 509 969550 535 950592 560 1072959 585 964286 610 1265398 636 1129592 661 1372106 686 1338348 711 870496 737 1110590 762 970643 787 1195602 812 662669 838 585409 863 481378 888 587594 913 720096 939 563619 964 613573 989 684651 990 0
1 117
119 2 535 243 0.9132799588317551 0.06165788981843418 0
20 390 0 391 3176433 416 2501514 442 1502593 467 1856025 492 1497734 517 1405955 543 2360609 568 2936970 593 2109227 619 1320999 644 1431148 669 1408416 695 1537487 720 1122330 745 1612764 770 1960937 796 2055811 821 2048743 822 0
0
120 2 1411 51 0.9163797686945918 0.0909978493910417 0
34 210 0 211 3784593 236 3092842 261 3146120 285 4126503 310 2171405 335 2428828 360 2426145 384 2153505 409 2125966 434 2093977 459 1475795 484 1193692 508 1605668 533 1177687 558 1270002 583 1412354 607 1203414 632 763375 657 770068 682 920990 706 904480 731 942007 756 895555 781 1059441 806 1014218 830 1940957 855 2581344 880 1620975 905 1169200 929 1104023 954 1228988 979 1306714 980 0
1 119
121 2 508 33 0.9164408003796639 0.04117145845579354 0
33 57 0 58 193239 83 236624 107 167393 132 235757 157 275866 181 527592 206 957617 230 1774523 255 1700628 280 1584616 304 1613420 329 1961346 354 1385704 378 1467736 403 1819245 427 1813975 452 2032760 477 1639706 501 886478 526 636284 551 512689 575 491863 600 932339 625 726515 649 904981 674 883469 698 936568 723 1193690 748 1345322 772 1124754 797 973626 798 0
1 119
122 1 1329 265 0.91196527762642 0.13717783534712047 0
12 775 0 776 1199704 800 1173955 824 1330800 849 1275418 873 1407408 897 1104891 921 1551881 946 2332821 970 2936048 994 3271612 995 0
0
123 2 1133 105 0.927252125418036 0.05631398708698859 0
42 0 0 1 458619 26 380910 51 497733 76 408938 101 408525 126 424394 151 342302 176 643525 201 1122556 226 1789752 251 2036728 276 2314576 301 3908117 326 3216278 351 2574844 376 2031737 401 1503838 426 908871 451 1038966 476 867720 501 1306440 526 711032 551 768350 576 1201631 601 1383049 626 2992878 651 2344843 676 851840 701 1483480 726 1030842 751 1189217 776 1178508 801 1031766 826 1009585 851 774699 876 1458431 901 1916356 926 1760972 951 1912759 976 2800018 977 0
0
124 2 1446 11 0.9156838824969294 0.09231472789826096 0
27 21 0 22 1404942 47 1329525 73 1011835 98 1192542 123 1521791 148 1038553 173 849410 199 718987 224 797385 249 614914 275 499331 300 686890 325 615734 350 794480 375 1290269 401 1393728 426 782165 451 679751 477 602083 502 549747 527 1103785 552 2222759 577 2218359 603 2219626 628 2451331 629 0
1 123
125 3 1405 39 0.9191988038337449 0.14566706670565646 0
31 41 0 42 1306851 67 1017847 92 990122 117 677230 141 914186 166 1089833 191 1716482 216 3511638 241 2510497 266 1698451 291 1321849 315 940261 340 765550 365 965265 390 710477 415 1219311 440 1508084 465 880307 489 806518 514 600692 539 534767 564 821300 589 713853 614 600466 639 1030993 663 839579 688 905167 713 486696 738 392397 739 0
0
126 1 1005 98 0.9183705006065316 0.034926990637564485 0
43 5 0 6 3837684 31 2948878 55 2483525 80 1766739 105 1479729 130 1690079 155 1997180 179 3041180 204 2300362 229 1953088 253 1778737 278 1257254 303 1450966 328 1455037 353 1138331 377 1287515 402 1512907 427 820729 451 711997 476 387542 501 586390 526 347677 551 281571 575 123584 600 180419 625 229660 649 264481 674 381426 699 283326 724 140742 749 270797 773 256093 798 249650 823 215660 847 279900 872 328230 897 171105 922 173663 947 227261 971 172714 996 157056 997 0
1 125
127 2 735 412 0.9135535193620423 0.027013168947445258 0
16 428 0 429 1380889 454 1277053 478 1641998 503 1780678 528 2289063 552 1595232 577 1179968 602 905701 627 882086 651 823029 676 531517 701 582009 725 486244 750 401605 751 0
1 125
128 2 1197 202 0.9291336963248255 0.023535143863645136 0
12 665 0 666 106464 690 169868 715 217720 739 486509 763 1219289 788 1739692 812 1512570 836 1315030 861 965263 885 474792 886 0
0
129 2 593 271 0.9141864728463672 0.04022070123470192 0
15 183 0 184 1495583 209 1023370 233 1086092 257 1514839 282 1687219 307 1768507 331 1078482 355 1313580 380 734661 405 793331 429 673513 453 799464 478 787741 479 0
1 128
130 2 633 19 0.9137524606861464 0.004485595746573812 0
21 249 0 250 663687 275 771575 300 1557494 325 2014997 351 1752830 376 931191 401 831386 426 1460910 451 1036470 477 1332306 502 2102700 527 2140795 552 1784381 577 1409607 602 1217509 627 1787578 653 1493019 678 1899829 703 1234139 704 0
1 128
131 3 962 29 0.9219355388987176 0.09208717322021322 0
8 292 0 293 1063347 318 1426667 342 1641968 367 2168826 391 1080077 416 1713407 417 0
2 129 130
132 1 1099 77 0.9138584683845362 0.060763833744751555 0
39 28 0 29 1451976 54 1088778 79 569149 104 526316 128 1066755 153 1574697 178 1413724 203 1768292 228 2279804 253 3020549 278 1576051 302 1198401 327 430521 352 503594 377 441644 402 474528 427 347653 452 467418 477 769568 501 882170 526 1055055 551 1207623 576 1208708 601 959247 626 1166502 651 1324044 675 684666 700 847993 725 1080885 750 1373505 775 2165532 800 3605343 825 3362371 849 1748423 874 2603098 899 4605953 924 3243389 925 0
0
133 2 1237 141 0.9152608922983309 0.13919478577002273 0
8 147 0 148 2654790 175 2309585 201 1757243 228 1370983 254 1168946 281 1101469 282 0
1 132
134 2 1248 111 0.9182721510456733 0.14224508653495888 0
20 303 0 304 497259 329 394282 354 415947 379 401320 404 818428 428 1094616 453 1791054 478 1420040 503 1923584 528 2379735 553 1352121 578 1341752 603 860631 627 705594 652 956695 677 766717 702 885411 727 433026 728 0
2 132 133
135 1 735 292 0.9246038037243371 0.09636083268250031 0
32 75 0 76 670563 101 781417 125 846432 150 985140 174 653804 199 575682 223 464515 248 928353 272 960642 297 1056095 322 1570991 346 1374674 371 1276502 395 1379817 420 1028902 444 1450776 469 1684571 493 1675267 518 1604434 542 1293044 567 1101351 592 1204749 616 1227410 641 541860 665 306928 690 257141 714 185149 739 86936 763 72933 788 65737 789 0
0
136 1 1163 47 0.9255622380845102 0.018677811223238222 0
28 185 0 186 606233 211 562148 235 575343 260 468294 284 701163 309 879376 333 1649555 358 1126618 382 1367985 407 809144 431 581669 456 684496 480 650141 505 716434 529 598870 554 758582 578 744032 603 1273932 627 1139433 652 1089490 676 849681 701 1887012 725 1847359 750 2122231 774 2995440 799 3655112 800 0
1 135
137 1 1398 335 0.9184147192756913 0.027543683215512666 0
40 18 0 19 210517 44 145303 68 106599 93 90306 118 140156 142 141114 167 248970 192 170646 216 132707 241 152486 265 180913 290 122663 315 134210 339 283345 364 356351 389 481917 413 355882 438 407613 463 533771 487 631207 512 1125731 537 1200922 561 1366862 586 1121875 611 1321163 635 1153289 660 1798290 685 1636803 709 1579803 734 1693681 758 2254572 783 2395350 808 2196054 832 2102208 857 1274079 882 1271329 906 980235 931 819213 932 0
0
138 1 802 244 0.9253177659047128 0.14467123372534646 0
28 286 0 287 1442916 312 1194404 336 713913 361 694079 385 729318 410 841796 434 1049265 459 764809 483 712339 508 680052 533 773009 557 803746 582 875935 606 877246 631 1758104 655 2051500 680 1862282 705 1297098 729 1310506 754 1110842 778 698519 803 350440 827 321961 852 310576 876 357655 901 322508 902 0
1 137
139 1 867 81 0.9249772109165341 0.07240177912900851 0
25 222 0 223 1038327 248 492655 273 498422 299 220311 324 219400 349 259225 374 242311 399 407261 424 682432 450 1010072 475 1551330 500 1424854 525 2455994 550 3036276 576 2225979 601 2291553 626 1094543 651 1500847 676 2078349 701 2538033 727 2677154 752 2062267 777 1808561 778 0
1 137
140 1 1227 75 0.9159022167737281 0.041097972918782005 0
40 38 0 39 273039 64 188343 89 229180 113 370100 138 520092 163 285424 188 290600 212 280383 237 241565 262 354170 287 275785 311 265940 336 251307 361 476502 386 518812 410 332306 435 443453 460 366111 485 289010 509 224344 534 240361 559 251061 584 510757 608 726550 633 1300292 658 1774453 683 4144439 707 3225788 732 3283923 757 4392804 782 2742992 806 1508971 831 1202853 856 1131615 881 2291895 905 2372511 930 2997934 955 2515135 956 0
0
141 1 825 44 0.9117717907853341 0.1267427673576853 0
13 675 0 676 1387111 701 1767956 726 2179286 752 1149180 777 1578572 802 1308099 827 2029555 852 2210709 878 1359253 903 1609340 928 2025028 929 0
2 140 142
142 3 658 336 0.9120866193947076 0.13247465358696695 0
26 49 0 50 2533981 74 1160359 99 2266514 123 1996724 148 2098094 172 2493359 197 1848596 221 2953549 246 4255631 270 3151046 295 1927673 319 1551506 344 1382301 368 1192179 393 1284679 417 1026995 442 1286893 466 883752 491 1069890 515 604797 540 552764 564 370742 589 251104 613 186597 614 0
0
143 3 1249 32 0.9268187804579519 0.07110585307548543 0
38 23 0 24 1827386 49 1485936 75 1545855 100 1770233 125 3070612 150 3186926 176 3249996 201 2243774 226 1475785 252 901318 277 717225 302 816778 327 586458 353 485018 378 554518 403 677835 429 598688 454 662888 479 673470 504 819493 530 880846 555 799258 580 1185243 606 967033 631 1008585 656 1266370 681 778864 707 608025 732 1011956 757 901753 783 565300 808 514656 833 421407 858 397908 884 517939 909 592832 910 0
0
144 2 908 134 0.9135005275861451 0.048667453598190503 0
8 344 0 345 2347142 368 2356263 390 1029649 413 1174102 435 1566688 458 1114866 459 0
0
145 3 1349 341 0.9245370196614487 0.0531757729220125 0
12 30 0 31 1219189 56 1001888 80 1100352 105 934662 129 1212262 154 1608124 178 1710353 203 2731385 227 1713482 252 1335630 253 0
1 144
146 1 1177 140 0.9293694689636435 0.0894437505124059 0
35 129 0 130 4280040 155 4489154 179 2599792 204 3118105 228 2311518 253 1745814 278 1291117 302 462071 327 324758 351 490164 376 465583 401 666221 425 817540 450 565788 474 323499 499 577702 523 226280 548 346573 573 323575 597 296248 622 331860 646 250527 671 230036 696 298050 720 425570 745 618425 769 763768 794 1031242 819 401538 843 374667 868 312909 892 355729 917 402904 918 0
2 144 145
147 3 1464 362 0.9295909903299537 0.026078337329839857 0
9 81 0 82 1523119 106 932443 129 869402 153 639071 177 526954 200 884616 224 1316469 225 0
0
148 1 1496 37 0.9202748281653408 0.016205271602417654 0
19 294 0 295 485705 321 831871 346 571187 372 571353 398 617115 423 386129 449 932430 475 531535 501 792377 526 1100231 552 1052119 578 1216979 603 1388538 629 1192461 655 963291 680 1734763 706 2891107 707 0
1 147
149 3 1448 154 0.9279136284920441 0.020801330354454688 0
28 331 0 332 1411093 357 1659876 381 1596426 406 1319169 431 1582752 456 2563080 480 2738117 505 2319505 530 1625999 554 1090704 579 1251276 604 1108768 629 1534035 653 1407218 678 952892 703 797350 728 991628 752 1637920 777 906190 802 876932 826 1215782 851 1564606 876 3045566 901 2152145 925 1894456 950 942762 951 0
1 147
150 3 1071 52 0.9243180110009679 0.03411913183915486 0
10 440 0 441 1545153 467 1428811 492 2235469 518 2775399 543 1696348 569 2014021 594 1084669 620 714097 621 0
0
151 2 583 325 0.9192560095253506 0.022783308938746777 0
41 13 0 14 1440910 39 1387721 64 1321513 89 3833580 114 3928259 139 2807124 164 2692682 189 1500023 214 821826 239 1189560 264 700488 289 727386 314 552585 339 852300 364 718554 389 1329694 414 1316996 439 2233953 464 1454760 489 1016281 514 916985 539 760123 564 375791 589 335399 614 515877 639 854387 664 570788 689 818964 714 704408 739 1037898 764 1060371 789 624223 814 456427 839 359903 864 296063 889 288988 914 458108 939 331477 964 248667 965 0
1 150
152 3 1181 88 0.9125262230389354 0.10751603947041885 0
13 113 0 114 596095 138 1215984 161 933499 185 750921 209 885468 233 728509 256 1580378 280 1111891 304 1504961 327 2519034 351 5176109 352 0
0
153 2 959 380 0.9132377380054043 0.09467842395390101 0
28 339 0 340 449863 365 471871 390 544662 414 444226 439 243875 464 386303 489 412982 514 435816 538 626591 563 617340 588 798720 613 901243 638 990504 662 956939 687 1287226 712 1079662 737 2857077 762 2481677 786 2607040 811 2549865 836 2577423 861 3090317 886 3147505 910 2184292 935 3663295 960 4462288 961 0
1 152
154 1 752 372 0.9205533276323791 0.0630384366077547 0
40 11 0 12 204118 37 334777 62 422523 87 460332 112 207619 137 184099 162 249942 187 180496 212 233280 237 256376 261 242530 286 166915 311 469178 336 819115 361 621160 386 666699 411 665803 436 700176 461 697138 486 747812 511 822690 536 963174 561 1039938 586 814769 611 2356506 636 4061567 661 4218234 686 3593870 710 3596886 735 3554953 760 2947481 785 2219748 810 1942895 835 2117384 860 2990744 885 2922307 910 4085039 935 3105776 936 0
0
155 3 1112 87 0.9253794789330222 0.01041835779571561 0
19 147 0 148 606907 174 441261 199 699674 225 604009 251 594668 276 559313 302 859835 328 1434634 353 1137826 379 1534229 405 1993396 431 2395804 456 2870421 482 2398748 508 2178551 533 2925194 559 4441616 560 0
1 154
156 1 1355 89 0.9226554620521523 0.1273638759516047 0
23 485 0 486 1153570 511 1245001 536 795606 561 570053 586 734318 611 1095401 635 1343786 660 1159988 685 1174786 710 1258472 735 1001626 760 1451355 785 2292037 810 2167475 835 1482014 859 1168912 884 1307579 909 1321605 934 1172226 959 865385 984 1050619 985 0
0
157 1 955 158 0.9190114502911663 0.09184682768948951 0
13 257 0 258 1785546 283 2138254 307 2287887 332 1789752 357 1400010 381 1357093 406 1523388 431 1747714 456 1437942 480 1290103 505 1335678 506 0
1 156
158 1 505 226 0.9274487127256188 0.05443685932192101 0
32 78 0 79 567746 104 579996 129 453128 154 571286 178 581080 203 390604 228 709433 253 528316 278 983440 303 1240939 328 1252913 352 1020701 377 1720809 402 1865260 427 2187278 452 2830130 477 1924169 502 1736353 527 2285672 551 2450955 576 2310343 601 2273400 626 1044960 651 1125710 676 1192683 701 1852433 725 2291533 750 2165175 775 2943422 800 3537470 801 0
0
159 1 513 323 0.9224626740426266 0.11639786583408605 0
38 62 0 63 5238032 88 4289286 113 3108242 138 3140594 163 2682920 188 1602873 213 1703931 238 1622268 263 2469761 288 1762811 313 1927799 338 1330183 363 1637703 388 1250352 413 1359834 438 1165081 463 2020043 488 1677171 513 2278142 538 2509266 563 1137949 588 1190369 613 1216100 638 654677 663 775421 688 1050667 713 1266604 738 1157292 763 853946 788 857695 813 885166 838 789223 863 612104 888 535544 913 279221 938 355434 939 0
1 158
160 2 1472 236 0.928621629780224 0.07735271514095281 0
43 5 0 6 2243617 31 1845327 56 3366301 81 2148437 105 3123661 130 2692662 155 2784187 180 2424848 205 2435793 230 2159134 255 1454742 279 1228881 304 710744 329 578955 354 644598 379 946279 404 1301653 428 1017748 453 606419 478 470216 503 386811 528 428375 553 250355 578 123876 602 276464 627 178090 652 165739 677 197668 702 228457 727 104595 751 96511 776 92094 801 134693 826 174675 851 158605 876 154652 901 147353 925 122124 950 128321 975 147176 1000 114001 1001 0
2 158 161
161 3 1147 41 0.9259173165342693 0.08181523378833827 0
39 91 0 92 2036306 117 1355610 141 942290 166 1400438 191 1005633 215 574143 240 814409 265 1599179 289 940754 314 931112 339 668619 363 1190016 388 1098803 413 554665 437 796123 462 606074 487 391777 511 405341 536 450658 561 480044 585 603245 610 524440 635 286219 659 362901 684 375347 709 307031 733 361259 758 527092 783 901405 807 820051 832 1454901 857 1057803 881 1395363 906 2231616 931 2236193 955 3136039 980 5451062 981 0
0
162 1 1460 57 0.9155735409491119 0.1118817727925885 1
12 140 0 141 2247982 165 1432624 189 1096854 213 1715296 237 1294341 261 635327 285 401741 309 620605 333 446819 357 449606 358 0
0
163 1 1155 47 0.9226892621295704 0.011266192019791182 0
37 88 0 89 6677733 114 4119141 139 1698558 164 1583424 189 1477883 214 1423603 239 927971 264 722286 289 664072 313 1421818 338 963572 363 2284103 388 617793 413 843624 438 840760 463 606810 488 448652 513 451552 538 1478919 563 861436 588 914305 613 1463563 638 1137738 663 1057026 688 916331 713 507795 737 474300 762 380479 787 316940 812 202558 837 151872 862 193916 887 331769 912 194269 937 162107 938 0
0
164 1 1097 297 0.9117088725242489 0.12465376056169317 0
39 76 0 77 4105184 102 3594121 127 4108670 152 2125994 177 1683870 202 2546900 227 1372020 251 1392033 276 895940 301 519026 326 758311 351 908781 376 1106077 401 755192 426 1011302 451 674323 476 753460 501 505347 525 697446 550 575399 575 605981 600 295377 625 262976 650 224513 675 483415 700 539649 725 784936 750 736591 775 925604 800 1302216 825 2321074 849 3015202 874 2662085 899 2076400 924 645226 949 403513 974 654966 975 0
1 163
165 1 1190 397 0.9238176208503774 2.024754735231449e-05 0
32 114 0 115 1789372 140 1698318 166 1636992 191 1998171 216 2208149 242 2593037 267 2066870 292 2771378 317 2277654 343 3364467 368 2643133 393 1853861 419 1869513 444 1433794 469 1094806 495 2054454 520 1703847 545 2351923 571 1766143 596 1117559 621 996635 647 855673 672 802282 697 615610 722 431807 748 304745 773 274592 798 497189 824 561722 849 806464 850 0
2 163 166
166 2 697 162 0.9192791935448321 0.02630438784071184 0
42 17 0 18 2270712 43 2925170 68 2472053 92 3380117 117 2653505 142 2535905 167 1817581 191 1547666 216 1060539 241 1189965 266 884710 290 938723 315 698358 340 541538 365 384723 390 436039 414 526926 439 457537 464 582981 489 388226 513 349304 538 254545 563 298559 588 95309 612 110754 637 124449 662 122967 687 184896 712 304992 736 306623 761 445968 786 606827 811 517067 835 564940 860 531940 885 491575 910 475348 934 394733 959 347035 984 386332 985 0
0
167 3 871 104 0.9296667653729045 0.13299924319196138 0
22 381 0 382 2801398 407 3165558 433 1697809 458 1945682 483 998582 509 827438 534 844340 560 706247 585 1369879 610 780099 636 938308 661 1023716 686 1277577 712 780410 737 666822 763 681326 788 477305 813 600160 839 1106679 864 1200011 865 0
0
168 1 804 267 0.9243270115630209 0.03895041200533672 0
29 64 0 65 597594 90 1490091 116 473432 141 401985 166 252155 191 308343 217 165264 242 202290 267 307140 292 475971 318 929690 343 821717 368 1328100 393 1183035 419 2071291 444 4219895 469 2636406 495 2230439 520 1323893 545 1108777 570 2434335 596 1606951 621 1391631 646 867154 671 1236852 697 1405354 722 1977533 723 0
0
169 3 1418 24 0.9180654631022886 0.13120786259135664 0
21 215 0 216 832805 241 757512 266 1023856 291 1181217 317 1323621 342 1185100 367 1122066 392 1673813 417 1420428 443 1054957 468 1211473 493 866821 518 785414 543 668993 568 608635 593 607252 619 348720 644 635683 669 737365 670 0
1 168
170 3 759 110 0.9263218643970987 0.0860951885909665 0
35 142 0 143 3142610 168 2389814 194 1319348 219 1587897 244 1656966 270 1153037 295 788264 320 947992 346 1585572 371 1969466 396 2079400 422 1340565 447 1532795 472 1362690 498 752194 523 681871 549 526577 574 595478 599 468833 625 358371 650 247257 675 248209 701 220802 726 159550 751 152061 777 174212 802 209270 827 333571 853 504614 878 988577 903 1066889 929 1195898 954 1756195 955 0
1 169
171 2 1471 214 0.9188896515680891 0.06485329646264781 0
17 373 0 374 3522532 398 1424306 422 1368965 447 635882 471 858941 495 712922 519 1048421 543 842085 568 595290 592 520318 616 191582 640 314599 665 442002 689 507611 713 350498 714 0
0
172 2 1251 147 0.9246061847441744 0.09741876879208311 0
10 140 0 141 630493 165 711684 188 674681 212 677828 235 900853 259 1320555 282 1852683 306 2633092 307 0
1 171
173 1 1415 72 0.9265547413171955 0.0753562355955219 0
24 286 0 287 3006073 312 2617302 336 1073742 361 1027932 386 970562 411 1495406 435 1625293 460 1079669 485 1276882 509 865134 534 979114 559 697127 584 1055169 608 968575 633 714661 658 364221 682 196794 707 174538 732 164377 757 174554 781 161938 806 211644 807 0
0
174 2 1302 268 0.9289472819965385 0.1454831867836337 0
31 173 0 174 542715 199 892122 225 1014708 250 1452559 276 1078360 301 1328826 326 947361 352 716274 377 416399 403 348234 428 442202 453 626117 479 616655 504 491722 529 601318 555 316753 580 383571 606 402587 631 710716 656 1471857 682 2337932 707 3760387 733 2373172 758 3255283 783 2603617 809 4140099 834 1757392 860 1886919 885 1169564 886 0
2 173 175
175 2 857 29 0.9209676875497307 0.11997342899932394 0
18 323 0 324 445441 349 451730 374 613901 399 541480 423 784782 448 772334 473 824401 498 770728 523 630279 548 834519 573 1293352 598 2324659 622 2559365 647 2363594 672 2426957 697 1635508 698 0
0
176 3 677 389 0.9280827443021163 0.08562409252297787 0
12 637 0 638 1296819 663 1463142 688 1247142 713 999300 738 1331886 764 1910904 789 2376266 814 3339719 839 2675286 864 1920882 865 0
0
177 1 834 89 0.9284523289439323 0.025058920391973025 0
7 391 0 392 1896882 419 1141742 446 998436 473 1653974 500 1815776 501 0
1 176
178 3 1212 353 0.9200722080585115 0.1057562986006496 1
28 0 0 1 1290413 26 1074362 51 1537477 76 1112423 101 1333212 127 2098017 152 3010965 177 4116728 202 2390344 227 2354090 252 1590491 277 1164969 302 1224585 328 1466639 353 726302 378 766953 403 768586 428 599932 453 563228 478 429619 503 514593 529 435255 554 427562 579 297237 604 395775 629 255627 630 0
0
179 2 732 396 0.926267826654353 0.09791767666089703 0
16 521 0 522 549357 547 982986 572 1806770 597 1613181 621 1415864 646 1030051 671 792084 696 797397 721 506350 746 861795 770 1098757 795 1018577 820 1314828 845 1627399 846 0
1 178
180 3 730 35 0.9223063383201722 0.13415947947497728 0
24 391 0 392 1337863 417 1566770 443 1739953 468 1691769 494 1912246 519 2484827 544 2531368 570 2329634 595 1578520 620 1197041 646 823994 671 1170311 697 2198541 722 1976180 747 1608600 773 1000845 798 1091573 823 1697719 849 1126723 874 1510156 900 3890218 925 2345489 926 0
3 178 179 181
181 2 607 104 0.9191412795813635 0.07013375188044979 0
27 280 0 281 4660548 305 2194401 330 2878006 354 3272732 379 3295822 403 3158890 428 3508966 452 1506208 477 1302007 501 593216 526 1022250 550 693803 575 470384 599 205474 623 150809 648 138342 672 120831 697 141552 721 104059 746 113142 770 74613 795 74628 819 63571 844 94826 868 107332 869 0
0
182 3 580 342 0.9225245781760107 0.0003771609959895783 0
28 247 0 248 534702 273 1053756 299 817632 324 1107056 349 1036798 374 1268489 400 1087676 425 1436277 450 844866 476 642428 501 911107 526 1270099 551 845149 577 1602741 602 1375782 627 883308 652 962675 678 1942889 703 1578091 728 1496595 754 1520534 779 1254562 804 825891 829 575556 855 398351 880 261018 881 0
0
183 3 1148 193 0.9241728399589229 0.05520124767231606 0
30 19 0 20 1177342 45 1470547 69 2179579 94 2257700 119 2879851 144 2498199 168 1804088 193 1581015 218 1524574 243 1493821 267 2632429 292 2840201 317 1343843 342 1022946 366 483686 391 406145 416 508033 441 354789 465 568133 490 679316 515 941532 540 431103 564 419912 589 815422 614 930342 639 1541343 663 1293830 688 1754647 689 0
1 182
184 3 1334 351 0.923293645049912 0.04946501760860672 0
18 228 0 229 193879 253 308289 278 428423 302 403797 326 317282 351 402951 375 714569 399 837970 424 866761 448 667154 472 707834 497 677726 521 956461 545 1519864 570 1945459 594 2272539 595 0
0
185 3 1491 273 0.9186258052000817 0.012539704589317151 0
41 44 0 45 118821 70 196599 94 242435 119 254429 144 211135 169 190252 193 223853 218 304823 243 593211 267 1123864 292 1263487 317 1402340 342 2300486 366 3720513 391 2905538 416 1421777 440 1971120 465 1530366 490 1841363 515 2892051 539 1658381 564 1254939 589 1176655 613 995107 638 748212 663 628243 687 316580 712 243096 737 269178 762 325930 786 445043 811 540671 836 568871 860 712056 885 438801 910 696219 935 493336 959 660759 984 296153 985 0
1 184
186 3 1357 218 0.9118728587050942 0.05086220316927806 0
19 130 0 131 1539591 156 965584 181 911679 207 896230 232 981696 257 1246182 283 1029077 308 986958 333 723116 358 696992 383 1226399 409 1390188 434 1612899 459 1484803 485 1455528 510 606353 535 745585 536 0
0
187 3 982 286 0.9192128064928645 0.0314751693364375 0
36 135 0 136 2165318 161 1561192 186 1121691 210 1436369 235 1502962 260 1067012 285 1880154 310 1980096 334 2589004 359 2911640 384 2721036 409 2539347 433 1184199 458 1334279 483 1451368 508 1871847 533 1329173 557 978336 582 816898 607 308784 632 279837 657 229205 681 266548 706 363861 731 277705 756 435476 780 387172 805 272660 830 255016 855 124961 880 190976 904 181496 929 177989 954 115943 955 0
1 186
188 1 1069 384 0.9296062240134098 0.08324744093733678 0
16 566 0 567 1643411 592 1563735 616 1257946 641 970896 665 1253301 690 1139337 715 736344 739 1196475 764 1319145 789 2459916 813 2112934 838 1682482 862 1362405 887 1357809 888 0
0
189 3 946 212 0.9271805181579338 0.13604284123700838 0
18 360 0 361 3256664 386 2649792 410 1136085 435 1167221 459 1384990 484 997424 508 620237 533 382528 557 598822 582 539677 606 448392 631 361386 655 791721 680 568397 704 453934 729 364623 730 0
0
190 2 970 294 0.9115796447833072 0.06078284323585385 0
32 236 0 237 648700 262 1107798 287 1467302 311 1752605 336 954754 361 1089563 386 1048748 411 1259494 435 1615816 460 1243622 485 1405261 510 1113731 535 1392951 559 1096937 584 1337046 609 2234745 634 1972841 658 1166017 683 1074635 708 577192 733 620210 758 564273 782 524953 807 495395 832 385155 857 341453 882 427396 906 388364 931 485738 956 493388 957 0
0
191 3 975 36 0.9118554115443019 0.08348003110630718 0
23 413 0 414 1574396 439 2190188 465 1789304 490 2105552 515 1731806 541 1640616 566 1197601 591 1181790 616 1360157 642 737802 667 556662 692 511092 718 608804 743 465484 768 334837 793 366860 819 507655 844 444421 869 470671 895 407689 920 334012 921 0
1 190
192 3 1016 132 0.9143245698312149 0.07145769491893503 0
41 14 0 15 2632867 40 2378256 65 2635446 90 2711821 115 1632214 139 1993097 164 1877803 189 1805585 214 1212036 239 1165073 264 637923 289 500961 314 325841 339 418256 364 552807 388 871155 413 944856 438 780687 463 562423 488 415192 513 494124 538 572626 563 390365 588 620657 612 730712 637 333481 662 263916 687 179233 712 133644 737 93468 762 66310 787 107790 812 151297 837 207915 861 244198 886 256194 911 214190 936 315329 961 316586 962 0
1 191
193 3 1059 149 0.9146178320524629 0.04025436352620471 0
22 104 0 105 276918 130 289652 156 223249 181 313996 206 520846 232 585828 257 600475 283 480172 308 577145 333 749528 359 711532 384 490126 409 938796 435 932781 460 1064768 486 1684711 511 1631624 536 1395502 562 2152975 587 2703375 588 0
0
194 3 1266 146 0.9161950965761467 0.14720845423441103 0
40 9 0 10 244690 35 253484 60 268560 85 170557 109 154797 134 253656 159 199885 184 178305 209 152226 234 136663 259 136931 284 134301 308 102365 333 82628 358 68803 383 115352 408 109740 433 134632 458 543497 482 659076 507 747563 532 704719 557 747648 582 1139530 607 1253495 632 939960 656 1012852 681 849791 706 1196863 731 807633 756 1302020 781 1644955 806 2171721 831 2063789 855 1984747 880 2015002 905 3453761 930 3368001 931 0
1 193
195 3 1127 242 0.9288319846293084 0.1436725101008032 0
40 53 0 54 703128 79 800053 105 824499 130 1350147 155 1505219 180 2451104 206 2398742 231 1761347 256 1923081 282 1586562 307 1975888 332 2114258 358 1390481 383 2313692 408 2913864 433 2132170 459 1437832 484 1168086 509 1007532 535 1078961 560 1412783 585 1590886 611 1745083 636 1741053 661 1628078 686 796577 712 539097 737 360507 762 342046 788 433828 813 506131 838 417097 864 341281 889 491036 914 477004 939 405820 965 383095 990 419140 991 0
0
196 2 671 38 0.9164103760699678 0.01757889581518806 0
11 367 0 368 2580808 393 1923948 417 1872661 442 1828204 467 2798073 492 2421740 517 1406679 541 600281 566 474889 567 0
2 195 197
197 3 1013 319 0.9250716861150158 0.04300748051638607 0
9 256 0 257 574440 280 477182 304 539350 327 967402 350 1976994 374 2444913 397 1417278 398 0
0
198 2 1271 16 0.9147143907638627 0.0774807998310793 0
17 49 0 50 1437026 74 1462731 99 2649473 123 1484364 148 1668422 172 1847794 197 2249958 221 1562088 245 1933070 270 1428791 294 1116404 319 1280503 343 1457845 368 1707813 392 986774 393 0
1 197
199 3 868 280 0.928762275562565 0.038678277101541966 0
28 35 0 36 1344661 60 1206360 85 1938726 109 1892467 134 2521328 158 3896591 183 4096033 207 2090671 232 3263272 256 2687852 281 2381661 305 2519354 330 1192389 354 1071882 379 1364992 403 1143370 428 1246403 452 1229159 477 1198723 501 1109138 526 1110221 550 969106 575 1024832 599 978447 624 910762 648 771077 649 0
0
200 3 571 256 0.9205476534697474 0.09052456022595544 0
32 101 0 102 2664090 127 1499469 151 1100199 176 1238166 201 1345172 225 980872 250 1502003 275 2550939 299 2107593 324 4494124 349 3508529 373 2110584 398 2343177 423 2021150 447 2039535 472 1517016 496 2129308 521 1320751 546 1924785 570 1432393 595 1379489 620 1261971 644 1678352 669 1109564 694 1086242 718 1481994 743 1046980 768 905000 792 1061418 817 1413721 818 0
0
201 2 718 395 0.9154237639416865 0.03213167872836657 0
36 125 0 126 2385005 151 3812867 176 3106261 202 4794062 227 3775327 252 2170522 277 1120549 303 819795 328 639583 353 514882 378 887757 404 954186 429 618190 454 701081 479 983048 505 778995 530 600713 555 207979 580 155780 606 179409 631 136743 656 111372 681 283715 707 438338 732 470569 757 347958 782 207437 808 142891 833 74315 858 138821 883 191995 909 192267 934 279165 959 270549 960 0
1 200
202 2 612 384 0.9244019385583024 0.04342165717649566 0
11 718 0 719 1141270 745 919255 772 1570771 798 1409777 825 883915 851 1401570 877 1602765 904 1339869 930 1599300 931 0
0
203 1 1176 80 0.9290942385054669 0.10291425250673347 0
37 37 0 38 2206223 63 3224751 88 2793770 112 1762095 137 1157122 162 1638567 187 1071567 212 848567 236 1154516 261 782166 286 1020529 311 576770 336 476134 360 369270 385 473930 410 595345 435 1234293 459 3321134 484 1737022 509 799398 534 468659 559 561836 583 837803 608 692868 633 744499 658 612983 683 687013 707 613150 732 579731 757 934704 782 838396 807 924227 831 1303806 856 1219732 881 1175235 882 0
1 202
204 3 1134 146 0.9191985888761708 0.12944168805661252 0
14 7 0 8 1184349 33 968903 57 1014809 82 696848 107 505552 131 918206 156 1295851 180 1397527 205 1408257 230 2354828 254 1935920 279 1669428 280 0
0
205 3 750 324 0.9278430902435294 0.07071832748626979 0
34 60 0 61 1714392 86 1224029 112 1079442 137 1207917 162 1574715 187 1235014 213 1003187 238 956210 263 975541 289 875907 314 1263937 339 1259504 364 951784 390 822839 415 1214461 440 1278473 466 1186898 491 482299 516 640622 542 939414 567 995412 592 865756 617 646584 643 689097 668 715964 693 617030 719 704635 744 881560 769 1148970 794 974013 820 759511 845 1179487 846 0
0
206 3 702 24 0.9166252298061357 0.12503927018679142 0
41 11 0 12 2307028 37 2261227 63 2160751 88 1785932 113 1937796 138 1595022 164 1412979 189 1891400 214 1540589 240 1661845 265 2297022 290 2393543 315 2404656 341 2290509 366 2828048 391 1843789 417 1807012 442 2273696 467 2267166 493 2540597 518 2360310 543 2552883 568 2801307 594 1979101 619 2047001 644 1950495 670 1860969 695 2490862 720 2399721 745 1263728 771 1230443 796 1425594 821 1712093 847 1055406 872 1198406 897 1442873 922 1195036 948 1637871 973 1745785 974 0
2 205 208
207 1 799 75 0.920024960806553 0.05066765033519459 0
24 319 0 320 601886 345 583378 371 444572 396 302807 421 296463 446 419142 472 350754 497 449784 522 470069 548 645155 573 1105068 598 1123535 623 1217822 649 1208800 674 1830015 699 1704622 725 1971719 750 1851213 775 1593510 800 1488288 826 2088915 851 1083908 852 0
1 205
208 2 1327 310 0.9230282233174252 0.11163960091088664 0
42 23 0 24 1066137 49 1958016 74 2524951 99 3088241 124 2528448 149 1712524 174 1675408 199 1492826 224 1768660 249 2720208 273 2106715 298 1451264 323 1137859 348 635194 373 878993 398 913432 423 1893765 448 2069189 473 1541170 498 1611590 523 1808733 548 1318627 573 1778298 598 2496242 623 2675537 648 1936288 673 1374003 698 2322424 723 2607911 748 2104529 772 1195520 797 1291922 822 1051506 847 745721 872 669008 897 514710 922 468796 947 440272 972 673567 997 724538 998 0
0
209 2 1451 80 0.9182768913029207 0.10114264350594886 0
19 94 0 95 4362162 120 4210244 146 2612989 171 2231071 197 1804124 222 1786778 248 1213782 273 615082 299 391705 324 367547 349 322885 375 291430 400 340318 426 355754 451 306853 477 370925 502 359018 503 0
0
210 1 507 55 0.9295683863184473 0.14173065226785078 0
40 17 0 18 1381517 43 1039216 68 763735 93 746573 119 1144203 144 2507619 169 1060705 194 1298663 219 1318168 244 1734253 269 971283 294 1305464 320 2333959 345 2152024 370 2420904 395 2513889 420 1779709 445 1463550 470 2592246 496 2794092 521 2052880 546 3483759 571 1812441 596 1011346 621 677952 646 701132 672 854035 697 877854 722 1646633 747 1187624 772 1155571 797 1139228 822 881381 847 911964 873 1006013 898 726855 923 827120 948 856516 949 0
1 209
211 3 736 335 0.9179233473001392 0.09101267126350489 0
40 43 0 44 152848 69 255958 94 401136 119 246185 143 362976 168 203883 193 151984 218 131974 243 176156 268 189520 293 310044 318 719146 342 1036179 367 760052 392 560860 417 492364 442 295390 467 152067 492 274360 516 586524 541 404560 566 348673 591 355727 616 472602 641 625344 666 650277 690 527872 715 1164684 740 937826 765 1006769 790 605366 815 467970 840 473309 865 843866 889 1268525 914 2768164 939 3081411 964 3558056 965 0
0
212 2 604 277 0.9113908049773972 0.07859677348959393 0
30 16 0 17 1907032 42 2128849 66 3033497 91 3130365 116 2848177 140 2630308 165 2803564 189 1700753 214 1282813 239 1321523 263 1214110 288 800808 313 619782 337 516259 362 548842 386 679376 411 1516602 436 846073 460 1072088 485 810532 510 815506 534 1081306 559 518466 583 670801 608 591678 633 768487 657 779191 682 889808 683 0
1 211
213 2 888 405 0.9251774184215059 0.1337723547628016 0
31 300 0 301 257872 326 207574 350 459999 375 387149 400 290553 424 236650 449 301494 474 434383 498 502282 523 525614 548 471824 572 328100 597 550429 622 482113 647 566169 671 448597 696 601947 721 619791 745 669878 770 1231148 795 2333693 819 2797314 844 2410799 869 3209076 893 3388320 918 3266853 943 3121565 967 3681029 992 4982185 993 0
0
214 3 1053 93 0.9131775633422108 0.08999989644639517 0
18 623 0 624 1960422 648 2461440 673 1575992 697 1053951 722 1251006 746 1281222 770 1472555 795 1453384 819 2887426 844 3347762 868 2164195 892 2055484 917 1530170 941 928840 966 1002235 990 1163541 991 0
1 213
215 1 1241 275 0.9295510176517147 0.12314135785292482 0
43 4 0 5 2452616 30 3133420 55 1905122 80 1743837 105 1517646 129 1137979 154 1188781 179 1033325 204 1143783 229 1224593 254 983108 279 944689 303 1381868 328 1067024 353 1060216 378 1183179 403 1696926 428 1985325 453 3553853 478 2674196 503 2302800 527 3707729 552 1793652 577 1940840 602 1618656 627 1304137 652 1159069 677 1042551 701 1274130 726 909984 751 894392 776 871966 801 1026930 826 796632 851 1160970 876 1359839 901 2107583 925 1549522 950 2683001 975 2826204 1000 1828933 1001 0
0
216 2 825 350 0.9228816071477717 0.11136107540780711 0
36 181 0 182 549926 207 591041 232 645452 256 798376 281 537347 306 696540 331 673604 355 851466 380 1172561 405 718763 430 694948 454 828623 479 1496583 504 1862320 529 1893158 553 3402707 578 4218092 603 3026659 628 3976349 652 3368685 677 2521777 702 1900884 727 1820222 751 1167454 776 1448392 801 2388665 826 1806021 850 1418349 875 1280497 900 1000140 925 1243278 949 1192011 974 731631 999 754621 1000 0
2 215 217
217 3 515 38 0.9203880558724732 0.04391300537066106 0
19 56 0 57 251011 82 168414 107 227002 132 347072 157 387650 182 414088 207 1147880 232 977730 257 1339494 283 753510 308 894964 333 1629574 358 2392170 383 4423806 408 3769146 433 3704244 458 1343535 459 0
0
218 2 569 290 0.9171447539548014 0.14830339407565007 0
14 228 0 229 1305429 254 1268373 280 892617 305 894032 331 1354154 356 1067080 382 1603536 407 938693 433 606304 458 814960 484 921910 509 620930 510 0
0
219 1 635 211 0.9252307020956179 0.08927020443188166 0
27 46 0 47 872151 72 1617879 97 1365254 122 1800236 147 1519836 172 678801 197 446091 222 364778 247 834233 272 1514427 297 1732388 322 2673636 347 2289700 373 1899727 398 1578608 423 1465676 448 1630025 473 2567230 498 1571620 523 1079736 548 1261278 573 1334155 598 1659229 623 1640509 648 875785 649 0
0
220 1 965 335 0.9113522481734095 0.05839212354258497 0
22 346 0 347 2197259 372 2540138 396 1668477 421 2579051 446 2568983 470 1994666 495 1396435 519 1085951 544 968324 569 937622 593 536842 618 416746 643 231946 667 194800 692 184450 716 180260 741 536319 766 398753 790 449704 815 407564 816 0
1 219
221 2 696 52 0.9254995287731274 0.051754749840056916 0
33 21 0 22 710730 47 482058 73 345114 98 361758 123 437948 148 528099 174 995229 199 1928845 224 2719846 249 2642192 275 1363454 300 1752620 325 2999185 350 2787245 376 2622703 401 1681157 426 942753 452 1201302 477 1575438 502 1446431 527 722913 553 1258363 578 805224 603 1222511 628 1187522 654 444873 679 523178 704 408641 729 267639 755 151024 780 113466 781 0
2 219 220
222 1 929 108 0.9107470579832225 0.04391842184263667 0
18 297 0 298 3480229 323 3166405 349 2140707 374 2830132 399 1702637 424 1298735 450 1123009 475 1345889 500 1489549 525 1007003 551 1000999 576 729709 601 923224 626 904463 652 1056684 677 1333009 678 0
0
223 2 769 249 0.9196295093804207 0.06485751694194908 0
21 529 0 530 992628 555 985277 579 699468 604 1113749 628 1155555 653 2642163 678 1365572 702 2033517 727 2600437 751 3199385 776 2829410 801 1704947 825 1243460 850 1634476 875 1508679 899 1687612 924 1716068 948 2161602 973 2164750 974 0
0
224 2 1035 303 0.9119845461608537 0.07809915107042659 1
40 67 0 68 1012801 93 947156 118 1246283 143 1769072 167 1443041 192 1974653 217 1431162 242 1219661 267 906274 292 1007069 317 1136159 342 639922 366 562628 391 617904 416 497030 441 648919 466 611891 491 763811 516 742173 540 921948 565 1147798 590 1052708 615 1162768 640 1060551 665 1380727 690 2443135 714 2188171 739 1349559 764 1362948 789 2111383 814 2834425 839 1540873 864 1346490 889 1455854 913 1793824 938 1791153 963 2773388 988 4031521 989 0
1 223
225 3 808 398 0.9155167392876247 0.09833610136059541 0
41 2 0 3 458415 28 484929 53 722476 78 830933 103 1527454 129 880834 154 1481925 179 2855329 204 2618210 229 2435792 254 1917523 279 2012521 304 2068928 329 1519237 354 1731647 380 690073 405 581556 430 496706 455 735861 480 800678 505 1066198 530 1094444 555 929676 580 1040997 606 723861 631 971959 656 898758 681 1122659 706 1301037 731 1348593 756 973511 781 1189010 806 829966 831 477434 857 261035 882 223936 907 182406 932 183801 957 336343 958 0
0
226 3 1410 347 0.9172730897938935 0.05781302620441445 0
15 496 0 497 397717 523 440451 548 474545 574 1776854 599 2845919 625 1648985 651 844834 676 566970 702 613083 727 757836 753 789709 778 747761 804 604807 805 0
2 225 224
227 2 801 124 0.9291323404076764 0.02002273747375014 1
19 401 0 402 1509088 428 2345395 453 1545999 479 1342035 505 1772041 530 1880732 556 1446163 581 970974 607 1352369 633 1301857 658 1311805 684 1131243 709 1259670 735 1135402 761 1179819 786 859996 812 959544 813 0
0
228 1 1363 389 0.9296005405147758 0.08389597306046329 0
42 28 0 29 2634285 54 1729674 78 1750638 103 1959088 128 1706443 153 1332476 177 1511934 202 1806362 227 1440030 252 1041678 276 1052607 301 878286 326 940045 351 835746 375 1164468 400 1142961 425 977618 450 1874869 474 1970527 499 1257050 524 1969614 549 2140724 573 1930582 598 1707861 623 1293535 648 999860 672 893122 697 1073963 722 648545 747 339208 771 599108 796 973231 821 1164862 846 982638 870 655602 895 1012661 920 1323096 945 977997 969 1123979 994 941552 995 0
1 227
229 2 621 383 0.9182511104189373 0.07678190136924683 0
15 1 0 2 2775312 28 2165483 53 1397077 79 2134363 105 1369307 130 850941 156 672959 182 681186 207 1101040 233 1261816 259 1809140 284 1597395 310 2074386 311 0
0
230 3 1024 59 0.9204234481882184 0.03757735945973833 0
14 573 0 574 1874915 599 1921727 623 1575296 648 2289488 673 1959222 698 1488475 722 928662 747 823494 772 294120 797 352342 821 895064 846 801726 847 0
0
231 1 528 231 0.9169074531307781 0.006455818430115617 0
12 24 0 25 2654027 50 3148807 76 1663277 101 1325264 127 1201860 152 816748 178 698502 203 1158615 229 1330459 254 1746529 255 0
1 230
232 1 569 252 0.9149227223385221 0.1449227893766022 0
41 39 0 40 146434 65 100878 90 170084 114 205247 139 260641 164 450566 189 458414 214 219552 239 338300 263 234642 288 217258 313 177218 338 103133 363 140100 387 181516 412 143631 437 259042 462 316990 487 341773 511 339928 536 644257 561 510331 586 945526 611 1400969 636 1312043 660 1236959 685 1061224 710 793802 735 651932 760 1052400 784 2158467 809 4432489 834 3093890 859 3935346 884 3702931 909 3270800 933 2008654 958 3862102 983 5809738 984 0
0
233 2 559 191 0.9235727094667042 0.1315342720775894 0
12 568 0 569 465474 594 652565 619 560773 644 666617 669 486335 694 729153 719 932177 744 1287392 769 1605500 794 1765849 795 0
0
234 2 965 331 0.9161974144361166 0.034484516260648475 0
37 158 0 159 588741 184 443878 208 351604 233 487747 258 394433 283 414457 307 500828 332 323961 357 913077 382 836824 406 594721 431 762858 456 1136487 481 1686119 505 1545404 530 1317388 555 1485617 579 1740664 604 1767637 629 1275997 654 1515799 678 1975101 703 1847149 728 1570135 753 1226284 777 917124 802 853218 827 516433 852 777004 876 967597 901 1179894 926 1474490 951 1988860 975 1658177 1000 1237431 1001 0
1 233
235 3 1125 121 0.9292690474361146 0.07129645542106623 0
33 210 0 211 2873153 236 2168775 262 1315420 287 800375 312 616692 337 1212179 363 1047942 388 1252321 413 1350059 438 1163528 464 1080456 489 792566 514 558714 539 434576 565 633236 590 775509 615 979907 641 749181 666 917333 691 1083304 716 1233984 742 974647 767 868516 792 592189 817 557654 843 317912 868 400820 893 378215 918 297740 944 309410 969 270484 970 0
1 233
236 3 1454 100 0.9135389884169609 0.06769377509683736 0
39 68 0 69 1389064 94 869136 119 726241 144 729707 170 904864 195 978090 220 1189190 245 941383 270 1233499 295 1812341 320 2053772 346 1887713 371 2557110 396 2233034 421 2069876 446 1695182 471 2173858 496 1944397 521 2212180 547 3342536 572 2777853 597 2497042 622 3102128 647 4576382 672 3575286 697 2202012 723 1711460 748 1547775 773 717933 798 1047026 823 1189836 848 1358432 873 1030404 899 1025199 924 1021353 949 364636 974 413209 975 0
3 233 234 235
237 2 705 152 0.918879740300008 0.018445784043735817 0
29 257 0 258 1525156 283 849771 307 1689767 332 1041321 357 679888 381 419158 406 234929 431 606946 455 344984 480 529460 505 542140 529 994518 554 834218 579 611468 603 947208 628 1195965 652 990584 677 742208 702 923923 726 1338466 751 1821913 776 1883724 800 2004271 825 1272325 850 1417117 874 961488 899 1934982 900 0
0
238 2 1288 332 0.9183804214563234 0.1420416960796095 0
16 581 0 582 4046813 607 908222 633 1403422 658 754281 684 629176 709 1192465 735 680050 760 656900 786 489726 811 609653 837 1077129 862 622618 888 999899 913 1339581 914 0
1 237
239 3 1347 152 0.9183412889796073 0.010456410217238598 0
19 167 0 168 1639890 193 1676614 218 1720183 243 1785370 268 1295440 293 1196505 318 1305246 343 1660539 368 1362267 393 1617954 418 970629 443 1332709 468 1337568 493 1519009 518 1167672 543 1525379 568 1517255 569 0
2 237 238
240 1 692 39 0.9247077253650637 0.05637282610190631 0
33 1 0 2 2039212 27 1407586 52 1627811 76 1181183 101 953876 126 632068 151 571996 176 1178443 200 1188307 225 998993 250 572481 275 672765 300 742575 324 1224369 349 1635625 374 1104540 399 730995 424 1036888 448 573727 473 1265954 498 864977 523 1349124 548 895800 572 1703342 597 1632400 622 1563167 647 1550592 672 1723478 696 2056270 721 1120677 746 1016592 747 0
0
241 2 1196 315 0.9263295884181382 0.013815866209842381 0
16 609 0 610 1359774 635 1342153 660 1196364 685 845237 710 1015846 735 844028 760 658442 786 1031453 811 1132401 836 1098540 861 1400689 886 1649284 911 2109091 936 2552911 937 0
1 240
242 2 678 51 0.9254172689392893 0.013324634335284491 0
17 2 0 3 463657 27 490860 51 392323 75 330656 99 352635 123 324166 147 432493 171 444526 196 701406 220 922925 244 1808862 268 1441741 292 2247092 316 1179372 340 995280 341 0
0
243 2 819 32 0.9102220035067351 0.12360328709110646 0
36 38 0 39 23843 64 24980 89 37132 114 45702 139 50458 164 78700 188 99221 213 101818 238 121729 263 100076 288 136059 313 123669 338 111760 363 142306 388 152680 413 165810 438 177478 462 167412 487 139914 512 240443 537 194584 562 431861 587 372783 612 327693 637 467152 662 547563 687 558959 712 695209 736 691460 761 969155 786 1747584 811 1720851 836 3226319 861 3845283 862 0
1 242
244 1 1446 52 0.9192478970521007 0.07382481290007459 0
8 718 0 719 872577 743 812674 767 1240591 790 1363208 814 1087206 838 1357438 839 0
1 243
245 3 1337 207 0.9298527714822702 0.06824864837145858 0
35 127 0 128 5926923 153 3372251 177 3357696 202 2614274 227 3730760 251 1816008 276 1181957 301 1390006 325 845612 350 670456 375 473224 399 555458 424 620965 449 651576 473 463599 498 367300 523 363226 547 583669 572 744159 596 1129599 621 1190857 646 1054381 670 1683468 695 1712241 720 1808241 744 2080534 769 1260290 794 904793 818 1205218 843 1404208 868 833790 892 913429 917 588306 918 0
0
246 3 805 196 0.9252019051164082 0.05277718811894019 0
34 204 0 205 701921 230 395029 255 320146 280 435467 306 405440 331 455280 356 670621 381 737989 406 1634312 431 1889405 456 3726575 481 2988348 507 2496332 532 4380158 557 3313523 582 2383714 607 1269719 632 1202210 657 1138294 682 899477 708 434712 733 561382 758 955073 783 823253 808 718286 833 879355 858 958956 883 1166771 909 872081 934 855206 959 809542 984 1302559 985 0
1 245
247 1 1177 262 0.9210665368111287 0.1009161622229806 0
17 93 0 94 1110206 119 970106 144 1306870 169 960790 193 1027003 218 1051848 243 1483301 268 1909474 293 1489730 318 1063837 343 509914 367 687728 392 603854 417 551344 442 692216 443 0
0
248 3 753 111 0.9126430827810221 0.049488539449087696 0
23 327 0 328 1919115 353 1444645 379 1887201 404 2392711 430 1906887 455 1107426 481 1195835 506 796466 532 1354964 557 994230 583 1001772 608 1306857 633 1087212 659 473496 684 638444 710 482658 735 339333 761 482598 786 481888 812 537491 837 524795 838 0
2 247 249
249 1 583 261 0.9189783775494904 0.11559265379716917 0
31 35 0 36 2253992 61 2709480 86 3282182 111 2990040 136 1785996 161 2182143 186 2514634 211 1380583 236 1570811 261 2381722 286 1902322 311 1447317 336 1321602 361 1390190 385 1304468 410 1090936 435 1762940 460 1597718 485 1645594 510 2759661 535 1888410 560 1357117 585 1493021 610 856141 635 460563 660 454589 685 473448 710 444325 735 530275 736 0
0
250 2 1293 93 0.9256612117643301 0.10901314138340558 0
39 87 0 88 3274920 113 3219230 139 2445677 164 2639912 189 2446918 214 1408427 239 1311502 265 923645 290 796278 315 1060105 341 1132903 366 1123104 391 826487 416 1474540 441 1125716 467 1060229 492 982355 517 780330 543 459840 568 606473 593 825791 618 727160 643 691714 669 753535 694 936268 719 820736 745 728070 770 629632 795 564204 820 712366 845 760215 871 800991 896 667772 921 633972 947 621840 972 455515 997 619138 998 0
1 249
7 5 41807107231714521
0.93226412769381872 0.067679106502696304 5.6765803484833344e-05 0 0 0 0 
0.055709365137404376 0.86369382517796467 0.080466077775187952 0.00013073190944299325 0 0 0 
0.0029719011276661766 0.1897120934122849 0.55130842421775428 0.25591607052196474 9.1510720329948843e-05 0 0 
0 0.0028797015959390821 0.079808851493291866 0.8682441247856606 0.047932982218481461 0.0011343399066269899 0 
0 0 1.1672164114947846e-08 0.14907521642044055 0.83732026274035776 0.013435401106582045 0.00016910806045539303 
0 0 0 0.00062404586588914602 0.074789566963058995 0.85399506441855177 0.070591322752500102 
0 0 0 0 0.00095739138302628434 0.32721784069250265 0.6718247679244711 
7 0 0 0 0 0 0 0
0.011045267447559994 0.9987565604431315 1.7775994091917195
