A
300
837 1412
1 126.0 68.0
2 126.0 69.0
3 125.0 68.0
4 125.0 69.0
5 103.0 44.0
6 104.0 44.0
7 102.0 44.0
8 102.0 43.0
9 103.0 43.0
10 103.0 42.0
11 103.0 40.0
12 104.0 40.0
13 103.0 41.0
14 93.0 39.0
15 94.0 39.0
16 102.0 40.0
17 101.0 44.0
18 100.0 43.0
19 100.0 44.0
20 101.0 43.0
21 100.0 42.0
22 101.0 42.0
23 114.0 55.0
24 114.0 56.0
25 99.0 46.0
26 100.0 46.0
27 100.0 45.0
28 112.0 34.0
29 113.0 34.0
30 96.0 47.0
31 96.0 48.0
32 117.0 66.0
33 118.0 66.0
34 96.0 46.0
35 102.0 41.0
36 104.0 54.0
37 105.0 54.0
38 97.0 42.0
39 98.0 42.0
40 118.0 50.0
41 119.0 50.0
42 96.0 44.0
43 97.0 44.0
44 98.0 45.0
45 99.0 45.0
46 97.0 43.0
47 96.0 42.0
48 107.0 51.0
49 107.0 52.0
50 104.0 35.0
51 104.0 36.0
52 116.0 50.0
53 117.0 50.0
54 102.0 36.0
55 103.0 36.0
56 104.0 33.0
57 104.0 34.0
58 103.0 33.0
59 103.0 34.0
60 102.0 33.0
61 101.0 32.0
62 102.0 32.0
63 100.0 34.0
64 101.0 34.0
65 101.0 33.0
66 113.0 55.0
67 100.0 33.0
68 100.0 32.0
69 95.0 42.0
70 95.0 43.0
71 111.0 52.0
72 112.0 52.0
73 99.0 38.0
74 100.0 38.0
75 90.0 13.0
76 90.0 14.0
77 97.0 37.0
78 98.0 37.0
79 98.0 38.0
80 104.0 48.0
81 105.0 48.0
82 124.0 39.0
83 125.0 39.0
84 102.0 42.0
85 112.0 54.0
86 113.0 54.0
87 116.0 56.0
88 116.0 57.0
89 98.0 43.0
90 94.0 44.0
91 95.0 44.0
92 101.0 50.0
93 101.0 51.0
94 94.0 42.0
95 95.0 38.0
96 96.0 38.0
97 94.0 38.0
98 95.0 37.0
99 104.0 45.0
100 94.0 37.0
101 108.0 46.0
102 108.0 47.0
103 95.0 36.0
104 94.0 36.0
105 94.0 40.0
106 93.0 40.0
107 93.0 38.0
108 92.0 38.0
109 96.0 36.0
110 92.0 12.0
111 92.0 13.0
112 95.0 35.0
113 94.0 35.0
114 127.0 37.0
115 127.0 38.0
116 105.0 45.0
117 105.0 46.0
118 98.0 44.0
119 82.0 36.0
120 82.0 37.0
121 98.0 46.0
122 99.0 36.0
123 100.0 36.0
124 81.0 37.0
125 81.0 38.0
126 106.0 48.0
127 106.0 49.0
128 80.0 37.0
129 117.0 49.0
130 67.0 38.0
131 68.0 38.0
132 104.0 42.0
133 66.0 38.0
134 66.0 39.0
135 91.0 14.0
136 92.0 14.0
137 96.0 35.0
138 88.0 14.0
139 88.0 15.0
140 91.0 13.0
141 115.0 40.0
142 115.0 41.0
143 115.0 54.0
144 116.0 54.0
145 90.0 12.0
146 91.0 12.0
147 89.0 16.0
148 90.0 16.0
149 89.0 15.0
150 113.0 48.0
151 114.0 48.0
152 102.0 35.0
153 103.0 35.0
154 109.0 46.0
155 90.0 11.0
156 120.0 38.0
157 120.0 39.0
158 89.0 11.0
159 90.0 10.0
160 89.0 12.0
161 88.0 11.0
162 88.0 12.0
163 89.0 9.0
164 90.0 9.0
165 89.0 10.0
166 88.0 10.0
167 93.0 1.0
168 94.0 1.0
169 92.0 2.0
170 93.0 2.0
171 92.0 1.0
172 93.0 0.0
173 88.0 8.0
174 88.0 9.0
175 87.0 9.0
176 87.0 10.0
177 103.0 32.0
178 104.0 32.0
179 119.0 66.0
180 86.0 8.0
181 87.0 8.0
182 86.0 9.0
183 82.0 11.0
184 82.0 12.0
185 80.0 12.0
186 81.0 12.0
187 102.0 34.0
188 120.0 66.0
189 120.0 67.0
190 81.0 10.0
191 81.0 11.0
192 80.0 10.0
193 117.0 55.0
194 117.0 56.0
195 104.0 43.0
196 112.0 36.0
197 113.0 36.0
198 125.0 50.0
199 126.0 50.0
200 115.0 55.0
201 109.0 52.0
202 110.0 52.0
203 125.0 40.0
204 95.0 34.0
205 114.0 50.0
206 114.0 51.0
207 99.0 53.0
208 100.0 53.0
209 118.0 53.0
210 119.0 53.0
211 102.0 48.0
212 103.0 48.0
213 114.0 64.0
214 114.0 65.0
215 109.0 50.0
216 110.0 50.0
217 100.0 35.0
218 101.0 35.0
219 97.0 50.0
220 98.0 50.0
221 98.0 36.0
222 106.0 52.0
223 125.0 66.0
224 125.0 67.0
225 117.0 57.0
226 80.0 36.0
227 81.0 36.0
228 99.0 50.0
229 100.0 50.0
230 109.0 58.0
231 110.0 58.0
232 97.0 47.0
233 98.0 47.0
234 125.0 51.0
235 126.0 51.0
236 100.0 54.0
237 100.0 55.0
238 68.0 39.0
239 109.0 48.0
240 110.0 48.0
241 124.0 67.0
242 124.0 68.0
243 85.0 38.0
244 85.0 39.0
245 114.0 52.0
246 114.0 53.0
247 96.0 53.0
248 96.0 54.0
249 121.0 38.0
250 121.0 39.0
251 67.0 39.0
252 110.0 53.0
253 110.0 54.0
254 100.0 52.0
255 101.0 52.0
256 99.0 44.0
257 98.0 51.0
258 99.0 51.0
259 89.0 8.0
260 98.0 52.0
261 99.0 52.0
262 100.0 51.0
263 124.0 55.0
264 124.0 56.0
265 96.0 43.0
266 92.0 39.0
267 113.0 41.0
268 113.0 42.0
269 104.0 46.0
270 121.0 36.0
271 122.0 36.0
272 124.0 54.0
273 105.0 49.0
274 58.0 5.0
275 58.0 6.0
276 108.0 53.0
277 108.0 54.0
278 89.0 14.0
279 119.0 33.0
280 120.0 33.0
281 90.0 8.0
282 88.0 16.0
283 102.0 50.0
284 102.0 51.0
285 119.0 52.0
286 120.0 52.0
287 97.0 48.0
288 98.0 48.0
289 115.0 42.0
290 114.0 41.0
291 114.0 42.0
292 116.0 39.0
293 116.0 40.0
294 126.0 67.0
295 118.0 49.0
296 94.0 0.0
297 80.0 11.0
298 107.0 49.0
299 108.0 49.0
300 117.0 34.0
301 117.0 35.0
302 96.0 37.0
303 106.0 45.0
304 106.0 46.0
305 126.0 36.0
306 126.0 37.0
307 112.0 48.0
308 94.0 34.0
309 112.0 50.0
310 112.0 51.0
311 114.0 34.0
312 115.0 34.0
313 127.0 49.0
314 128.0 49.0
315 84.0 40.0
316 85.0 40.0
317 96.0 34.0
318 110.0 47.0
319 97.0 38.0
320 94.0 2.0
321 122.0 34.0
322 123.0 34.0
323 60.0 4.0
324 60.0 5.0
325 86.0 39.0
326 112.0 40.0
327 112.0 41.0
328 94.0 43.0
329 98.0 54.0
330 99.0 54.0
331 116.0 49.0
332 110.0 59.0
333 110.0 60.0
334 115.0 32.0
335 115.0 33.0
336 84.0 38.0
337 101.0 36.0
338 120.0 40.0
339 97.0 46.0
340 112.0 37.0
341 126.0 40.0
342 127.0 40.0
343 96.0 51.0
344 96.0 52.0
345 110.0 61.0
346 110.0 62.0
347 98.0 55.0
348 99.0 55.0
349 121.0 32.0
350 121.0 33.0
351 113.0 50.0
352 109.0 51.0
353 60.0 6.0
354 128.0 37.0
355 128.0 38.0
356 124.0 49.0
357 124.0 50.0
358 113.0 51.0
359 113.0 52.0
360 59.0 5.0
361 59.0 6.0
362 118.0 34.0
363 118.0 35.0
364 58.0 4.0
365 104.0 49.0
366 59.0 4.0
367 112.0 42.0
368 86.0 38.0
369 125.0 38.0
370 126.0 38.0
371 99.0 48.0
372 100.0 48.0
373 105.0 44.0
374 97.0 51.0
375 66.0 40.0
376 127.0 50.0
377 128.0 50.0
378 118.0 55.0
379 100.0 49.0
380 123.0 37.0
381 123.0 38.0
382 118.0 56.0
383 119.0 56.0
384 106.0 50.0
385 106.0 51.0
386 104.0 41.0
387 113.0 49.0
388 84.0 39.0
389 120.0 53.0
390 92.0 40.0
391 127.0 54.0
392 127.0 55.0
393 82.0 38.0
394 112.0 39.0
395 113.0 39.0
396 119.0 49.0
397 115.0 52.0
398 115.0 53.0
399 126.0 66.0
400 128.0 55.0
401 128.0 56.0
402 118.0 67.0
403 120.0 56.0
404 86.0 10.0
405 97.0 53.0
406 98.0 53.0
407 111.0 63.0
408 112.0 63.0
409 125.0 37.0
410 119.0 55.0
411 120.0 55.0
412 92.0 0.0
413 120.0 54.0
414 110.0 56.0
415 110.0 57.0
416 111.0 48.0
417 111.0 49.0
418 127.0 51.0
419 127.0 52.0
420 110.0 49.0
421 121.0 34.0
422 97.0 36.0
423 90.0 15.0
424 126.0 39.0
425 127.0 39.0
426 116.0 52.0
427 125.0 55.0
428 124.0 36.0
429 125.0 36.0
430 97.0 52.0
431 116.0 55.0
432 99.0 37.0
433 119.0 35.0
434 98.0 56.0
435 99.0 56.0
436 112.0 62.0
437 119.0 32.0
438 120.0 32.0
439 67.0 40.0
440 100.0 37.0
441 110.0 51.0
442 109.0 59.0
443 115.0 56.0
444 106.0 54.0
445 112.0 49.0
446 121.0 40.0
447 125.0 56.0
448 112.0 47.0
449 109.0 60.0
450 109.0 61.0
451 97.0 54.0
452 107.0 53.0
453 109.0 57.0
454 124.0 48.0
455 115.0 39.0
456 128.0 51.0
457 120.0 34.0
458 120.0 35.0
459 99.0 49.0
460 112.0 64.0
461 121.0 35.0
462 111.0 47.0
463 122.0 37.0
464 114.0 32.0
465 110.0 55.0
466 111.0 55.0
467 128.0 48.0
468 121.0 68.0
469 122.0 68.0
470 118.0 33.0
471 114.0 40.0
472 115.0 38.0
473 116.0 41.0
474 116.0 42.0
475 113.0 40.0
476 123.0 36.0
477 128.0 54.0
478 102.0 49.0
479 103.0 49.0
480 113.0 38.0
481 109.0 47.0
482 108.0 48.0
483 96.0 49.0
484 97.0 49.0
485 110.0 46.0
486 111.0 46.0
487 112.0 46.0
488 105.0 53.0
489 96.0 50.0
490 98.0 49.0
491 108.0 55.0
492 117.0 65.0
493 118.0 65.0
494 106.0 44.0
495 122.0 35.0
496 117.0 53.0
497 117.0 54.0
498 100.0 56.0
499 108.0 50.0
500 118.0 64.0
501 112.0 55.0
502 102.0 52.0
503 103.0 50.0
504 108.0 51.0
505 108.0 52.0
506 109.0 56.0
507 126.0 52.0
508 104.0 50.0
509 105.0 50.0
510 113.0 56.0
511 125.0 54.0
512 107.0 48.0
513 107.0 50.0
514 116.0 65.0
515 116.0 66.0
516 118.0 54.0
517 126.0 54.0
518 104.0 52.0
519 105.0 52.0
520 124.0 51.0
521 104.0 53.0
522 127.0 36.0
523 106.0 53.0
524 107.0 54.0
525 116.0 34.0
526 106.0 55.0
527 107.0 55.0
528 106.0 56.0
529 107.0 56.0
530 108.0 56.0
531 111.0 50.0
532 111.0 51.0
533 109.0 53.0
534 109.0 54.0
535 111.0 61.0
536 112.0 61.0
537 109.0 55.0
538 111.0 54.0
539 126.0 55.0
540 111.0 56.0
541 112.0 56.0
542 124.0 32.0
543 124.0 33.0
544 116.0 58.0
545 117.0 58.0
546 116.0 35.0
547 112.0 33.0
548 113.0 33.0
549 120.0 50.0
550 108.0 60.0
551 108.0 61.0
552 116.0 48.0
553 117.0 48.0
554 108.0 57.0
555 108.0 58.0
556 123.0 32.0
557 108.0 59.0
558 123.0 33.0
559 124.0 52.0
560 125.0 52.0
561 111.0 60.0
562 111.0 62.0
563 114.0 39.0
564 112.0 60.0
565 82.0 10.0
566 112.0 32.0
567 80.0 38.0
568 113.0 32.0
569 114.0 33.0
570 116.0 32.0
571 116.0 33.0
572 118.0 57.0
573 113.0 37.0
574 119.0 54.0
575 112.0 38.0
576 114.0 36.0
577 114.0 37.0
578 114.0 38.0
579 120.0 68.0
580 128.0 36.0
581 116.0 38.0
582 116.0 36.0
583 119.0 48.0
584 119.0 36.0
585 117.0 36.0
586 118.0 36.0
587 118.0 32.0
588 119.0 34.0
589 119.0 67.0
590 120.0 36.0
591 120.0 48.0
592 114.0 49.0
593 122.0 32.0
594 122.0 33.0
595 124.0 66.0
596 124.0 34.0
597 122.0 38.0
598 122.0 39.0
599 122.0 40.0
600 124.0 37.0
601 124.0 38.0
602 124.0 40.0
603 128.0 39.0
604 128.0 40.0
605 114.0 54.0
606 116.0 53.0
607 117.0 64.0
608 118.0 48.0
609 119.0 68.0
610 120.0 49.0
611 117.0 52.0
612 118.0 52.0
613 118.0 58.0
614 107.0 60.0
615 125.0 48.0
616 125.0 49.0
617 126.0 48.0
618 126.0 49.0
619 127.0 48.0
620 86.0 40.0
621 128.0 52.0
622 126.0 56.0
623 127.0 56.0
624 124.0 69.0
625 113.0 64.0
626 116.0 64.0
627 122.0 69.0
628 128.0 66.0
629 128.0 68.0
630 128.0 64.0
631 124.0 64.0
632 120.0 64.0
633 82.0 14.0
634 84.0 14.0
635 82.0 16.0
636 72.0 34.0
637 74.0 34.0
638 80.0 14.0
639 80.0 16.0
640 76.0 34.0
641 76.0 36.0
642 120.0 58.0
643 84.0 12.0
644 84.0 10.0
645 82.0 8.0
646 84.0 8.0
647 80.0 8.0
648 70.0 32.0
649 70.0 34.0
650 76.0 32.0
651 78.0 32.0
652 82.0 46.0
653 84.0 46.0
654 106.0 36.0
655 108.0 36.0
656 114.0 60.0
657 86.0 36.0
658 88.0 36.0
659 84.0 52.0
660 86.0 52.0
661 106.0 32.0
662 106.0 34.0
663 98.0 40.0
664 114.0 62.0
665 64.0 36.0
666 66.0 36.0
667 108.0 34.0
668 64.0 38.0
669 68.0 36.0
670 68.0 32.0
671 68.0 34.0
672 88.0 52.0
673 88.0 54.0
674 48.0 10.0
675 50.0 10.0
676 88.0 38.0
677 126.0 64.0
678 38.0 20.0
679 40.0 20.0
680 120.0 62.0
681 122.0 62.0
682 58.0 8.0
683 96.0 56.0
684 86.0 12.0
685 84.0 54.0
686 124.0 62.0
687 116.0 60.0
688 92.0 36.0
689 50.0 12.0
690 86.0 54.0
691 92.0 34.0
692 48.0 12.0
693 128.0 70.0
694 92.0 32.0
695 92.0 42.0
696 92.0 44.0
697 56.0 4.0
698 106.0 42.0
699 84.0 34.0
700 84.0 36.0
701 98.0 34.0
702 64.0 40.0
703 92.0 4.0
704 96.0 0.0
705 96.0 2.0
706 112.0 44.0
707 120.0 60.0
708 56.0 6.0
709 72.0 32.0
710 74.0 32.0
711 52.0 10.0
712 52.0 12.0
713 78.0 34.0
714 108.0 44.0
715 110.0 44.0
716 126.0 58.0
717 126.0 60.0
718 96.0 40.0
719 128.0 58.0
720 70.0 36.0
721 124.0 58.0
722 50.0 8.0
723 40.0 22.0
724 80.0 32.0
725 80.0 34.0
726 124.0 60.0
727 122.0 64.0
728 114.0 44.0
729 52.0 8.0
730 106.0 40.0
731 56.0 8.0
732 72.0 36.0
733 96.0 32.0
734 82.0 40.0
735 128.0 60.0
736 84.0 16.0
737 82.0 34.0
738 94.0 4.0
739 96.0 4.0
740 82.0 44.0
741 84.0 44.0
742 100.0 40.0
743 80.0 48.0
744 82.0 48.0
745 108.0 32.0
746 98.0 32.0
747 94.0 32.0
748 78.0 36.0
749 48.0 8.0
750 86.0 14.0
751 86.0 16.0
752 112.0 58.0
753 116.0 44.0
754 92.0 8.0
755 92.0 10.0
756 74.0 36.0
757 92.0 16.0
758 82.0 32.0
759 84.0 32.0
760 122.0 60.0
761 88.0 40.0
762 80.0 46.0
763 84.0 48.0
764 118.0 60.0
765 84.0 56.0
766 86.0 56.0
767 88.0 56.0
768 108.0 40.0
769 108.0 42.0
770 116.0 62.0
771 104.0 56.0
772 60.0 8.0
773 76.0 40.0
774 84.0 28.0
775 44.0 20.0
776 88.0 4.0
777 92.0 28.0
778 44.0 16.0
779 48.0 16.0
780 64.0 28.0
781 68.0 28.0
782 120.0 44.0
783 40.0 16.0
784 64.0 8.0
785 88.0 20.0
786 96.0 8.0
787 96.0 12.0
788 92.0 24.0
789 36.0 16.0
790 64.0 32.0
791 88.0 44.0
792 84.0 24.0
793 88.0 24.0
794 48.0 20.0
795 72.0 40.0
796 52.0 16.0
797 56.0 16.0
798 96.0 28.0
799 80.0 28.0
800 60.0 0.0
801 88.0 0.0
802 84.0 20.0
803 32.0 16.0
804 88.0 28.0
805 56.0 12.0
806 64.0 4.0
807 44.0 24.0
808 68.0 24.0
809 72.0 24.0
810 56.0 0.0
811 80.0 56.0
812 64.0 24.0
813 64.0 0.0
814 80.0 52.0
815 92.0 48.0
816 96.0 16.0
817 84.0 60.0
818 88.0 32.0
819 72.0 28.0
820 88.0 60.0
821 128.0 32.0
822 80.0 20.0
823 80.0 24.0
824 104.0 60.0
825 96.0 24.0
826 48.0 24.0
827 36.0 20.0
828 88.0 48.0
829 80.0 0.0
830 64.0 16.0
831 48.0 0.0
832 72.0 16.0
833 96.0 64.0
834 64.0 48.0
835 32.0 0.0
836 0.0 0.0
837 128.0 0.0
804 818 4
803 835 16
784 830 8
784 806 4
783 789 4
781 819 4
781 808 4
780 812 4
780 781 4
779 796 4
779 794 4
778 783 4
778 779 4
777 798 4
777 804 4
777 788 4
776 801 4
775 778 4
775 807 4
775 794 4
774 792 4
774 804 4
774 799 4
772 784 4
771 824 4
768 769 2
767 820 4
766 767 2
765 811 4
765 817 4
765 766 2
763 828 4
761 791 4
759 818 4
759 774 4
758 759 2
757 816 4
754 786 4
754 755 2
753 782 4
750 751 2
749 831 8
744 763 2
743 744 2
741 791 4
740 741 2
739 786 4
738 739 2
737 758 2
736 802 4
736 751 2
733 798 4
733 747 2
733 746 2
732 795 4
732 756 2
731 805 4
730 768 2
729 731 4
728 753 2
726 760 2
725 737 2
724 799 4
724 758 2
724 725 2
722 749 2
722 729 2
721 726 2
720 732 2
719 735 2
717 735 2
717 726 2
716 719 2
716 721 2
716 717 2
714 769 2
714 715 2
713 725 2
713 748 2
712 796 4
712 805 4
711 729 2
711 712 2
709 819 4
709 710 2
708 731 2
707 760 2
707 764 2
706 715 2
706 728 2
705 739 2
704 837 32
704 705 2
703 754 4
703 776 4
703 738 2
702 834 8
701 746 2
699 759 2
699 737 2
699 700 2
698 769 2
698 730 2
697 810 4
697 708 2
696 815 4
696 791 4
695 696 2
694 777 4
694 818 4
694 747 2
692 779 4
691 694 2
690 766 2
689 692 2
689 712 2
688 691 2
687 764 2
687 770 2
686 726 2
685 765 2
685 690 2
684 750 2
683 833 8
683 767 8
682 772 2
682 731 2
681 760 2
681 727 2
681 686 2
680 707 2
680 681 2
679 783 4
679 775 4
679 723 2
678 679 2
676 761 2
675 711 2
675 722 2
675 689 2
674 749 2
674 692 2
674 675 2
673 690 2
673 767 2
672 828 4
672 673 2
670 781 4
670 790 4
670 671 2
669 720 2
669 671 2
668 702 2
667 745 2
666 669 2
665 790 4
665 668 2
665 666 2
664 770 2
663 718 2
663 742 2
662 667 2
661 745 2
661 662 2
660 672 2
660 690 2
659 763 4
659 814 4
659 685 2
659 660 2
658 688 4
658 818 4
658 676 2
657 700 2
657 658 2
656 664 2
656 687 2
655 768 4
655 667 2
654 662 2
654 655 2
653 741 2
653 763 2
652 740 2
652 744 2
652 762 2
652 653 2
651 724 2
651 713 2
650 710 2
650 651 2
649 671 2
649 720 2
648 709 2
648 670 2
648 649 2
647 829 8
645 647 2
645 646 2
644 646 2
643 684 2
643 644 2
642 707 2
641 773 4
641 756 2
641 748 2
640 713 2
640 650 2
640 641 2
639 832 8
639 822 4
638 639 2
637 640 2
637 710 2
637 756 2
636 649 2
636 732 2
636 709 2
636 637 2
635 736 2
635 639 2
634 750 2
634 736 2
634 643 2
633 638 2
633 635 2
633 634 2
632 680 2
632 727 2
631 686 2
631 727 2
631 677 2
630 735 4
630 677 2
629 693 2
628 630 2
628 629 2
626 770 2
622 716 2
622 623 1
620 761 2
617 619 1
617 618 1
616 618 1
615 617 1
615 616 1
613 642 2
613 764 2
611 612 1
607 626 1
603 604 1
600 601 1
599 602 2
598 599 1
597 598 1
595 631 2
593 594 1
591 782 4
591 610 1
589 609 1
585 586 1
584 590 1
584 586 1
583 608 1
583 591 1
582 585 1
581 582 2
580 821 4
577 578 1
576 582 2
576 577 1
573 577 1
572 613 1
570 587 2
570 571 1
566 745 4
566 568 1
565 645 2
565 644 2
564 752 2
564 656 2
563 578 1
561 564 1
559 560 1
558 594 1
556 593 1
556 558 1
555 557 1
554 555 1
553 608 1
552 753 4
552 553 1
550 614 1
550 557 1
550 551 1
549 610 1
548 569 1
548 568 1
547 566 1
547 548 1
546 582 1
545 613 1
544 687 2
544 545 1
543 558 1
543 596 1
542 821 4
542 556 1
542 543 1
251 439 1
250 598 1
250 446 1
235 418 1
235 507 1
224 241 1
224 294 1
223 399 1
223 595 1
223 224 1
207 406 1
207 330 1
207 261 1
207 208 1
206 245 1
206 358 1
205 592 1
205 351 1
205 206 1
204 317 1
204 308 1
203 341 1
203 602 1
202 252 1
202 441 1
201 533 1
201 505 1
201 352 1
201 202 1
200 443 1
200 431 1
199 376 1
199 618 1
199 235 1
198 616 1
198 357 1
198 234 1
198 199 1
197 576 1
197 573 1
196 655 4
196 340 1
196 197 1
194 382 1
194 225 1
193 431 1
193 497 1
193 378 1
193 194 1
192 647 2
192 297 1
191 297 1
190 565 1
190 192 1
190 191 1
189 589 1
189 579 1
188 632 2
188 189 1
186 191 1
185 638 2
185 297 1
185 186 1
184 643 2
184 633 2
184 186 1
183 565 1
183 191 1
183 184 1
182 404 1
180 646 2
180 182 1
180 181 1
179 188 1
179 589 1
178 661 2
177 178 1
176 404 1
175 182 1
175 181 1
175 176 1
174 175 1
173 776 4
173 181 1
173 259 1
173 174 1
172 412 1
172 296 1
171 412 1
541 752 2
170 320 1
540 541 1
169 703 2
169 171 1
169 170 1
539 622 1
168 296 1
168 320 1
167 170 1
167 172 1
167 171 1
167 168 1
536 564 1
166 176 1
166 174 1
535 562 1
535 561 1
535 536 1
165 166 1
534 537 1
164 281 1
533 534 1
163 259 1
163 165 1
163 174 1
163 164 1
162 684 2
161 166 1
161 162 1
531 532 1
160 162 1
530 554 1
159 755 2
159 165 1
159 164 1
529 530 1
158 165 1
158 161 1
158 160 1
528 771 2
528 529 1
157 250 1
157 338 1
527 529 1
156 590 2
156 249 1
156 157 1
526 528 1
526 527 1
155 159 1
155 158 1
525 571 1
525 546 1
154 485 1
154 481 1
524 527 1
152 218 1
152 187 1
152 153 1
522 580 1
151 552 2
151 592 1
150 387 1
150 307 1
150 151 1
520 559 1
149 423 1
149 278 1
517 539 1
148 757 2
148 423 1
516 574 1
147 282 1
147 149 1
147 148 1
514 626 1
514 515 1
145 160 1
145 155 1
145 146 1
144 606 1
144 497 1
144 431 1
143 605 1
143 200 1
143 398 1
143 144 1
511 517 1
142 290 1
142 473 1
142 289 1
141 471 1
141 293 1
141 455 1
141 142 1
510 541 1
140 146 1
507 517 2
507 560 1
139 149 1
139 282 1
506 530 1
506 537 1
138 750 2
138 162 2
138 278 1
138 139 1
137 317 1
504 505 1
136 757 2
503 508 1
135 140 1
135 136 1
502 518 2
134 251 1
134 375 1
501 541 1
133 666 2
133 668 2
133 134 1
500 632 2
500 607 1
132 386 1
132 698 2
132 195 1
499 504 1
499 513 1
131 669 2
131 238 1
498 771 4
130 251 1
130 133 1
130 131 1
497 516 1
129 331 1
129 553 1
129 295 1
496 606 1
496 611 1
496 497 1
128 567 1
128 226 1
53 129 1
52 205 2
52 426 2
52 331 1
52 53 1
419 621 1
419 507 1
253 538 1
253 534 1
253 465 1
51 654 2
51 55 1
418 456 1
418 419 1
252 533 1
252 253 1
50 57 1
50 153 1
50 51 1
417 531 1
417 420 1
417 445 1
249 597 1
249 250 1
49 452 1
49 505 1
49 222 1
248 683 2
248 451 1
48 504 1
48 513 1
48 385 1
48 49 1
415 453 1
247 405 1
247 344 1
247 248 1
831 835 16
47 718 2
47 265 1
47 69 1
414 465 1
414 540 1
414 506 1
414 415 1
246 605 1
246 398 1
46 265 1
46 89 1
413 574 1
245 359 1
245 397 1
245 246 1
45 256 1
244 388 1
244 316 1
244 325 1
830 832 8
44 121 1
44 118 1
44 45 1
412 801 4
243 368 1
243 336 1
243 244 1
43 118 1
43 46 1
411 413 1
242 469 2
242 624 1
42 265 1
42 91 1
42 43 1
410 574 1
410 411 1
241 595 1
241 242 1
41 549 1
41 396 1
240 416 1
240 420 1
240 318 1
40 612 2
40 53 1
40 295 1
40 41 1
409 429 1
409 600 1
239 482 1
239 481 1
239 240 1
39 663 2
39 89 1
408 460 1
408 436 1
238 251 1
38 46 1
38 47 1
38 39 1
407 562 1
407 408 1
37 488 1
37 444 1
36 771 2
36 521 1
36 37 1
405 430 1
405 451 1
405 406 1
822 823 4
35 84 1
237 498 1
237 348 1
821 837 32
34 42 2
34 339 1
404 684 2
404 644 2
236 330 1
236 237 1
33 402 1
33 493 1
33 179 1
403 642 2
403 411 1
32 492 1
32 515 1
32 33 1
402 589 1
234 560 1
234 520 1
234 235 1
816 825 8
31 815 4
31 483 1
31 287 1
399 677 2
399 628 2
233 288 1
815 828 4
30 232 1
30 34 1
30 31 1
217 218 1
796 797 4
13 386 1
13 35 1
116 373 1
116 303 1
116 117 1
216 441 1
216 531 1
216 420 1
12 730 2
12 51 4
12 386 1
115 425 1
115 355 1
115 370 1
480 578 1
480 575 1
480 573 1
215 499 1
215 352 1
215 216 1
11 13 1
11 16 1
11 12 1
387 445 1
387 592 1
114 306 1
114 522 1
114 354 1
114 115 1
479 503 1
794 826 4
10 84 1
10 132 1
10 13 1
113 308 1
478 479 1
213 626 2
213 664 2
213 625 1
213 214 1
793 804 4
9 195 1
9 10 1
112 113 1
112 204 1
112 137 1
477 621 2
792 823 4
792 802 4
792 793 4
8 84 1
8 20 1
8 9 1
111 136 1
111 140 1
791 828 4
7 8 1
7 17 1
110 787 4
110 755 2
110 146 1
110 111 1
59 187 1
59 153 1
425 603 1
212 479 1
6 373 1
6 195 1
6 99 1
257 374 1
257 260 1
257 258 1
58 177 1
58 60 1
58 59 1
424 425 1
211 372 2
211 478 1
211 212 1
789 827 4
789 803 4
5 9 1
5 7 1
5 6 1
384 513 1
384 509 1
384 385 1
57 662 2
57 59 1
788 825 4
788 793 4
383 410 1
383 403 1
109 137 1
109 422 1
109 302 1
255 502 1
56 178 1
56 58 1
56 57 1
210 574 1
210 285 1
210 389 1
787 816 4
3 224 1
3 242 1
3 4 1
382 572 1
382 383 1
108 688 2
108 266 1
254 261 1
254 262 1
254 255 1
55 153 1
421 461 1
421 457 1
209 496 1
209 612 1
209 516 1
209 210 1
786 787 4
381 601 1
381 597 1
107 108 1
232 287 1
232 339 1
232 233 1
29 311 1
29 548 1
398 606 1
54 152 1
54 337 1
54 55 1
208 236 1
208 254 1
785 802 4
785 793 4
1 629 2
1 294 1
1 3 1
1 2 1
380 600 1
380 476 1
380 463 1
380 381 1
231 332 1
231 752 2
231 415 1
813 829 16
28 196 2
28 547 1
28 29 1
397 426 1
397 398 1
218 337 1
797 830 8
797 805 4
14 266 1
14 107 1
14 106 1
14 15 1
117 304 1
117 269 1
482 512 1
219 374 1
219 484 1
219 489 1
219 220 1
798 825 4
15 97 1
15 105 1
389 413 1
220 228 1
220 490 1
220 257 1
799 823 4
16 742 2
16 35 1
800 813 4
800 810 4
17 20 1
17 19 1
390 761 4
390 695 2
118 256 1
485 715 2
485 486 1
221 701 2
221 422 1
801 829 8
18 21 1
18 20 1
18 19 1
391 517 1
391 477 1
391 392 1
119 700 2
119 227 1
119 737 2
119 120 1
486 487 1
222 523 1
222 519 1
222 385 1
802 822 4
19 256 1
19 27 1
392 400 1
392 623 1
392 539 1
120 393 1
120 124 1
487 706 2
225 545 1
225 572 1
20 22 1
394 575 1
394 395 1
123 440 1
123 337 1
123 217 1
226 748 2
226 725 2
226 227 1
806 813 4
21 742 2
21 39 2
21 22 1
395 563 1
395 475 1
395 480 1
124 128 1
124 227 1
124 125 1
491 530 1
491 527 1
491 537 1
22 84 1
125 393 1
492 607 1
492 514 1
492 493 1
808 812 4
808 809 4
23 605 1
23 66 1
23 200 1
23 24 1
126 304 2
126 512 1
126 127 1
493 500 1
809 823 8
809 832 8
809 819 4
24 443 1
24 510 1
127 298 1
127 384 1
127 273 1
494 714 2
494 698 2
228 459 1
228 258 1
228 229 1
810 831 8
25 45 1
25 121 1
25 26 1
229 379 1
229 262 1
26 372 2
26 27 1
230 442 1
230 555 1
230 453 1
230 231 1
812 830 8
27 45 1
396 610 1
396 583 1
60 62 1
60 65 1
60 187 1
61 65 1
61 68 1
61 62 1
62 177 1
63 701 2
63 67 1
63 217 1
63 64 1
426 611 1
426 606 1
64 218 1
64 187 1
64 65 1
427 447 1
427 539 1
427 511 1
65 67 1
66 510 1
66 501 1
66 86 1
67 68 1
835 836 32
68 746 2
428 596 2
428 600 1
428 476 1
428 429 1
69 94 1
69 70 1
70 328 1
70 265 1
70 91 1
71 202 1
71 532 1
71 72 1
433 458 1
433 588 1
433 584 1
72 85 2
72 310 1
72 359 1
434 683 2
434 435 1
73 432 1
73 79 1
73 74 1
437 587 1
437 438 1
74 742 2
74 440 1
75 145 1
75 140 1
75 76 1
76 423 1
76 135 1
76 278 1
77 422 1
77 319 1
77 302 1
77 78 1
441 532 1
78 432 1
78 221 1
78 79 1
79 663 2
79 319 1
80 269 2
80 212 1
80 365 1
80 81 1
81 126 1
81 273 1
444 526 1
444 524 1
444 523 1
82 602 1
82 601 1
82 83 1
83 424 1
83 369 1
83 203 1
446 599 1
85 501 1
85 538 1
85 86 1
449 550 1
449 450 1
86 605 1
87 443 1
87 431 1
87 194 1
87 88 1
88 544 1
88 225 1
452 524 1
452 523 1
89 118 1
453 554 1
453 506 1
90 696 2
90 328 1
90 91 1
454 591 4
454 615 1
92 283 1
92 229 1
92 93 1
455 563 1
455 472 1
93 284 1
93 255 1
93 262 1
456 621 1
94 695 2
94 105 2
94 328 1
95 98 1
95 97 1
95 96 1
457 588 1
457 458 1
96 718 2
96 319 1
96 302 1
458 590 1
458 461 1
97 100 1
97 107 1
459 490 1
98 302 1
98 103 1
98 100 1
99 269 1
99 116 1
100 104 1
101 714 2
101 304 2
101 154 1
101 102 1
463 597 1
102 482 1
102 481 1
464 569 1
464 568 1
103 112 1
103 104 1
103 109 1
465 537 1
465 466 1
104 688 2
104 113 1
468 469 1
105 718 2
105 106 1
469 627 1
106 390 1
472 581 1
472 578 1
121 339 1
121 233 1
488 523 1
488 521 1
488 519 1
122 432 1
122 221 1
122 123 1
258 261 1
258 262 1
259 281 1
260 406 1
260 430 1
260 261 1
263 427 1
263 272 1
263 264 1
264 403 4
264 721 2
264 447 1
266 390 1
267 327 1
267 290 1
267 475 1
267 268 1
268 367 1
268 291 1
270 590 1
270 461 1
270 271 1
271 463 1
271 476 1
271 495 1
272 559 2
272 511 1
273 509 1
273 365 1
274 364 1
274 360 1
274 275 1
275 708 2
275 682 2
275 361 1
276 533 1
276 505 1
276 452 1
276 277 1
277 534 1
277 524 1
277 491 1
279 588 1
279 470 1
279 437 1
279 280 1
280 457 1
280 350 1
280 438 1
281 754 2
282 785 4
282 751 2
283 503 1
283 478 1
283 284 1
284 502 1
285 612 1
285 286 1
286 559 4
286 549 2
286 389 1
287 484 1
287 288 1
288 371 1
288 490 1
289 474 1
289 291 1
290 471 1
290 291 1
291 728 2
292 581 1
292 455 1
292 293 1
293 338 4
293 473 1
294 399 1
295 396 1
295 608 1
296 704 2
298 512 1
298 513 1
298 299 1
299 482 1
299 499 1
300 362 1
300 525 1
300 301 1
301 363 1
301 585 1
301 546 1
303 494 1
303 304 1
305 429 1
305 522 1
305 306 1
306 409 1
306 370 1
307 445 1
307 416 1
307 448 1
308 747 2
308 691 2
309 351 1
309 531 1
309 445 1
309 310 1
310 358 1
310 532 1
311 576 2
311 569 1
311 312 1
312 525 1
312 335 1
313 618 1
313 619 1
313 376 1
313 314 1
314 377 1
314 467 1
315 741 4
315 388 1
315 734 2
315 316 1
316 620 1
317 701 2
317 733 2
318 485 1
318 481 1
318 462 1
320 705 2
320 738 2
321 594 1
321 495 1
321 421 1
321 322 1
322 596 1
322 558 1
323 806 4
323 800 4
323 366 1
323 324 1
324 360 1
324 353 1
325 620 1
325 368 1
326 768 4
326 475 1
326 394 1
326 327 1
327 367 1
329 451 1
329 406 1
329 347 1
329 330 1
330 348 1
331 552 1
332 442 1
332 333 1
333 561 1
333 345 1
333 449 1
334 570 1
334 464 1
334 335 1
335 571 1
335 569 1
336 393 2
336 700 2
336 388 1
338 782 4
338 446 1
340 575 1
340 573 1
341 424 1
341 342 1
342 604 1
342 425 1
343 489 1
343 374 1
343 344 1
344 430 1
345 450 1
345 535 1
345 346 1
346 562 1
347 434 1
347 348 1
348 435 1
349 593 1
349 438 1
349 350 1
350 421 1
350 594 1
351 387 1
351 358 1
352 441 1
352 504 1
353 772 2
353 361 1
354 580 1
354 355 1
355 603 1
356 616 1
356 454 1
356 357 1
357 520 1
358 359 1
360 366 1
360 361 1
362 588 1
362 470 1
362 363 1
363 586 1
363 433 1
364 697 2
364 366 1
365 508 1
365 479 1
367 706 2
368 657 2
368 676 2
369 601 1
369 409 1
369 370 1
370 424 1
371 459 1
371 372 1
372 379 1
373 494 1
374 430 1
375 702 2
375 439 1
376 418 1
376 377 1
377 456 1
378 382 1
378 410 1
378 516 1
379 459 1
393 734 2
400 477 1
400 401 1
401 719 2
401 623 1
416 462 1
416 417 1
432 440 1
435 498 1
436 664 2
436 562 1
436 536 1
442 449 1
442 557 1
447 622 1
448 487 1
448 462 1
461 495 1
462 486 1
466 540 1
466 538 1
466 501 1
467 604 8
467 619 1
470 587 1
471 475 1
471 563 1
473 474 1
474 753 2
483 489 1
483 484 1
484 490 1
508 518 2
508 509 1
518 521 1
518 519 1
1
452 61 1 1
250
1 1 760 212 0.9929506800095937 0.1072647302181693 0
13 33 0 34 1002220 58 1024565 81 908109 105 960550 129 1098270 153 1416943 176 1206539 200 1209460 224 1808138 247 1457861 271 1307352 272 0
0
2 1 1199 104 0.9918332435524378 0.13044797479454207 0
13 33 0 34 2084240 60 3237633 85 2297389 111 1605995 136 1143463 162 1362923 188 900966 213 1029571 239 770512 264 381708 290 335621 291 0
1 1
3 1 1142 611 0.9840913872023564 0.10039562519006182 0
9 118 0 119 1584768 145 1443133 171 1516428 197 1771002 223 1592550 249 1584456 275 1205073 276 0
0
4 1 1149 16 0.983279640421327 0.014336696018046524 0
11 12 0 13 1148440 37 1531153 61 2006481 84 2279386 108 2382177 132 2132269 155 2072782 179 2039503 203 1993150 204 0
1 3
5 1 851 471 0.9892124270678148 0.11285562782358896 0
11 28 0 29 604846 55 802059 81 1020234 107 967211 133 1166181 159 1619819 185 1318465 211 1432108 237 1479109 238 0
1 4
6 1 811 59 0.99948654190732 0.03341208473408273 0
15 3 0 4 816834 29 614316 53 457771 78 554668 103 819348 127 835402 152 1052811 177 811720 201 989473 226 1028348 251 1650976 275 2636271 300 3288787 301 0
0
7 1 646 789 0.988481045096408 0.03183194014675456 0
13 17 0 18 2378989 44 1451893 70 1639946 96 1859803 122 1166411 147 1264379 173 2579481 199 1232605 225 766171 251 747641 277 694236 278 0
1 6
8 1 599 121 0.9836971175529046 0.02234016643139217 0
9 37 0 38 486810 64 427614 91 698264 117 917809 143 1305343 170 1311567 196 1791464 197 0
2 7 9
9 1 736 671 0.9949703815653005 0.016080784821566097 0
8 166 0 167 1248020 190 1900919 213 1066178 236 788567 259 764898 282 961604 283 0
0
10 1 709 183 0.9807972662689598 0.02903075573511314 0
10 36 0 37 558994 63 551115 89 621968 115 1029839 140 1602630 166 1721129 192 2167847 218 2638676 219 0
0
11 1 825 768 0.9961843611591035 0.021588776080200295 0
8 144 0 145 1187815 168 1935122 191 2718303 214 2104954 237 1683823 260 1794707 261 0
1 10
12 1 536 505 0.9989300017044491 0.13018708497146703 0
8 84 0 85 872859 111 1390535 136 1962553 162 2063621 187 1564917 213 1396443 214 0
2 10 11
13 1 1129 773 0.9891636024973937 0.11118241289914871 0
14 17 0 18 379986 44 256457 69 378303 95 725217 120 1476536 146 1746924 171 2668519 197 1757049 222 1106035 248 809152 273 1003017 299 965047 300 0
0
14 1 917 68 0.9989345250074149 0.06115531775816824 0
11 72 0 73 461518 97 311141 121 414284 145 554022 169 724229 194 1584401 218 2219814 242 1562553 266 892405 267 0
1 13
15 1 1405 127 0.9982492570807708 0.07763223590754977 0
11 50 0 51 1729091 74 2077798 98 2024263 121 2145202 145 1678718 168 1412701 191 2472549 215 1547724 238 1245595 239 0
0
16 1 719 521 0.9992385876949118 0.07544881412721291 0
13 38 0 39 1981359 63 1281724 88 664220 113 754361 137 633766 161 539790 186 541867 211 993452 235 1998033 259 1468299 284 1066537 285 0
1 15
17 1 1024 634 0.991935605685704 0.0234098370509286 0
8 61 0 62 654320 88 742684 114 1308024 140 1789768 166 1752766 192 1218350 193 0
0
18 1 1349 472 0.9896737239415614 0.04414455037422166 0
11 82 0 83 299599 109 383437 135 780413 161 553005 187 804089 212 1263596 238 1105968 264 1895873 290 1705757 291 0
1 17
19 1 512 164 0.9946104142962954 0.03305379971164944 0
13 36 0 37 629864 62 941440 86 906747 111 1254562 136 1807117 161 2425452 185 1322920 210 1539064 235 2149875 259 2521484 284 2058576 285 0
2 17 18
20 1 512 39 0.9825072949935484 0.13941411580210147 0
12 56 0 57 3101552 81 2449634 105 2218717 129 1810211 153 2701538 176 1686185 200 1306379 224 1165624 248 1217188 272 914452 273 0
0
21 1 1300 689 0.9897939968470797 0.034007564181032256 0
11 45 0 46 1789324 71 1446352 96 1143914 121 980885 147 1242187 172 1254883 197 820202 222 671049 247 886832 248 0
0
22 1 1024 302 0.9801664891451953 0.1289023547117593 0
13 26 0 27 293006 51 341466 75 668244 99 369211 123 487213 147 670239 171 1044547 195 1274882 219 1199347 243 1723671 267 2329203 268 0
1 21
23 1 771 636 0.9950611240546859 0.13642332114314332 0
10 57 0 58 1440172 83 1139818 108 943277 133 1117523 159 1002333 184 624327 209 871240 234 991292 235 0
2 21 22
24 1 804 62 0.9874746564874173 0.14516821344439093 0
13 10 0 11 455957 35 645157 59 1358551 83 2492164 107 2656889 131 2632133 155 2107406 179 1537549 203 1117916 227 904839 251 707901 252 0
0
25 1 811 411 0.9949873017252082 0.0019502703549110266 0
13 4 0 5 1121496 30 616249 55 840753 80 1123710 105 1214681 131 1580590 156 2352034 181 2614314 206 2884640 231 3244904 256 2112777 257 0
0
26 1 965 574 0.9855080270148808 0.08634111300977308 0
12 22 0 23 1959907 49 1249841 75 1265356 101 2190396 127 2515586 152 2322525 178 1926252 204 1153828 230 1069416 256 830995 257 0
0
27 1 1398 717 0.9885094650715004 0.10628897332191149 0
13 7 0 8 1265235 34 1843070 60 1837828 86 1459458 112 1563483 137 2944738 163 2122583 189 1731344 215 2279542 241 1426021 267 1342619 268 0
1 26
28 1 743 381 0.9819518197519038 0.09299688882049702 0
14 17 0 18 1298855 43 2243499 67 2281215 92 2203503 117 1868797 141 1338225 166 1525449 190 1431673 215 2014700 240 2282247 264 2259011 289 2547962 290 0
1 26
29 1 1264 2 0.9876028546786125 0.0074248861056252 0
11 50 0 51 1501164 75 1588533 99 1104550 123 893945 147 905256 171 830509 195 805858 219 600936 243 407512 244 0
2 27 28
30 1 1425 130 0.9935754006322473 0.129898247622347 0
8 167 0 168 1395913 192 1276130 216 1208163 240 1787117 264 1367802 288 1522828 289 0
0
31 1 1467 439 0.9925939448212056 0.10029863057534903 0
8 138 0 139 797596 165 1206521 191 1204812 218 2244486 244 1579906 270 1606003 271 0
1 30
32 1 1334 217 0.9871634624275089 0.02592644605545792 0
10 128 0 129 1660822 153 1487718 176 2091410 200 1305189 223 1153452 247 1833163 270 2419473 294 2109677 295 0
2 31 33
33 1 996 627 0.9967176820192882 0.004532983372977112 0
10 104 0 105 1793690 131 1562653 157 2136072 183 1703296 209 1928430 235 1228544 261 1070534 287 681868 288 0
0
34 1 1375 618 0.9905471615486799 0.0906462663789183 0
11 64 0 65 490550 90 773273 115 939077 139 927670 164 884725 189 1720347 213 1166923 238 1089350 263 1735497 264 0
0
35 1 1396 668 0.9943357248555944 0.0069888994192117745 0
15 1 0 2 2989683 26 1481594 50 1359361 75 831145 99 654067 123 953045 147 598204 171 1163445 195 2388945 219 2257059 244 1626271 268 1082009 292 774858 293 0
2 34 36
36 1 1077 597 0.9800263991040612 0.0527080630968575 0
13 11 0 12 810737 36 1431366 60 1170869 84 1020229 108 1000175 132 743805 156 943465 180 787707 204 971595 228 1001978 252 1019903 253 0
0
37 1 766 774 0.9857774597511129 0.057237820127705216 0
8 132 0 133 1604681 157 1501106 181 1354309 204 1612085 228 1338180 252 988342 253 0
0
38 1 1228 497 0.9897656211524795 0.03292864746621605 0
10 106 0 107 2467507 132 1390758 158 1482075 183 1427714 208 1459740 233 1669381 259 1590983 284 905067 285 0
1 37
39 1 704 24 0.9833027816089845 0.13331492263674874 0
13 25 0 26 424656 50 691494 74 2094066 98 3753532 122 3065408 145 1257583 169 1667777 193 1806402 217 1392626 241 1436087 265 1401855 266 0
0
40 1 1409 663 0.9947481292088418 0.08421217016942638 0
7 14 0 15 1229781 41 1699526 67 1956174 93 1644142 119 1265960 120 0
1 39
41 1 601 460 0.9811151843402309 0.018671886924634815 0
14 13 0 14 2285489 39 2180121 65 2042293 90 2530711 116 2097467 141 1194296 167 985202 192 1280670 218 1726733 243 1174068 269 681161 294 740535 295 0
2 39 40
42 1 1101 809 0.9979731364687653 0.0032871848978859694 0
13 22 0 23 966952 49 923010 75 417299 101 1188743 127 1619675 153 1563025 179 2143424 205 2691492 231 2034932 257 2046312 283 1883414 284 0
1 40
43 1 905 57 0.9895823106927196 0.0982743566885415 0
13 29 0 30 1671601 56 1347146 82 1942321 108 2858924 134 1848034 159 1502980 185 2413136 211 2603629 237 1371360 263 1365352 289 1375293 290 0
0
44 1 1187 614 0.9940067879736274 0.08295377295920646 0
8 44 0 45 1601058 70 1051018 95 1576551 119 1983712 144 1769001 169 2607124 170 0
0
45 1 1436 641 0.9936436668968656 0.03967368405608562 0
10 1 0 2 1837554 27 2402074 52 875063 77 1099531 103 1381935 128 1845703 153 1444501 178 876927 179 0
1 44
46 1 684 72 0.992610921065892 0.09273938116367673 0
13 22 0 23 275793 49 404501 74 558204 100 491901 125 643496 151 1117988 177 1964155 202 1862470 228 1885306 253 1751999 279 2397616 280 0
0
47 1 739 152 0.9908801792223841 0.12490874013196367 0
15 11 0 12 2540034 36 1812156 60 1959245 84 971958 108 868039 132 2329035 155 1720384 179 1396365 203 2483026 227 1801966 251 1355042 275 898590 299 604763 300 0
1 46
48 1 1489 650 0.9974747757698874 0.10366572778962083 0
15 5 0 6 800750 30 1323961 55 917219 79 907368 103 1028395 128 1083574 152 1083777 176 889645 201 1049097 225 746725 249 976472 274 1237000 298 1382708 299 0
0
49 1 1095 144 0.981084063021236 0.08488455010202221 0
10 42 0 43 1337762 66 1246966 90 813770 113 742377 137 870600 160 1202703 184 2084876 207 1720020 208 0
2 48 50
50 1 1157 434 0.9842946363703785 0.09214157284585121 0
14 24 0 25 1640426 49 1819214 73 1601582 97 893496 121 670905 145 769488 168 1700199 192 1124821 216 1099403 240 1622198 264 2581445 288 1892600 289 0
0
51 1 944 768 0.9894535278191653 0.04037988842438034 0
10 61 0 62 1671608 87 2289550 112 1606315 137 1622543 163 1262554 188 1526680 213 720846 238 814170 239 0
0
52 1 634 170 0.9950602865765072 0.024318290806393722 0
9 129 0 130 2268786 155 2299934 180 1811595 205 1984558 231 1792420 256 1343397 281 1833651 282 0
0
53 1 507 48 0.9809134855944317 0.018113715820416296 0
7 76 0 77 2885523 104 2039845 131 1461140 159 1211829 186 1024748 187 0
1 52
54 1 972 472 0.9991582149149824 0.02114366046144101 0
12 12 0 13 1245202 37 747907 60 556636 84 720486 108 792562 131 1006912 155 1212609 179 1363578 202 1282289 226 987751 227 0
0
55 1 1242 230 0.9952638358259874 0.03710585530206488 0
12 61 0 62 767246 87 1061912 113 1591390 138 1956161 164 1772022 189 1971860 215 2099443 240 1713054 266 1757111 291 2645150 292 0
1 54
56 1 1019 106 0.9901227574129888 0.027674472946705175 0
8 137 0 138 1972332 163 1155093 188 1053510 212 1565471 237 1544442 262 2612545 263 0
0
57 1 994 674 0.9987756589115802 0.011405338783912367 0
12 8 0 9 304960 34 548887 59 551087 84 676860 109 1133906 134 738031 159 722297 184 1241031 209 1365613 234 2405790 235 0
0
58 1 847 285 0.9943066256050158 0.10401061592137262 0
14 2 0 3 912198 28 453496 54 458219 79 565715 104 680782 129 667265 155 658849 180 833831 205 600835 230 1449676 256 2352295 281 1920765 282 0
1 57
59 1 1301 321 0.9950709948646971 0.0733569333289534 0
15 4 0 5 997146 29 1220530 54 1171886 78 1210982 103 1099482 127 1159872 151 1555993 176 1842169 200 2039934 225 2470117 249 1722515 274 1961374 298 2601059 299 0
0
60 1 510 594 0.9873993233824431 0.0726605216781024 0
13 42 0 43 638415 69 540260 94 1226663 119 1344252 145 1554341 171 1942986 196 1476382 221 1403157 247 1106582 273 1285523 298 1585364 299 0
0
61 1 1141 297 0.9885953197954178 0.14815665577078171 0
8 131 0 132 998457 158 1131587 183 1927918 209 1901541 234 1632198 260 2190879 261 0
0
62 1 1089 734 0.9841554356219295 0.06574143978198861 0
9 95 0 96 3687640 121 1378376 145 1239780 169 888524 194 1055885 219 1484430 243 1653978 244 0
1 61
63 1 1396 493 0.9804303613531864 0.04391631431012596 0
10 77 0 78 2098609 103 1268627 127 1633369 152 1085488 177 1494911 202 1549156 226 2220964 251 2322427 252 0
2 61 62
64 1 693 496 0.9935142443567004 0.029240285697217358 0
14 4 0 5 1412696 31 1704621 57 1935823 83 3247739 109 1252152 135 699852 161 774644 187 525720 213 668413 239 839013 265 793457 291 597661 292 0
0
65 1 751 423 0.9930055026299534 0.022567099517661386 0
15 1 0 2 935785 26 1383577 51 1306858 75 1575864 99 1898877 124 1260546 148 1216755 172 989310 197 835781 221 733408 245 617431 270 1248484 294 1458221 295 0
0
66 1 716 201 0.9881635708715687 0.044921606767250495 0
9 31 0 32 2085198 57 1826330 82 1293165 107 1340140 132 1921631 157 1234022 182 1490382 183 0
2 65 67
67 1 563 368 0.9856297700668896 0.13776950475294814 0
10 70 0 71 1371508 95 2297764 119 876874 143 1082255 168 935694 192 550491 216 1061783 240 1551028 241 0
0
68 1 812 103 0.9810978797298093 0.10372322992838423 0
9 104 0 105 2195642 128 1228060 152 1349478 175 1156824 198 1194940 222 720825 245 925862 246 0
0
69 1 1060 368 0.9906804384921216 0.13284486355784275 0
10 128 0 129 1444592 153 1313710 178 1301938 202 770178 227 632063 251 593754 276 732497 300 791861 301 0
1 68
70 1 539 75 0.9892111317928001 0.0006445204962437445 0
14 29 0 30 542694 54 1126677 78 1108217 101 1302621 125 1620285 149 1141330 173 836151 197 1091390 221 871991 244 1635764 268 986379 292 877875 293 0
0
71 1 579 591 0.9894887779845415 0.05921235477477174 0
14 6 0 7 971477 33 530630 59 961659 85 1245800 111 1812773 137 1780649 162 1587786 188 1645568 214 907147 240 699008 266 828481 292 484677 293 0
0
72 1 1206 273 0.997346073378937 0.021854078040174123 0
12 24 0 25 2457003 50 1963099 75 2218821 99 2724963 124 1473690 149 1492951 174 1468574 198 1184349 223 985319 248 2069794 249 0
1 71
73 1 1074 306 0.9819338844912678 0.14239505742855013 0
9 78 0 79 2527918 103 1646103 128 1470909 153 2095422 177 1607037 201 1101937 226 816968 227 0
2 71 74
74 1 1008 572 0.9914836942200298 0.13810100068735312 0
8 63 0 64 1240682 88 2344691 112 2124301 135 976180 159 716186 183 590368 184 0
0
75 1 1425 54 0.9834994893997526 0.10016065425130016 0
10 90 0 91 811950 116 976905 141 699011 166 1373874 192 2119359 217 1681027 242 2178793 267 1615819 268 0
0
76 1 536 56 0.9860575247866995 0.13730865913578133 0
8 16 0 17 1097360 40 1116950 63 926580 87 1310437 110 1493372 133 1791904 134 0
1 75
77 1 1183 670 0.9929875523116501 0.09881395097299543 0
9 9 0 10 1030352 36 961987 62 1172606 87 1265728 113 1250029 139 1945678 165 2007262 166 0
1 75
78 1 1209 304 0.9802291661312273 0.09577349770404356 0
14 4 0 5 573497 30 807402 56 704358 81 835033 106 1100053 131 959764 157 1733355 182 1716687 207 2070061 232 3334017 258 2035968 283 1706459 284 0
2 75 77
79 1 1282 243 0.9828673487154742 0.09176933152993282 0
12 1 0 2 2290736 28 1735108 54 1272874 79 1096663 105 1295025 131 784218 157 716756 182 1229852 208 910841 234 799848 235 0
0
80 1 975 351 0.9839575340791918 0.09753983768676924 0
13 34 0 35 464551 61 558907 87 730336 112 1036818 138 942741 164 1056779 190 1535608 216 2828459 241 3755185 267 2573664 293 2863584 294 0
2 79 81
81 1 984 163 0.9881277880735141 0.12335921599927617 0
14 8 0 9 230658 35 231007 60 273283 86 321982 112 494544 137 728673 163 897820 188 1993156 214 1723621 240 2008536 265 1483170 291 847150 292 0
0
82 1 509 754 0.9811499123633061 0.13243469787339507 0
7 5 0 6 1241539 33 1340713 60 689441 87 1237036 114 1891836 115 0
0
83 1 925 832 0.9810718639664167 0.13244465557460153 0
13 12 0 13 925312 38 653279 63 523517 87 602577 112 1057166 137 1061447 162 831881 187 1602057 211 2132743 236 2394754 261 1478576 262 0
0
84 1 1254 322 0.9888332761191664 0.08675823916166037 0
10 26 0 27 1140191 53 1955281 79 1591319 105 2474308 132 1338727 158 1098849 184 957684 210 804031 211 0
1 83
85 1 1281 459 0.9876850498725207 0.09234557054448653 0
8 71 0 72 1602243 95 2665582 119 2047815 142 1722389 166 803032 189 1291519 190 0
0
86 1 1188 122 0.9837386098231652 0.11034911880211845 0
12 14 0 15 1204274 41 1331282 67 1004127 93 1373610 119 981079 146 890950 172 906844 198 952509 224 1626424 250 1291863 251 0
1 85
87 1 1443 8 0.9936496375853979 0.09561847097784124 0
14 5 0 6 1985497 31 1878375 55 1627940 80 833360 105 1463515 130 1381973 154 1765125 179 1371399 204 2398938 229 2120188 253 1946853 278 1711343 279 0
1 85
88 1 1204 231 0.9925723270996233 0.05048958627382889 0
11 61 0 62 3295520 88 3067323 115 1537343 141 2036979 167 1393157 194 2118088 220 1028153 247 629974 273 609456 274 0
0
89 1 1395 482 0.9974721664153743 0.11977563164288194 0
9 16 0 17 1153569 43 1569333 68 1274960 93 1616121 119 1014179 145 915222 170 937171 171 0
1 88
90 1 696 32 0.9893233767923424 0.11194990884744073 0
13 9 0 10 487500 34 361982 58 334639 82 198405 106 461945 131 591721 155 813021 179 1210138 203 2671282 227 2645864 251 3206563 252 0
2 88 91
91 1 757 34 0.983842238729774 0.12815346983303966 0
9 105 0 106 2157671 131 1983934 156 1048849 181 457464 205 341327 230 456967 255 360017 256 0
0
92 1 1359 674 0.9951826025558905 0.005550274459648913 0
14 24 0 25 1872634 49 1654262 73 1642816 97 1431195 121 742825 145 1399923 168 3020946 192 2637539 216 1826075 240 1017204 264 1620126 288 1547161 289 0
0
93 1 1188 307 0.9976279466126113 0.02834582746055475 0
14 3 0 4 549401 29 567098 54 978128 79 975929 104 1857521 129 1813730 154 2095495 179 1247604 204 1122213 229 2125459 254 1517897 279 1609644 280 0
0
94 1 1189 5 0.9873688954844547 0.10115697431071981 0
14 9 0 10 656451 34 660339 59 674635 83 1046090 107 1178987 132 1580419 156 1843643 181 1004136 205 1971883 229 2512516 254 3254937 278 3128115 279 0
0
95 1 1031 477 0.9908512211347075 0.0921538277178339 0
10 32 0 33 496007 59 899338 85 1353081 111 1727109 137 1775296 163 1488142 189 1013796 215 1503513 216 0
1 94
96 1 1285 374 0.9853389073622265 0.03947170998270007 0
12 3 0 4 2243947 28 1373851 51 1719389 75 1282761 99 1542922 122 1011756 146 1466923 170 1048020 193 1077080 217 1253150 218 0
1 95
97 1 978 423 0.9834105024795713 0.07568212547372262 0
7 120 0 121 1374042 146 965137 171 1466470 196 1251488 221 1546679 222 0
2 95 96
98 1 1472 10 0.9990684641694241 0.08748388611500278 0
11 24 0 25 1178330 49 1003343 73 836023 97 831086 121 1210128 144 2244538 168 2417715 192 1774140 216 1284253 217 0
0
99 1 714 675 0.9898203135768185 0.12903818543185525 0
8 107 0 108 1602153 131 1330330 155 1089770 178 1852302 202 2025818 225 1084655 226 0
1 98
100 1 751 479 0.9871650838740034 0.1153068521216519 0
14 21 0 22 1265960 47 1705464 72 1283279 96 1525595 121 1346204 146 1123339 171 1077450 196 1255476 221 886334 245 966214 270 996688 295 1051037 296 0
0
101 1 677 728 0.9849877856530526 0.08651410965560051 0
12 40 0 41 1628808 66 1696868 90 1489954 115 1754092 140 956966 164 576737 189 758252 214 729040 238 753034 263 1171977 264 0
1 100
102 1 748 300 0.9951156629689181 0.09162237492405344 0
14 2 0 3 1118826 29 1061192 55 1198177 81 1233089 107 1086813 133 1429620 159 645007 185 787470 211 673286 237 807992 263 1843128 289 1926163 290 0
0
103 1 821 490 0.9844413749899311 0.1202023912145573 0
8 20 0 21 1307887 48 1280745 75 1638907 101 1586975 128 2122072 155 2472189 156 0
1 102
104 1 1307 173 0.9810253831377367 0.14573139597484852 0
12 26 0 27 1095972 51 1372050 75 1681205 99 1577668 123 2001842 148 1965189 172 2603396 196 2185635 220 1618150 244 1180570 245 0
0
105 1 795 570 0.9990153342783117 0.13541661977881572 0
7 39 0 40 1662628 66 1666527 93 1583471 119 1336225 145 1122838 146 0
1 104
106 1 1115 275 0.9844351150552358 0.04139188810626967 0
9 71 0 72 3435043 97 1850462 121 859677 145 603090 170 619510 195 794942 219 1329301 220 0
2 104 105
107 1 824 152 0.9905271501471895 0.022303721407927572 0
8 133 0 134 1557145 157 989369 181 1431087 204 1249848 228 1685643 251 2066526 252 0
2 104 106
108 1 570 146 0.9995616657291183 0.0641374989746852 0
10 18 0 19 1244631 43 1418526 66 1276819 90 579109 113 882819 137 924034 160 752041 184 805477 185 0
0
109 1 1296 141 0.9806405968055912 0.05748085226577816 0
13 44 0 45 1165810 70 1480819 95 2016786 121 1642573 146 1292991 171 1458795 196 1603037 221 1792316 247 1247580 272 1617204 297 1346539 298 0
2 108 110
110 1 1027 135 0.9895897335643966 0.11393389164527444 0
8 80 0 81 1721459 106 2007982 131 1604951 155 990705 180 1507051 205 2138033 206 0
0
111 1 939 244 0.9828980011550666 0.13310723745371203 0
12 63 0 64 1164566 89 809095 114 765604 140 1000946 165 1001450 190 1058625 215 1624189 241 1799702 266 1350717 291 1527274 292 0
2 110 109
112 1 930 293 0.9954740964323812 0.036150158440811354 0
9 106 0 107 458630 132 870040 157 689515 182 941905 207 1146872 232 1948639 257 2255718 258 0
0
113 1 758 184 0.9981501574483056 0.05905650478415582 0
10 67 0 68 624551 92 1076332 116 990280 140 890813 164 1670976 188 2767472 212 3121304 236 2422039 237 0
1 112
114 1 511 515 0.9976314591572554 0.12228344596992333 0
15 5 0 6 1344435 31 825957 55 1481701 79 2186896 104 1444720 129 1086783 153 716483 177 1165199 202 1034339 227 1366247 251 980788 275 976750 300 613558 301 0
0
115 1 889 147 0.992195484634606 0.046983532935270356 0
8 52 0 53 558729 80 1277292 107 1191459 134 1219118 161 1459457 188 2228507 189 0
0
116 1 665 13 0.9979487405439352 0.1301924371124374 0
8 48 0 49 1107442 74 1610953 98 1720377 123 2050374 147 2375893 172 2334706 173 0
0
117 1 703 614 0.9959871678002943 0.13924266550627062 0
8 98 0 99 2819745 125 2423331 151 1397374 176 816014 202 1430182 228 1159721 229 0
0
118 1 767 822 0.9825817718765048 0.12898837036209274 0
8 12 0 13 1005699 37 1707056 61 821401 84 1424776 108 1217891 132 1126924 133 0
1 117
119 1 1231 74 0.9947196369398152 0.05878345275224573 0
12 61 0 62 1169272 88 737810 114 1122513 139 1131199 165 1464701 191 1617081 217 1417397 242 2309091 268 3396042 294 3330372 295 0
2 117 120
120 1 608 560 0.9832743872364742 0.0763331102065209 0
12 10 0 11 2329428 37 835143 63 955620 88 1354645 114 1396345 140 1698153 166 2163092 191 1854714 217 2384383 243 1384263 244 0
0
121 1 1313 60 0.9979731876112821 0.13148026355966103 0
13 43 0 44 898406 68 740746 92 1293599 116 1998932 140 1943986 165 3408461 189 2693728 213 1594017 237 2243667 261 1670705 285 1036939 286 0
0
122 1 1132 83 0.9979625753312324 0.14119713923684662 0
13 18 0 19 350198 45 307230 71 486382 96 942927 122 659023 148 1033181 174 1125026 200 1959596 225 1854128 251 1164149 277 983713 278 0
2 121 124
123 1 822 774 0.990796431514737 0.07514007069486912 0
9 129 0 130 984042 155 961845 181 1231399 207 1029870 232 982731 257 1019843 283 1965670 284 0
2 121 122
124 1 1308 299 0.984704054518234 0.05586588951575085 0
14 4 0 5 1323434 29 1128194 54 1303127 78 2079884 102 2184959 127 2523912 151 1596999 176 1035451 200 864128 224 1475165 249 1754685 273 1119269 274 0
0
125 1 819 89 0.9998961362700558 0.10198900996274478 0
14 20 0 21 595462 46 903263 70 873142 95 736700 119 743332 144 811378 168 809898 193 824808 217 895763 242 1678120 266 1679542 291 2291752 292 0
0
126 1 920 360 0.980125753943224 0.06075392490998477 0
14 26 0 27 1543651 51 1213902 75 1213357 99 772894 123 608185 147 829879 171 1036427 195 1063653 219 1399641 243 1934348 267 2780979 291 4517467 292 0
1 125
127 1 1339 827 0.987325657548428 0.08825582118618354 0
12 24 0 25 1160105 50 1788514 76 2973133 101 2343916 127 1627594 152 2067756 178 2413989 203 1431711 229 1101257 254 1328014 255 0
0
128 1 816 14 0.9995439682244086 0.11213750947050305 0
8 124 0 125 1891868 148 1372689 172 1790539 195 2095387 219 1821806 242 1244857 243 0
2 127 129
129 1 1460 825 0.9871978302946978 0.08928566622021723 0
8 8 0 9 1036721 33 637849 58 765526 82 610509 107 1136496 131 1605672 132 0
0
130 1 1183 129 0.9985657806684818 0.040432510088563675 0
15 8 0 9 1466225 33 1094737 57 1185282 82 760157 106 697697 130 814929 155 864828 179 1229321 203 1049911 227 1420006 251 1638705 276 2930350 300 2888088 301 0
0
131 1 1043 183 0.989688358877711 0.049143269106325306 0
12 22 0 23 705386 49 983650 75 643800 100 681904 126 644586 152 754759 178 931471 203 2019065 229 792279 255 1926943 256 0
1 130
132 1 1193 368 0.9965763846842364 0.020531542777608786 0
8 92 0 93 1357811 116 2030970 139 1076492 162 1243515 185 1802993 208 1028629 209 0
1 131
133 1 963 747 0.9910024823160367 0.12592615963278983 0
9 49 0 50 2000188 74 2024563 98 1826655 122 1720084 146 2601355 170 1354948 194 989903 195 0
0
134 1 704 645 0.9948012296026665 0.11146173699254745 0
8 61 0 62 804018 89 1226407 116 1303498 144 862451 171 932737 198 785741 199 0
2 133 135
135 1 1223 350 0.9936958905604032 0.038921582374732956 0
8 80 0 81 2111887 107 1793844 132 1285962 158 1101768 183 1090366 209 2027583 210 0
0
136 1 573 820 0.9813983486845914 0.02940589305352314 0
14 13 0 14 920950 40 691117 65 998835 91 1187411 117 1079006 142 1441430 168 1507342 193 2107228 219 2044954 245 1930502 270 2048331 296 1636819 297 0
1 135
137 1 1330 791 0.9911073519704228 0.022189094640806737 0
12 48 0 49 1363011 74 1280501 99 2001796 124 1258904 149 1695557 174 2036649 199 1835261 224 813914 249 695033 274 563238 275 0
0
138 1 610 222 0.9803964281309648 0.14226749053719945 0
12 13 0 14 850052 40 1599423 66 1194914 92 1218446 118 807923 145 1262931 171 1362101 197 1759343 223 2765947 249 2181342 250 0
0
139 1 879 308 0.9892149321651342 0.05333198892025854 0
10 128 0 129 947110 152 1073989 175 1029732 198 1833963 222 1512483 245 1783969 268 2940883 291 1661225 292 0
1 138
140 1 1320 333 0.9927379960180885 0.02917447480215139 0
14 2 0 3 1136419 28 1067948 53 940413 78 573795 103 645016 128 837637 152 667634 177 1137635 202 973424 227 861238 252 1260648 277 1821659 278 0
0
141 1 641 521 0.9915857730155971 0.11103409021114966 0
10 39 0 40 995867 66 1577869 91 1100680 117 1499813 142 1774534 168 1693685 193 1153142 219 595280 220 0
1 140
142 1 910 7 0.9958652873900204 0.02599559003914616 0
14 20 0 21 1899681 45 2565497 69 2383894 93 1408895 117 1563713 141 1824432 166 1336462 190 1225142 214 722714 238 826391 262 668236 286 561667 287 0
0
143 1 1469 362 0.9868194400268702 0.1465908270048117 0
13 31 0 32 930655 58 755689 83 1071923 109 1377290 134 1109483 160 1365628 186 1482694 211 1346334 237 2343149 262 3382623 288 3035083 289 0
1 142
144 1 660 225 0.989288486366544 0.09243729846154249 0
11 29 0 30 875568 55 1290249 81 1309466 106 1363554 131 2101046 157 2100221 182 2031809 208 1703569 233 2168390 234 0
0
145 1 968 510 0.9971928199755269 0.11186565150646148 0
15 0 0 1 1100000 25 1512957 50 1321345 74 1444062 98 1215398 123 1480289 147 837301 171 1340154 196 1358784 220 1796071 244 2599570 269 2569367 293 1541906 294 0
2 144 146
146 1 943 416 0.9999738362373354 0.08222121594080603 0
8 3 0 4 1448945 29 1781919 53 1284250 78 525331 102 491566 127 502841 128 0
0
147 1 960 23 0.9882731394241252 0.07816868713529815 0
15 0 0 1 1497923 26 1175154 51 936328 75 851774 100 883823 125 500043 150 829743 175 1104056 200 1134861 225 1007975 249 1145994 274 1445157 299 2559430 300 0
0
148 1 1430 394 0.9815241072968119 0.12878816644971372 0
15 6 0 7 356826 31 405423 56 389372 80 531985 105 623341 129 540198 153 734311 178 1042172 202 933959 227 1307075 251 2057712 276 2670596 300 1948975 301 0
0
149 1 553 82 0.9836372425475759 0.0006392171424251802 0
7 147 0 148 1791338 173 1597811 199 1688424 224 2214814 249 2142518 250 0
1 148
150 1 1234 69 0.982926080867686 0.13434256065271616 0
14 0 0 1 1863931 27 858529 52 1129020 78 1498313 104 1832533 129 2810534 155 1417934 180 1558461 206 1383586 232 1012554 257 597896 283 494831 284 0
1 148
151 1 1063 769 0.9939714559311225 0.04547018634525528 0
9 147 0 148 994062 171 851418 194 947966 217 709062 241 1031515 264 2067585 287 2809683 288 0
0
152 1 1252 193 0.9915057637648983 0.04411086767105236 0
9 135 0 136 1464397 161 1434721 185 968644 209 950811 234 1168043 259 1303136 283 890373 284 0
1 151
153 1 969 475 0.9957604049162291 0.1338603661032427 0
9 10 0 11 1114771 35 959425 58 1196041 82 1417622 106 1211103 129 655374 153 538610 154 0
0
154 1 883 746 0.9900357989200057 0.027567204062812472 0
14 22 0 23 1208538 48 1127676 72 796433 97 684500 122 1031521 147 893685 171 474426 196 543994 221 1437370 246 1304855 270 2509705 295 2201691 296 0
1 153
155 1 1337 577 0.9805407375114605 0.1140088947909848 0
13 22 0 23 770617 47 610882 70 884082 94 800286 118 1019790 141 1898660 165 1703327 189 1452839 213 860564 236 943034 260 844990 261 0
0
156 1 765 664 0.9878356660410262 0.02384541985383772 0
13 34 0 35 432606 59 426799 83 634279 108 928995 132 1772832 156 1333680 180 859618 204 1601578 229 1350222 253 761140 277 1145535 278 0
1 155
157 1 980 704 0.9881767009506507 0.09003707888043012 0
12 28 0 29 914439 55 1823495 81 2107382 106 1328174 132 923582 158 1055425 184 1273433 209 1132738 235 1473184 261 1344021 262 0
0
158 1 1310 17 0.9845519074504703 0.042041308035394444 0
12 2 0 3 1541819 28 887104 52 1672250 77 1299510 101 1329680 126 931563 150 1662516 175 1641307 199 1806836 224 1540661 225 0
3 157 159 160
159 1 1265 414 0.9852590472623335 0.11207725944059371 0
11 26 0 27 1936159 52 1723304 77 1445213 103 1672905 128 1955378 153 2750319 179 1365601 204 1314046 229 946712 230 0
0
160 1 1064 108 0.9955828147623832 0.13031900793657117 0
11 78 0 79 2393517 104 2328137 129 1642995 154 2502070 179 1220260 204 781867 229 817511 254 991121 279 1390814 280 0
0
161 1 1487 206 0.9879138402784894 0.13589970691774247 0
9 89 0 90 555331 116 1133991 143 1261376 169 1507322 195 1484652 222 1182125 248 1114446 249 0
0
162 1 509 218 0.9803537827618237 0.09655481889530597 0
9 20 0 21 1651352 45 1814857 69 2257117 93 2073502 117 1444288 141 1785299 165 1508119 166 0
0
163 1 1440 359 0.9861760822351229 0.11040053518390527 0
15 6 0 7 150498 31 177527 55 453082 80 374502 104 368833 128 1040656 153 1125414 177 1074123 201 903151 225 843585 249 1277669 274 2465097 298 1846088 299 0
0
164 1 675 122 0.9808202327411656 0.05292072905508202 0
12 77 0 78 3233289 102 1881224 126 1558113 150 1677789 174 1686185 198 2512156 222 1480110 246 1156866 270 1779963 294 1552883 295 0
0
165 1 660 47 0.9844604993793269 0.1161760885871318 0
13 21 0 22 1405989 48 1074649 74 1075012 100 1042951 126 709064 152 726884 178 1126365 204 1440537 230 1234012 256 1739096 282 2395440 283 0
0
166 1 1329 291 0.9933484705145399 0.11273170995287586 0
14 4 0 5 2030225 30 2223955 55 2246089 79 1760264 104 1779184 129 1502201 154 2093029 179 1647935 204 1399014 228 1174156 253 992589 278 820874 279 0
0
167 1 799 498 0.9990181624595467 0.09121307732052016 0
12 42 0 43 730309 69 818736 94 967066 120 910189 146 1637763 171 1568600 197 2032093 223 1258162 248 2613709 274 2299357 275 0
1 166
168 1 504 218 0.9802952169413173 0.10519240746081587 0
9 20 0 21 1753643 47 1462859 74 1135644 101 1203749 127 815304 153 942067 180 1211282 181 0
1 166
169 1 624 773 0.9901711170701548 0.005468873900158605 0
10 39 0 40 1004944 65 1667694 90 2149664 115 2272396 140 1387247 165 1530032 190 1266229 215 1376800 216 0
0
170 1 630 501 0.9987146350430282 0.05326844011221367 0
13 45 0 46 3907696 70 2495528 95 3178315 119 2069711 144 1293967 168 1161965 192 929020 217 988907 241 1108918 266 628215 290 546219 291 0
1 169
171 1 1451 100 0.9979288855241852 0.013048420155414724 0
10 20 0 21 1388023 48 1309862 74 1244442 101 1408432 127 1237909 154 1729895 180 2231640 207 835964 208 0
1 170
172 1 1424 567 0.9988968847226539 0.09891042015690656 0
13 7 0 8 687405 33 1259755 58 1544864 83 1061479 108 1739282 133 1410245 157 1714314 182 1661273 207 1824839 232 1234964 257 2391409 258 0
0
173 1 1140 149 0.9834853721449811 0.03512541298935959 0
15 7 0 8 1950796 32 2020137 56 1853794 80 1632760 104 1415754 128 1848843 153 1164494 177 1297283 201 1975745 225 1407207 249 1555875 273 1658244 297 1839325 298 0
2 172 174
174 1 645 423 0.9849742180197911 0.10842264869595794 0
14 3 0 4 1056719 29 886753 53 833002 78 847401 102 845272 127 1496621 151 1798374 176 2442406 200 2889720 225 1863621 249 1487653 274 1121918 275 0
0
175 1 1356 615 0.9970679854605894 0.04807983899716022 0
10 50 0 51 2701191 77 2722616 103 2280894 129 1607856 155 1233039 181 979081 207 1664791 233 1869536 234 0
0
176 1 788 4 0.9998044853209384 0.09486311934522275 0
12 46 0 47 2959818 73 3536846 99 2693218 126 1423021 152 1227493 178 723999 204 587320 231 1008551 257 594896 283 437045 284 0
1 175
177 1 1236 497 0.9941440607118583 0.08453586570211126 0
10 68 0 69 606158 94 830585 119 517402 144 1255600 168 1466792 193 1613501 218 1263114 243 1981262 244 0
0
178 1 1231 376 0.982383919062413 0.0028599705611407344 0
14 12 0 13 521864 38 701525 63 818871 88 659283 113 1111549 138 1818131 162 1682408 187 2065071 212 2556105 237 2696016 262 2211629 287 2132698 288 0
1 177
179 1 619 237 0.9848162093124102 0.0560189280879585 0
10 100 0 101 1792151 127 2225656 152 1915448 178 964069 204 459517 230 427847 255 403440 281 291838 282 0
3 177 178 180
180 1 1412 271 0.999314419179639 0.010051155549862856 0
14 0 0 1 641579 25 762255 49 770054 73 834975 97 743735 121 1415899 144 2409371 168 1951653 192 1342463 216 1916307 240 1089920 264 650527 265 0
0
181 1 1087 83 0.9869993225336654 0.14747184430810809 0
8 51 0 52 1116569 79 1671464 106 1458898 132 1215277 159 1146604 186 1410205 187 0
0
182 1 778 194 0.9986541364684941 0.10430290927057106 0
12 50 0 51 736175 77 905914 103 782626 129 689947 155 789144 182 529063 208 809468 234 1511415 260 1229654 286 1724001 287 0
1 181
183 1 700 244 0.9835825084455371 0.049248545216737334 0
15 2 0 3 133919 27 117817 51 92117 75 209734 100 304816 124 763203 148 898980 172 1447035 196 1621113 221 1559652 245 1122495 269 1442871 293 1258941 294 0
0
184 1 1469 131 0.9929445340662855 0.06753105760510125 0
9 75 0 76 1935023 103 1440344 129 2215741 156 1052166 183 1597381 209 1614499 236 1432724 237 0
1 183
185 1 832 731 0.999300161983101 0.10632395636082236 0
9 56 0 57 1525539 83 1091871 110 933056 136 680509 162 1135145 189 1279424 215 2974954 216 0
2 183 184
186 1 540 520 0.9973850535208255 0.026677699655449916 0
13 23 0 24 847928 49 805710 73 1387700 98 1615480 122 1818431 147 2123064 172 1067862 196 803803 221 1125220 245 823651 270 1404512 271 0
0
187 1 1022 430 0.9919772674766004 0.001239397205760556 0
8 24 0 25 1734602 48 1376676 71 1786043 94 1405829 117 2275243 140 1687272 141 0
1 186
188 1 906 161 0.9866066057987007 0.13718835349564354 0
12 53 0 54 1050767 80 1303540 105 1545153 131 970747 156 1069508 182 2202482 207 1222469 233 1624713 258 1355323 284 735762 285 0
0
189 1 793 535 0.9960620916873872 0.00035316155695917507 0
10 96 0 97 1179649 122 782130 147 1457500 172 1626148 196 1771951 221 1505903 246 1628917 271 1702420 272 0
1 188
190 1 838 446 0.9980482066049877 0.06766619062502788 0
15 0 0 1 1544166 25 911306 49 1218664 73 1261087 97 1672563 121 1271985 145 1013346 170 1706695 194 1438275 218 1215593 242 1066669 266 765889 290 778354 291 0
0
191 1 586 592 0.989647451590067 0.11009929045733949 0
9 145 0 146 414210 171 610052 196 780839 221 955065 247 1454426 272 3678063 297 2205074 298 0
1 190
192 1 934 685 0.9865914075420967 0.03200899831716298 0
9 104 0 105 366492 129 952026 154 1239755 179 1311443 203 1559159 227 1619712 252 2968078 253 0
1 190
193 1 1037 186 0.9928414627301486 0.06760031316138423 0
14 26 0 27 1853221 51 1318383 76 1348612 100 963184 124 1462236 148 1790402 173 731271 197 420277 221 263823 245 192591 270 116885 294 120789 295 0
0
194 1 827 826 0.9934134336792011 0.07412810778704108 0
9 50 0 51 997707 77 981332 103 1150944 129 1182786 154 1382992 180 1081410 206 571224 207 0
1 193
195 1 509 792 0.9822667617938887 0.047999498761307255 0
14 12 0 13 1256620 37 1096379 62 2067936 86 1665743 111 1734106 135 1696325 160 1202894 184 716918 209 1429359 233 1625481 258 992745 282 741620 283 0
0
196 1 1371 167 0.9996716316026869 0.07281129409452229 0
13 33 0 34 1526688 60 1485799 86 1662252 112 1436479 138 1055619 164 1339651 190 1395790 216 1863274 242 1895511 268 1515116 294 1426753 295 0
1 195
197 1 711 270 0.9820102287785724 0.032350328854432384 0
13 46 0 47 1224032 71 886275 96 1580504 120 1709458 145 1904291 169 1876085 193 1927510 218 1513397 242 1517420 267 2596625 291 2446182 292 0
1 195
198 1 926 253 0.9990254309720265 0.07383249097352666 0
10 45 0 46 1051431 70 881812 95 1071475 119 841678 144 1293783 168 1936287 193 2378872 217 2590889 218 0
3 195 196 197
199 1 579 678 0.9952761234128005 0.11609788024825901 0
13 19 0 20 690446 44 925753 68 1468110 93 1918990 117 2190303 141 2506560 165 2653323 189 962397 214 773784 238 592682 262 594409 263 0
0
200 1 713 555 0.9862976248505477 0.11606137108732187 0
15 8 0 9 1457840 33 2410384 57 1672557 81 2450426 106 2226211 130 1641318 154 643344 178 467325 202 345499 227 259648 251 343456 275 274589 299 343661 300 0
0
201 1 1051 382 0.9876557815131163 0.12413575786156822 0
11 70 0 71 512250 96 496320 121 576171 146 1147526 171 1132939 195 1286917 220 1253505 245 1526302 270 830425 271 0
0
202 1 568 834 0.9938450851806794 0.08118269141160342 0
14 12 0 13 2382860 38 1691842 63 1377384 88 2370494 113 1450670 138 2536765 163 2243142 188 1765536 213 2390729 238 2462898 263 1353960 288 1066581 289 0
2 201 203
203 1 1326 143 0.9836846512133609 0.137160001684903 0
12 44 0 45 662113 71 745424 97 848961 124 1076451 150 826118 176 1325473 202 1142765 229 983979 255 1064207 281 1679521 282 0
0
204 1 815 510 0.9874478426881159 0.11086805666819265 0
9 98 0 99 1959378 125 1853731 151 1664185 177 2193050 204 1809333 230 1856762 256 1135278 257 0
0
205 1 1275 43 0.9808101323387844 0.06664998476218563 0
11 66 0 67 3390130 91 2057271 115 1234709 139 1133287 163 1423629 187 891325 211 685825 235 788096 259 1106996 260 0
1 204
206 1 1462 699 0.9901086365885833 0.13953901288296888 0
8 110 0 111 1292847 134 1035864 158 1559835 181 1422081 205 915829 228 1330303 229 0
1 204
207 1 1183 277 0.9918200782058519 0.058271876137513605 0
10 107 0 108 1637036 133 1103919 159 934713 184 1264602 209 1282190 234 2625338 260 2633757 285 1629914 286 0
1 206
208 1 1344 492 0.9940889344279165 0.070700761637528 0
13 1 0 2 783689 26 1029912 49 1122727 73 1681903 97 1688834 121 1918328 144 2476279 168 1818165 192 2248387 215 2618834 239 2946778 240 0
0
209 1 1450 107 0.9864826574051824 0.04010485489082377 0
14 17 0 18 957559 42 884128 66 865969 90 1365046 114 1323540 138 827479 161 1073742 185 904398 209 790909 233 1190228 257 1017445 281 1119191 282 0
1 208
210 1 620 26 0.9918140384258455 0.12062187870172714 0
14 2 0 3 975397 27 1214140 51 1590897 75 2165097 99 1912616 123 1768765 148 1719087 172 984410 196 920038 220 636976 244 716671 268 543937 269 0
2 208 209
211 1 1228 522 0.9977543870415453 0.1204627386742847 0
11 71 0 72 2483696 96 1700549 120 1525418 144 1039635 168 1432050 192 1077705 216 787575 240 617461 264 531756 265 0
0
212 1 1329 552 0.9976100211680999 0.0722348809663866 0
7 181 0 182 1971662 209 1940364 236 2145435 263 1881875 290 1669927 291 0
1 211
213 1 512 837 0.9987693714899235 0.08125557071219101 0
12 50 0 51 1719138 77 1468426 102 1068364 128 934674 154 1147163 179 776722 205 437758 231 522597 256 385418 282 662124 283 0
0
214 1 1186 798 0.9835015104773296 0.024630954211056988 0
11 15 0 16 1822475 42 2130452 68 1457463 94 854937 121 1465474 147 1046609 173 884460 199 870372 225 1082041 226 0
0
215 1 539 91 0.9902832625660711 0.01000901584282216 0
10 3 0 4 1181171 28 1802002 52 2424723 76 1813112 99 1345992 123 1310199 147 1861162 171 2776625 172 0
0
216 1 795 227 0.9833576755191876 0.046641272577587864 0
12 50 0 51 821528 77 1228571 103 1800806 128 2171552 154 1788262 180 1438170 206 915405 231 653314 257 721004 283 427452 284 0
1 215
217 1 540 593 0.9897197420624898 0.03333961582598867 0
13 5 0 6 820887 32 1071367 57 1905824 83 2406093 109 1855430 135 1311208 160 1169349 186 1135002 212 1008951 237 1943611 263 1802843 264 0
2 215 216
218 1 964 831 0.9954631380132631 0.015819699664213233 0
13 38 0 39 2788020 63 3498509 88 2795168 112 2396272 137 1586886 161 1086840 185 796375 210 781215 234 477941 259 330212 283 580977 284 0
1 217
219 1 1266 461 0.9926866257383772 0.08022405948911894 0
8 107 0 108 2142274 130 2083395 153 680922 175 1398062 198 1921547 220 2704395 221 0
0
220 1 1152 390 0.9857926326327865 0.1366020555446056 0
11 47 0 48 4182500 71 1413742 95 743791 119 596090 142 575698 165 467270 189 418970 213 337562 236 294474 237 0
1 219
221 1 617 241 0.9841160441141167 0.04268285998732361 0
14 4 0 5 1361919 31 1397465 57 641917 83 704389 109 887390 135 824930 161 835474 187 1535317 213 1312274 239 2168261 265 3057747 291 1681254 292 0
2 219 220
222 1 1471 418 0.9850705973783265 0.14955581717441743 0
15 0 0 1 1445697 26 1246058 50 1212051 75 938373 100 1158189 124 1051439 149 988030 174 1234929 198 1754228 223 2685843 248 2362277 272 2082461 297 1552045 298 0
0
223 1 692 25 0.9811217269021845 0.10116594822215444 0
10 65 0 66 231677 92 450523 117 627142 143 997606 169 978124 195 1547249 220 2059076 246 1909683 247 0
0
224 1 541 207 0.9935228573286329 0.07983101123345979 0
14 3 0 4 2120128 29 2113739 54 1591109 79 2085959 104 2345153 129 1819470 154 1437981 179 1386228 204 1576752 229 1230603 254 2111801 279 1513045 280 0
0
225 1 1401 472 0.9873861610719743 0.020854048312844754 0
11 93 0 94 1208096 119 1196630 143 1428798 167 595441 192 940821 217 719522 241 698162 265 1047621 290 972068 291 0
0
226 1 1050 679 0.9972724785287405 0.08315633460435784 0
12 80 0 81 1037890 105 884699 130 708824 154 757111 178 696962 203 998829 227 1231369 251 2658186 276 2856155 300 1252902 301 0
1 225
227 1 880 658 0.9864163640975901 0.06074347603253653 0
8 47 0 48 1318772 73 1160594 98 1240728 123 2274970 148 1436902 173 1436371 174 0
0
228 1 1189 218 0.9993383893965924 0.1468248678540467 0
13 22 0 23 1265594 48 1290449 72 2176363 97 1612679 121 1841784 146 1198391 171 1174144 195 1316917 220 1370891 244 1265216 269 756418 270 0
0
229 1 1025 104 0.9894332207099433 0.14637016103653433 0
8 66 0 67 630314 92 801111 117 782106 143 1179443 168 1509103 193 1514882 194 0
1 228
230 1 904 549 0.9970242315716664 0.03307535942180521 0
14 11 0 12 1543929 38 1009028 64 1065914 90 1806881 116 1802773 142 2081956 168 2860912 194 2667739 220 2549591 246 2038574 272 1438899 298 1551364 299 0
0
231 1 1232 76 0.9998526037670018 0.014875953655390899 0
12 24 0 25 1102288 50 824187 75 673746 100 979803 125 1237272 149 990790 174 1225916 199 1492875 224 1618201 249 1440341 250 0
1 230
232 1 1226 790 0.9944525421349102 0.047379671429465496 0
12 21 0 22 1139925 48 870668 74 749990 101 585054 127 1121419 153 1082562 179 1296310 206 1444785 232 2589553 258 3242981 259 0
2 230 231
233 1 1468 312 0.990809891531229 0.1212321936262564 0
10 70 0 71 1200565 96 1237753 121 2121772 146 2063583 170 2428985 195 1982772 220 1580430 245 2090997 246 0
2 231 232
234 1 590 90 0.9866093511867613 0.04917751330054131 0
10 42 0 43 1293113 66 2036351 90 968816 113 742322 137 666328 160 1323021 184 1237873 207 1870875 208 0
0
235 1 1472 33 0.9804634818259538 0.08160586007538508 0
8 138 0 139 1189505 164 1307845 188 1816200 213 1475828 237 996308 262 659154 263 0
0
236 1 774 530 0.986487487791768 0.0989554338463022 0
9 30 0 31 2707335 55 2164722 79 1494509 103 1458808 127 1788505 151 2158421 175 1603835 176 0
1 235
237 1 890 12 0.9880072551844515 0.004477757876133353 0
12 32 0 33 1671679 59 3247164 84 2584307 110 2368056 136 1488913 161 1490686 187 903614 213 552551 238 414939 264 416858 265 0
1 236
238 1 1362 804 0.982160938001557 0.014753297116704183 0
15 1 0 2 857221 26 426970 50 440249 75 312029 99 466031 123 913519 147 1330457 171 1459643 195 1473683 219 1570446 244 1746881 268 1462659 292 1184022 293 0
0
239 1 661 140 0.9902860729297671 0.12909147776319208 0
13 19 0 20 2454163 46 2718870 72 1471233 97 1469157 123 645584 149 454662 175 544439 201 734347 226 512727 252 780325 278 1160850 279 0
1 238
240 1 1112 267 0.9921035227448934 0.09664974467330172 0
7 82 0 83 505142 110 692857 137 616728 163 1380309 190 1827596 191 0
2 238 239
241 1 652 262 0.9823446040092643 0.09703960826166241 0
9 27 0 28 2053662 54 2204591 81 1560957 107 1363812 133 1544416 160 976151 186 733627 187 0
0
242 1 625 160 0.9885440699149114 0.025466774437390347 0
14 1 0 2 378362 28 595979 53 808306 79 701948 105 1289553 130 1936513 156 2339978 181 2818659 207 1759746 233 1980162 258 2853770 284 2497910 285 0
1 241
243 1 1174 326 0.9935367067638319 0.08592273584372846 0
14 23 0 24 2555689 49 1575337 74 2055068 99 1030501 124 1384903 149 1952016 174 1479942 199 1491200 224 1391131 249 1707255 274 2255920 299 2427680 300 0
3 241 242 244
244 1 1330 606 0.9861672576579154 0.046336956412098465 0
11 65 0 66 1616211 91 1418638 115 1471157 140 1255835 165 678461 190 980329 215 466506 239 313884 264 323170 265 0
1 242
245 1 1379 256 0.9884705941509985 0.0844871910296378 0
8 117 0 118 1892288 141 1496440 165 1428325 188 1196972 212 1051085 235 958685 236 0
0
246 1 516 162 0.9970119010021453 0.1453793593988409 0
14 13 0 14 327194 39 464100 65 799430 90 881618 115 1082043 141 1194523 166 2450239 192 2243693 217 1434270 242 1824130 268 1957083 293 1252025 294 0
1 245
247 1 807 43 0.9854860868806993 0.009943749324572248 0
14 1 0 2 1378685 26 760258 51 552166 75 714549 99 634707 123 994118 148 806186 172 1410381 196 1943816 220 1615965 245 2461177 269 2767548 270 0
0
248 1 1345 677 0.9942501087057226 0.08969227548047394 0
13 11 0 12 418220 37 418571 62 820141 87 1491794 112 1457424 137 1769860 163 2065396 188 2865744 213 1581568 238 1031532 263 787628 264 0
1 247
249 1 1103 383 0.9997803146051845 0.13318620486060684 0
12 29 0 30 857728 55 1274857 80 1555204 104 1352232 129 1391505 154 1325951 179 782260 203 742235 228 795753 253 775477 254 0
3 247 250 248
250 1 1038 116 0.9952935876967349 0.061133953544991876 0
14 9 0 10 1101607 35 1219566 60 800096 85 1050436 110 1026307 135 1072971 160 1037975 185 1176183 210 1491140 235 2186372 260 2491992 285 3379581 286 0
0
7 12 11598643162228040350
0.98922632047529435 0.010772893081372545 7.8644333311045697e-07 0 0 0 0 
0.0089200006047319529 0.82084573547428608 0.17014975024161058 8.4513679371500254e-05 0 0 0 
0.00032472656255418781 0.42525637760150153 0.54726696567928534 0.027118825099963675 3.3105056695357375e-05 0 0 
0 2.1071624926509264e-06 0.0088247165752158799 0.97239821780546065 0.018752904064297013 2.2054392533978276e-05 0 
0 0 4.0831341991025342e-08 0.05709228986146922 0.91687433277577179 0.025980548067743438 5.2788463673516503e-05 
0 0 0 5.7211382554397352e-06 0.11572455964624589 0.85229561869238235 0.03197410052311643 
0 0 0 0 8.6627955780469427e-05 0.14807353929616543 0.85183983274805408 
7 0 0 0 0 0 0 0
0.00813993632789709 0.9979070155348678 1.794619437511915
