A
300
375 636
1 23.0 32.0
2 24.0 32.0
3 24.0 30.0
4 24.0 31.0
5 22.0 31.0
6 23.0 31.0
7 23.0 30.0
8 23.0 29.0
9 24.0 29.0
10 24.0 28.0
11 22.0 29.0
12 23.0 28.0
13 22.0 28.0
14 21.0 32.0
15 22.0 32.0
16 21.0 31.0
17 22.0 30.0
18 21.0 30.0
19 20.0 32.0
20 20.0 31.0
21 23.0 27.0
22 24.0 27.0
23 24.0 26.0
24 22.0 27.0
25 23.0 26.0
26 18.0 14.0
27 19.0 14.0
28 7.0 17.0
29 8.0 17.0
30 1.0 24.0
31 1.0 25.0
32 2.0 14.0
33 3.0 14.0
34 4.0 24.0
35 5.0 24.0
36 7.0 21.0
37 8.0 21.0
38 9.0 0.0
39 10.0 0.0
40 4.0 19.0
41 4.0 20.0
42 6.0 22.0
43 7.0 22.0
44 7.0 12.0
45 8.0 12.0
46 16.0 3.0
47 17.0 3.0
48 4.0 23.0
49 3.0 25.0
50 3.0 26.0
51 3.0 13.0
52 5.0 20.0
53 5.0 21.0
54 8.0 3.0
55 8.0 4.0
56 8.0 19.0
57 8.0 20.0
58 6.0 19.0
59 7.0 19.0
60 7.0 16.0
61 8.0 16.0
62 18.0 0.0
63 18.0 1.0
64 6.0 20.0
65 2.0 24.0
66 3.0 24.0
67 4.0 13.0
68 5.0 19.0
69 20.0 4.0
70 21.0 4.0
71 5.0 18.0
72 12.0 17.0
73 13.0 17.0
74 19.0 3.0
75 19.0 4.0
76 20.0 3.0
77 5.0 16.0
78 6.0 16.0
79 6.0 30.0
80 6.0 31.0
81 4.0 18.0
82 10.0 1.0
83 10.0 2.0
84 0.0 25.0
85 5.0 17.0
86 4.0 17.0
87 8.0 2.0
88 11.0 4.0
89 12.0 4.0
90 16.0 7.0
91 17.0 7.0
92 4.0 16.0
93 8.0 24.0
94 8.0 25.0
95 15.0 14.0
96 16.0 14.0
97 16.0 12.0
98 16.0 13.0
99 6.0 25.0
100 6.0 26.0
101 7.0 20.0
102 8.0 22.0
103 15.0 12.0
104 15.0 13.0
105 3.0 29.0
106 4.0 29.0
107 12.0 11.0
108 13.0 11.0
109 2.0 27.0
110 3.0 27.0
111 2.0 28.0
112 2.0 29.0
113 18.0 2.0
114 18.0 3.0
115 21.0 2.0
116 22.0 2.0
117 15.0 11.0
118 16.0 11.0
119 4.0 14.0
120 2.0 31.0
121 2.0 32.0
122 7.0 11.0
123 8.0 11.0
124 6.0 21.0
125 14.0 11.0
126 12.0 22.0
127 12.0 23.0
128 15.0 10.0
129 16.0 10.0
130 16.0 8.0
131 16.0 9.0
132 14.0 18.0
133 14.0 19.0
134 2.0 12.0
135 3.0 12.0
136 15.0 8.0
137 15.0 9.0
138 14.0 9.0
139 14.0 10.0
140 6.0 27.0
141 7.0 27.0
142 4.0 26.0
143 14.0 13.0
144 11.0 2.0
145 12.0 2.0
146 14.0 12.0
147 15.0 18.0
148 16.0 18.0
149 5.0 27.0
150 5.0 28.0
151 6.0 28.0
152 19.0 2.0
153 20.0 2.0
154 6.0 17.0
155 12.0 12.0
156 5.0 23.0
157 21.0 28.0
158 12.0 10.0
159 13.0 10.0
160 5.0 22.0
161 11.0 3.0
162 13.0 22.0
163 14.0 22.0
164 2.0 30.0
165 7.0 25.0
166 7.0 26.0
167 6.0 18.0
168 7.0 18.0
169 11.0 0.0
170 10.0 15.0
171 10.0 16.0
172 10.0 14.0
173 17.0 2.0
174 6.0 23.0
175 16.0 5.0
176 17.0 5.0
177 9.0 14.0
178 9.0 15.0
179 20.0 30.0
180 5.0 26.0
181 1.0 31.0
182 9.0 3.0
183 10.0 3.0
184 14.0 14.0
185 9.0 4.0
186 13.0 12.0
187 0.0 28.0
188 0.0 29.0
189 16.0 4.0
190 17.0 4.0
191 3.0 16.0
192 14.0 0.0
193 15.0 0.0
194 4.0 25.0
195 5.0 25.0
196 0.0 26.0
197 9.0 1.0
198 8.0 0.0
199 10.0 4.0
200 14.0 1.0
201 14.0 2.0
202 9.0 2.0
203 15.0 21.0
204 16.0 21.0
205 16.0 2.0
206 16.0 1.0
207 11.0 5.0
208 11.0 6.0
209 4.0 22.0
210 8.0 18.0
211 4.0 12.0
212 4.0 21.0
213 8.0 1.0
214 10.0 5.0
215 12.0 6.0
216 13.0 6.0
217 12.0 1.0
218 2.0 15.0
219 2.0 16.0
220 12.0 3.0
221 7.0 10.0
222 1.0 26.0
223 16.0 6.0
224 11.0 1.0
225 15.0 1.0
226 15.0 2.0
227 21.0 5.0
228 21.0 6.0
229 11.0 7.0
230 11.0 8.0
231 12.0 7.0
232 0.0 31.0
233 0.0 32.0
234 8.0 14.0
235 8.0 15.0
236 7.0 31.0
237 7.0 32.0
238 8.0 31.0
239 8.0 32.0
240 10.0 7.0
241 10.0 8.0
242 6.0 24.0
243 9.0 18.0
244 1.0 27.0
245 1.0 28.0
246 1.0 30.0
247 4.0 30.0
248 14.0 23.0
249 1.0 32.0
250 14.0 8.0
251 2.0 13.0
252 18.0 15.0
253 12.0 8.0
254 13.0 8.0
255 14.0 17.0
256 8.0 10.0
257 6.0 10.0
258 6.0 12.0
259 3.0 15.0
260 15.0 5.0
261 15.0 6.0
262 13.0 20.0
263 14.0 20.0
264 13.0 7.0
265 12.0 5.0
266 13.0 16.0
267 14.0 16.0
268 16.0 0.0
269 19.0 1.0
270 6.0 11.0
271 1.0 29.0
272 18.0 4.0
273 14.0 4.0
274 15.0 4.0
275 12.0 0.0
276 22.0 6.0
277 10.0 6.0
278 2.0 25.0
279 14.0 5.0
280 17.0 6.0
281 18.0 6.0
282 10.0 18.0
283 10.0 19.0
284 8.0 26.0
285 14.0 6.0
286 6.0 32.0
287 9.0 20.0
288 20.0 5.0
289 20.0 6.0
290 4.0 15.0
291 15.0 19.0
292 15.0 20.0
293 3.0 30.0
294 19.0 6.0
295 12.0 18.0
296 12.0 19.0
297 13.0 23.0
298 13.0 24.0
299 12.0 16.0
300 4.0 27.0
301 19.0 0.0
302 0.0 24.0
303 14.0 7.0
304 9.0 16.0
305 13.0 19.0
306 8.0 30.0
307 13.0 18.0
308 20.0 0.0
309 2.0 26.0
310 14.0 24.0
311 15.0 24.0
312 0.0 27.0
313 16.0 20.0
314 4.0 28.0
315 3.0 28.0
316 18.0 7.0
317 0.0 30.0
318 16.0 19.0
319 7.0 24.0
320 7.0 28.0
321 8.0 27.0
322 21.0 3.0
323 22.0 3.0
324 8.0 28.0
325 6.0 29.0
326 7.0 29.0
327 7.0 30.0
328 8.0 29.0
329 15.0 22.0
330 9.0 19.0
331 17.0 8.0
332 14.0 21.0
333 10.0 20.0
334 12.0 20.0
335 12.0 24.0
336 22.0 4.0
337 18.0 5.0
338 15.0 23.0
339 20.0 1.0
340 18.0 8.0
341 19.0 5.0
342 22.0 5.0
343 20.0 28.0
344 2.0 22.0
345 2.0 20.0
346 2.0 18.0
347 0.0 18.0
348 10.0 10.0
349 0.0 16.0
350 0.0 22.0
351 12.0 14.0
352 10.0 12.0
353 4.0 8.0
354 6.0 8.0
355 8.0 8.0
356 0.0 20.0
357 4.0 10.0
358 16.0 16.0
359 8.0 6.0
360 0.0 14.0
361 4.0 32.0
362 0.0 12.0
363 22.0 0.0
364 18.0 16.0
365 20.0 8.0
366 18.0 12.0
367 20.0 12.0
368 16.0 32.0
369 12.0 32.0
370 12.0 28.0
371 0.0 8.0
372 16.0 28.0
373 32.0 32.0
374 32.0 24.0
375 0.0 0.0
373 374 8
371 375 8
370 372 4
369 370 4
368 369 4
366 367 2
362 371 4
360 362 2
358 364 2
355 359 2
354 355 2
353 371 4
353 357 2
353 354 2
350 356 2
349 360 2
348 352 2
347 356 2
347 349 2
346 347 2
345 356 2
345 346 2
344 345 2
344 350 2
340 365 2
337 341 1
335 370 4
333 334 2
331 340 1
326 327 1
326 328 1
325 326 1
324 370 4
324 328 1
322 323 1
321 324 1
320 326 1
320 324 1
316 340 1
314 315 1
313 318 1
310 311 1
308 363 2
308 339 1
306 327 1
306 328 1
305 307 1
302 350 2
301 308 1
300 314 1
299 351 2
298 310 1
298 335 1
297 298 1
296 334 1
296 305 1
295 307 1
295 296 1
294 341 1
292 313 1
291 318 1
291 292 1
289 365 2
289 294 1
288 341 1
288 289 1
287 333 1
287 330 1
286 361 2
285 303 1
284 321 1
283 333 1
283 330 1
282 295 2
282 283 1
281 316 1
281 337 1
281 294 1
280 281 1
279 285 1
278 309 1
277 359 2
273 279 1
273 274 1
272 337 1
269 339 1
269 301 1
267 358 2
266 299 1
266 267 1
264 303 1
263 332 1
263 292 1
262 334 1
262 305 1
262 263 1
261 285 1
260 279 1
260 274 1
260 261 1
259 290 1
258 270 1
123 256 1
122 270 1
122 221 1
122 123 1
121 361 2
121 249 1
120 164 1
120 181 1
120 121 1
119 290 1
118 129 1
117 128 1
117 125 1
117 118 1
115 322 1
115 153 1
115 116 1
114 272 1
113 152 1
113 173 1
113 114 1
112 271 1
112 164 1
111 315 1
111 245 1
111 112 1
110 300 1
110 315 1
109 244 1
109 309 1
109 111 1
109 110 1
108 125 1
108 186 1
108 159 1
107 158 1
107 155 1
107 108 1
106 314 1
106 247 1
105 315 1
105 112 1
105 293 1
105 106 1
104 143 1
103 146 1
103 117 1
103 104 1
100 180 1
100 166 1
100 140 1
99 195 1
99 242 1
99 165 1
99 100 1
98 104 1
97 366 2
97 118 1
97 103 1
97 98 1
96 358 2
96 98 1
95 104 1
95 184 1
95 96 1
94 165 1
94 284 1
93 335 4
93 102 2
93 319 1
93 94 1
92 290 1
92 191 1
91 331 1
91 280 1
91 316 1
90 223 1
90 130 1
90 91 1
89 273 2
89 220 1
89 265 1
88 207 1
88 199 1
88 161 1
88 89 1
87 213 1
87 202 1
86 92 1
85 154 1
85 86 1
84 302 1
84 196 1
83 202 1
83 183 1
83 144 1
82 224 1
82 197 1
82 83 1
81 346 2
81 86 1
80 286 1
80 236 1
79 247 2
79 325 1
79 327 1
79 80 1
78 154 1
77 92 1
77 85 1
77 78 1
76 322 1
76 153 1
75 341 1
75 272 1
74 152 1
74 76 1
74 114 1
74 75 1
73 307 1
73 266 1
73 255 1
72 295 1
72 299 1
72 73 1
71 167 1
71 85 1
71 81 1
70 227 1
70 322 1
70 336 1
69 76 1
69 288 1
69 75 1
69 70 1
68 71 1
67 211 1
67 119 1
65 344 2
65 278 1
65 66 1
64 101 1
64 124 1
63 113 1
63 269 1
62 268 2
62 301 1
62 63 1
61 304 1
61 235 1
60 78 1
60 61 1
26 366 2
26 96 2
26 252 1
26 27 1
22 23 1
21 25 1
21 24 1
21 22 1
20 179 1
19 368 4
19 20 1
18 179 1
17 18 1
16 18 1
16 20 1
14 16 1
14 19 1
14 15 1
125 139 1
125 146 1
1 6 1
1 15 1
1 2 1
255 267 1
57 287 1
57 101 1
28 168 1
28 60 1
28 154 1
28 29 1
126 334 2
126 162 1
126 127 1
2 373 8
2 4 1
256 355 2
256 348 2
58 68 1
58 167 1
58 64 1
58 59 1
29 210 1
29 61 1
127 335 1
127 297 1
3 9 1
3 7 1
3 4 1
257 357 2
257 354 2
257 270 1
59 168 1
59 101 1
4 6 1
5 17 1
5 16 1
5 15 1
5 6 1
6 7 1
7 17 1
7 8 1
8 12 1
8 11 1
8 9 1
9 10 1
10 22 1
10 12 1
11 17 1
11 13 1
12 21 1
12 13 1
13 24 1
13 157 1
30 65 1
30 302 1
30 31 1
31 222 1
31 278 1
31 84 1
32 360 2
32 251 1
32 218 1
32 33 1
33 119 1
33 259 1
33 51 1
34 66 1
34 194 1
34 48 1
34 35 1
35 242 1
35 195 1
35 156 1
36 101 1
36 43 1
36 124 1
36 37 1
37 102 1
37 57 1
38 197 1
38 198 1
38 39 1
39 82 1
39 169 1
40 81 1
40 68 1
40 41 1
41 345 2
41 52 1
41 212 1
42 174 1
42 124 1
42 160 1
42 43 1
43 102 1
44 258 1
44 122 1
44 45 1
45 234 2
45 352 2
45 123 1
46 189 1
46 205 1
46 47 1
47 114 1
47 190 1
47 173 1
48 156 1
48 209 1
49 194 1
49 278 1
49 66 1
49 50 1
50 110 1
50 309 1
50 142 1
51 251 1
51 135 1
51 67 1
52 68 1
52 64 1
52 53 1
53 212 1
53 160 1
53 124 1
54 182 1
54 87 1
54 55 1
55 359 2
55 185 1
56 330 1
56 210 1
56 59 1
56 57 1
128 139 1
128 137 1
128 129 1
129 131 1
130 331 1
130 136 1
130 131 1
131 137 1
132 307 1
132 147 1
132 255 1
132 133 1
133 291 1
133 263 1
133 305 1
134 362 2
134 251 1
134 135 1
135 211 1
136 137 1
136 250 1
137 138 1
138 250 1
138 139 1
139 159 1
140 151 1
140 149 1
140 141 1
141 166 1
141 321 1
141 320 1
142 300 1
142 194 1
142 180 1
143 184 1
143 146 1
144 161 1
144 224 1
144 145 1
145 201 2
145 220 1
145 217 1
146 186 1
147 291 1
147 148 1
148 358 2
148 318 1
149 180 1
149 150 1
149 300 1
150 314 1
150 151 1
151 325 1
151 320 1
152 269 1
152 153 1
153 339 1
154 167 1
155 351 2
155 352 2
155 186 1
156 160 1
156 174 1
158 253 2
158 348 2
158 159 1
160 209 1
161 183 1
161 220 1
162 297 1
162 163 1
163 332 1
163 329 1
163 248 1
164 293 1
164 246 1
165 319 1
165 166 1
166 284 1
167 168 1
168 210 1
169 275 1
169 224 1
170 178 1
170 172 1
170 171 1
171 282 2
171 299 2
171 304 1
172 352 2
172 351 2
172 177 1
173 205 1
174 242 1
175 260 1
175 223 1
175 189 1
175 176 1
176 337 1
176 280 1
176 190 1
177 234 1
177 178 1
178 304 1
178 235 1
179 343 2
180 195 1
181 232 1
181 249 1
181 246 1
182 202 1
182 185 1
182 183 1
183 199 1
184 267 2
184 351 2
185 199 1
187 245 1
187 312 1
187 188 1
188 317 1
188 271 1
189 274 1
189 190 1
190 272 1
191 259 1
191 219 1
192 275 2
192 200 1
192 193 1
193 268 1
193 225 1
194 195 1
196 312 1
196 222 1
197 213 1
197 202 1
198 375 8
198 213 1
199 214 1
200 225 1
200 201 1
201 273 2
201 226 1
203 329 1
203 292 1
203 332 1
203 204 1
204 313 1
205 226 1
205 206 1
206 225 1
206 268 1
207 214 1
207 265 1
207 208 1
208 215 1
208 277 1
208 229 1
209 344 2
209 212 1
210 243 1
211 357 2
211 258 2
214 277 1
215 265 1
215 231 1
215 216 1
216 285 1
216 264 1
217 224 1
217 275 1
218 259 1
218 219 1
219 349 2
219 346 2
221 256 1
221 257 1
222 244 1
222 309 1
223 280 1
223 261 1
225 226 1
227 342 1
227 288 1
227 228 1
228 289 1
228 276 1
229 231 1
229 240 1
229 230 1
230 253 1
230 241 1
231 253 1
231 264 1
232 317 1
232 233 1
233 249 1
234 235 1
236 238 1
236 327 1
236 237 1
237 239 1
237 286 1
238 306 1
238 239 1
239 369 4
240 277 1
240 241 1
241 348 2
241 355 2
242 319 1
243 282 1
243 330 1
244 312 1
244 245 1
245 271 1
246 317 1
246 271 1
247 361 2
247 293 1
248 338 1
248 310 1
248 297 1
250 303 1
250 254 1
253 254 1
254 264 1
2
158 51 1 2
271 33 1 1
501
1 1 975 164 0.9920128394957186 0.09235183554094059 0
13 37 0 38 912243 64 926886 90 820169 115 1008916 141 1013819 167 1346307 193 652254 219 837421 244 1216813 270 869448 296 1346907 297 0
0
2 1 1118 229 0.9911942173735071 0.13499479352503502 0
10 84 0 85 1205905 110 1082860 135 1052188 160 766534 186 826485 211 1520049 236 965699 261 610792 262 0
1 1
3 2 1298 131 0.9831358839080193 0.08413072332135468 0
8 78 0 79 1022294 102 1020037 125 1132762 148 1586344 171 1709064 194 2657689 195 0
1 1
4 2 793 114 0.9841380667255436 0.10242902501884972 0
10 58 0 59 2527133 82 1871329 105 763788 128 798525 152 632183 175 462439 198 373021 221 313130 222 0
3 1 2 3
5 1 1453 245 0.9879178963544916 0.038443909641830955 0
11 85 0 86 1470944 112 1210018 138 1112783 164 1374515 191 1268398 217 1326722 243 846166 269 571384 295 1061980 296 0
0
6 2 889 138 0.9998186258261748 0.006783285949650963 0
13 15 0 16 1447707 42 1478731 67 2133473 93 1360801 118 1302206 144 1320101 170 1471876 195 1022257 221 947220 246 1226493 272 1309709 273 0
2 5 7
7 1 1385 58 0.9963359149297025 0.13456904499272185 0
9 142 0 143 1934598 166 1313955 189 1101943 212 1033396 235 1276564 258 1731872 281 3700374 282 0
0
8 1 861 230 0.9885067712923379 0.10640348362247608 0
13 23 0 24 853135 49 522088 75 936515 100 2319410 125 2258807 151 2595497 176 2476427 201 2303243 226 1652827 252 966596 277 1039058 278 0
0
9 1 696 210 0.9875250359765387 0.09801624563090137 0
9 141 0 142 1546905 168 1680518 193 2027967 219 1306696 245 1818350 270 1248876 296 945230 297 0
1 8
10 1 1033 193 0.9987182706610124 0.12152588519161338 0
9 96 0 97 2087853 120 2122923 144 1389336 167 1469825 190 2192653 214 1635825 237 2069928 238 0
0
11 2 1168 214 0.9972672358747076 0.08905868787970873 0
8 90 0 91 1232324 118 788487 144 1495311 171 1035307 197 788634 224 1452218 225 0
1 10
12 1 1481 92 0.9870111496264228 0.006852196632758917 0
9 141 0 142 321750 166 540540 190 722427 214 765628 238 1574304 262 1531165 286 1182617 287 0
3 10 13 11
13 1 1311 98 0.9967160723129197 0.13465773134369338 0
7 154 0 155 1999086 183 1195814 211 1200625 238 1873730 266 1500842 267 0
0
14 1 1281 84 0.988790235600225 0.05806715393309806 0
7 14 0 15 956098 41 1276413 68 1395398 95 916235 121 719828 122 0
0
15 1 1129 102 0.9942107858951441 0.004191069664242003 0
12 80 0 81 743086 105 1202598 128 767214 152 553582 175 760518 199 2054660 222 1469770 246 1279030 269 1131266 293 1115283 294 0
0
16 2 1180 218 0.9959893227625574 0.05745019000175964 0
9 98 0 99 924738 126 752740 153 964056 179 1602082 206 1955953 233 2153527 260 1588021 261 0
1 15
17 2 1234 68 0.9993653384400601 0.06965438837965264 0
9 138 0 139 366586 162 405464 186 623610 209 1248628 232 1755688 256 1121364 279 709202 280 0
1 15
18 2 1399 281 0.989055519255344 0.010418456496409727 0
10 85 0 86 1698312 112 1624646 138 1284326 164 740233 189 966098 215 1258096 241 920400 267 882609 268 0
1 17
19 2 1033 13 0.9939456904429051 0.08596529349510758 0
15 2 0 3 3368366 28 3050210 52 2851603 77 3045526 102 1438248 126 1412509 151 951600 176 721375 200 796658 225 640000 250 572422 274 1107332 299 1115068 300 0
0
20 1 1269 304 0.989447360613374 0.1324980577496029 0
13 10 0 11 1426144 35 2290774 60 1722018 84 1871886 108 1781713 133 1669686 157 1442136 181 1170699 205 1606025 230 1757029 254 1130062 255 0
1 19
21 1 1103 338 0.9925895035227204 0.03410326031292896 0
10 94 0 95 813301 119 706867 142 545253 166 464897 190 737723 214 1323155 237 1792847 261 1688889 262 0
0
22 1 868 41 0.9830014862569816 0.11433842107941673 0
14 11 0 12 2692492 38 1601737 63 1141724 89 834202 115 1004417 141 690126 166 845109 192 1131185 218 1551300 244 2140840 269 2366151 295 2929091 296 0
1 21
23 1 1280 334 0.9955923333696006 0.10384135471220474 0
9 42 0 43 2150262 66 1654722 90 809176 113 1811318 136 2331184 160 2374016 183 1549048 184 0
0
24 1 1018 239 0.9947770759353136 0.06889560884829915 0
14 12 0 13 2131940 39 3104115 65 1357458 90 1472833 116 963193 142 831540 168 798280 194 866856 220 906710 245 1107619 271 831306 297 904712 298 0
1 23
25 1 1398 93 0.9871302384768817 0.023928342074916058 0
8 46 0 47 1011903 73 2052540 98 1751513 124 1631563 149 697585 175 574932 176 0
0
26 2 928 136 0.9843361787303613 0.026141273380293244 0
9 33 0 34 906019 61 783965 88 865114 115 904064 141 1772296 168 1414805 195 1568977 196 0
1 25
27 1 1387 278 0.9934676662651332 0.03093070103968937 0
7 79 0 80 770006 107 756553 133 848834 159 1504816 186 1013834 187 0
2 25 26
28 1 1435 268 0.981701661638893 0.13937557379708346 0
13 13 0 14 712302 39 964833 64 1197122 88 1111386 113 1650350 138 1440996 163 1288486 188 1085738 212 2116648 237 3161730 262 2294847 263 0
0
29 1 645 329 0.9812209986614968 0.09363791254515164 0
14 13 0 14 1210821 39 1544766 64 2273211 89 2167447 114 2365805 139 1941483 163 2576479 188 2133330 213 1968178 238 1605865 263 1721559 288 1680267 289 0
1 28
30 2 846 82 0.9925875610896986 0.019327162624146483 0
11 76 0 77 867625 102 923137 127 1227626 151 2022333 176 1512901 201 1121121 225 615130 250 743207 275 570179 276 0
1 29
31 2 725 62 0.9910951043942207 0.04285124778586791 0
11 24 0 25 1814870 50 1829062 75 1398225 100 1577669 125 1351280 151 1313356 176 1422367 201 967676 226 994095 227 0
0
32 1 729 337 0.991649643445493 0.0850017112401051 0
15 5 0 6 2341687 30 1486485 55 818752 79 1353120 103 1941187 128 2929315 152 1904104 176 2043477 201 1577600 225 1592012 249 1981263 274 1257335 298 1443292 299 0
0
33 2 902 222 0.9904995354152784 0.02823623920103091 0
13 38 0 39 1535684 65 1288564 90 1874695 116 1740797 141 1227615 167 1190178 193 947879 218 1201209 244 1182872 269 1281782 295 1489900 296 0
0
34 2 1234 94 0.9831526404589774 0.06072784645306487 0
11 35 0 36 1964848 59 1828696 83 1535747 106 830171 129 755754 153 786529 176 398747 200 581619 223 543828 224 0
0
35 1 699 273 0.9812455393153643 0.02232160614574148 0
9 74 0 75 908563 102 1332772 129 1032207 155 1462202 182 1699279 209 1584556 236 1672004 237 0
0
36 2 850 358 0.9855854476630804 0.10606059447824849 0
13 8 0 9 807079 34 511988 60 361071 85 628926 110 889867 135 970991 161 1227191 186 1519563 211 2526924 237 3786705 262 2890726 263 0
1 35
37 1 1200 44 0.9883158945345697 0.031737629915356905 0
13 31 0 32 723822 57 681473 81 599525 106 401805 130 618497 155 1169038 180 1231791 204 1339517 229 1763332 253 2628673 278 2911801 279 0
0
38 1 1297 343 0.9875046745514808 0.13070518833327116 0
12 27 0 28 2786191 54 2219864 79 1816780 105 925535 131 719761 156 696175 182 879516 208 811781 233 577526 259 429353 260 0
1 37
39 2 880 103 0.9921250639752054 0.1378008389514718 0
14 26 0 27 1474679 51 1135511 75 1327828 99 1463665 123 1338973 147 833701 170 1285017 194 868959 218 1505311 242 1728338 266 1565214 290 1949705 291 0
1 37
40 1 610 149 0.9823377293504598 0.07010068710953656 0
10 38 0 39 1549741 62 1106413 86 1223910 109 773003 133 797305 156 650140 180 1413846 203 1700833 204 0
3 37 38 39
41 1 1348 197 0.9908356453255621 0.13742639383658314 0
14 9 0 10 333086 35 361291 60 628314 85 694701 110 861643 135 1247890 161 1591464 186 2432764 211 2086762 236 2219697 261 2283257 286 2954180 287 0
0
42 2 1248 108 0.9841889313316473 0.13112597817468086 0
14 14 0 15 799527 40 981226 66 1323081 91 1197018 117 1153947 142 948061 168 470651 193 924108 219 1136694 244 1082547 270 1487148 295 3299561 296 0
1 41
43 1 982 170 0.9995011280121592 0.12496287230721981 0
11 65 0 66 783547 91 960215 116 985745 141 958116 166 1288271 191 2066264 216 1591353 241 1746672 266 2249242 267 0
0
44 1 1330 159 0.9981748350862616 0.12018211032060588 0
10 80 0 81 773280 105 638703 130 693016 154 967250 178 1412265 202 1121207 227 1175453 251 1188931 252 0
2 43 45
45 2 1222 104 0.987018395156264 0.13078354356325894 0
12 56 0 57 621393 82 576549 107 896304 132 1499890 157 1622699 181 1854899 206 1343793 231 1179043 256 1792424 281 1545250 282 0
0
46 2 1316 20 0.9924068999369697 0.10246040289728822 0
7 114 0 115 1523307 143 1198085 170 1455397 197 1934586 225 1514090 226 0
1 45
47 1 1129 320 0.9973052738841102 0.09190059712728037 0
15 0 0 1 376408 26 315983 51 481895 76 224674 101 187678 126 241753 151 392043 175 774741 200 961492 225 1853497 250 2219800 275 2682157 300 3009027 301 0
0
48 1 1389 308 0.9974710023177845 0.0922763015584283 0
11 88 0 89 1496124 114 2093375 139 1212289 164 1848685 189 1675944 215 1198304 240 863979 265 1370666 290 1458118 291 0
1 47
49 1 1425 196 0.9925114024287541 0.005558626478171563 0
10 10 0 11 2599528 35 2943639 59 1589832 83 1873456 108 1563589 132 1605813 156 1430351 180 899898 181 0
1 48
50 2 549 188 0.9938812425781488 0.039161718782575565 0
10 130 0 131 1586100 155 1502121 179 1697171 203 1081177 228 1163884 252 1761177 276 1361847 300 1133825 301 0
0
51 2 1222 371 0.9818261522868037 0.135939247518699 0
14 10 0 11 4458341 37 3077523 62 2173486 88 1134455 114 1310675 139 1554902 165 1236301 190 899718 216 843475 242 1200282 267 1292888 293 1181039 294 0
1 50
52 1 1171 189 0.9887923062682511 0.0022785406129038786 0
9 15 0 16 2708773 41 1748945 65 944409 89 732768 114 786151 139 587045 163 490505 164 0
2 50 51
53 2 1202 290 0.9890488181563766 0.1436055592254091 0
14 11 0 12 897377 36 1049074 61 839063 85 1888747 109 1778645 133 1518238 158 1124605 182 1716437 206 1392409 230 912467 255 1028359 279 876482 280 0
1 52
54 2 1480 218 0.9891660101738854 0.03814639618310464 0
9 7 0 8 1242570 33 1476715 58 1117432 83 1377081 107 2684716 132 3230905 157 1353470 158 0
0
55 1 889 279 0.9915887899639974 0.07761503399541093 0
7 45 0 46 535496 72 1138230 97 1418939 123 1195371 149 1818768 150 0
0
56 2 798 237 0.9993643351679834 0.11478206581823444 0
10 59 0 60 4055149 83 2445919 107 1884513 130 1524733 154 989757 177 900779 201 668333 224 655363 225 0
1 55
57 2 842 307 0.9900245688402547 0.07993142528461457 0
8 166 0 167 583910 192 775935 217 945482 241 1391129 266 1104769 291 1217989 292 0
2 55 56
58 2 1193 5 0.9925121330604019 0.027568298948155545 0
14 17 0 18 1716506 42 2491330 66 1111651 91 1379217 115 487530 139 408272 163 784798 187 314957 211 171036 236 127246 260 196222 284 172563 285 0
0
59 2 798 284 0.9965794254019736 0.051588702080100156 0
9 31 0 32 2280094 59 2040719 86 2012362 113 2038613 139 1591642 166 1317771 193 1986949 194 0
1 58
60 2 778 352 0.9821583485430787 0.13603277700327251 0
11 40 0 41 794054 65 1235361 89 1784998 113 1609214 137 1161469 161 908035 185 642529 209 793455 233 513818 234 0
1 59
61 2 1476 313 0.9987718722087726 0.1234644865526016 0
8 166 0 167 1678677 190 1574832 212 1759536 235 1379688 257 1346838 280 1205024 281 0
1 59
62 2 707 368 0.9983606736600585 0.03472069482180796 0
14 23 0 24 453808 49 892628 73 853212 98 656379 123 677668 147 454590 172 701359 196 896955 221 1123649 246 1319926 270 1517989 295 2233027 296 0
0
63 2 1487 277 0.9922400428356557 0.1452390509179727 0
8 182 0 183 876462 206 1010480 228 998642 251 1555757 273 1183434 296 1078818 297 0
1 62
64 1 1399 262 0.9903347580707795 0.0971578924526477 0
14 0 0 1 2171533 26 1520912 52 1524020 77 1873465 102 2934477 127 2673230 153 1816514 178 1852660 203 1525419 228 1475532 254 998799 279 972665 280 0
0
65 2 1424 61 0.9836445493998819 0.12671689192862834 0
10 91 0 92 926718 116 1293418 141 1073627 165 862697 190 1171890 214 2584994 239 2286117 263 1720513 264 0
0
66 1 1493 235 0.9855990252207059 0.0016185662829139857 0
7 89 0 90 1682783 115 1527313 141 1268552 167 1008453 192 1394399 193 0
0
67 2 1015 75 0.9951869096829187 0.050982833704504626 0
12 58 0 59 1400428 83 1118291 107 1137218 130 911851 154 711491 178 564388 202 716297 225 1298840 249 1818969 273 741722 274 0
1 66
68 2 572 121 0.9880693073914241 0.08838798929143979 0
13 20 0 21 3036992 45 2256687 70 1905695 94 1955263 119 1854618 143 1396797 167 1040047 192 594531 216 880317 241 579958 265 315179 266 0
2 66 67
69 2 737 209 0.9999503590081433 0.007168214380340976 0
8 64 0 65 2112701 91 2011151 117 2395627 144 2178883 170 1611331 196 1395404 197 0
1 66
70 1 1036 2 0.9914457609175489 0.126662291294379 0
11 39 0 40 940479 64 801858 88 1166833 112 1241642 137 1970664 161 1430470 185 1920374 209 2556873 233 2886597 234 0
0
71 2 845 318 0.9870849961436747 0.03965113233973481 0
11 34 0 35 872296 61 827308 87 881255 113 1571120 139 2477870 166 2185674 192 1999647 218 2002576 244 3244460 245 0
1 70
72 2 845 336 0.9880081835998913 0.06352985792966108 0
12 36 0 37 1048381 63 1180636 89 1547642 115 1568935 141 1623273 167 1361746 193 1963589 219 2245569 245 1098023 271 1202359 272 0
1 71
73 1 548 344 0.9907166477069824 0.06954588102924872 0
9 72 0 73 2108477 98 2020919 122 1435077 147 1396780 172 1510262 196 2540754 221 2155185 222 0
0
74 1 575 311 0.9866694536313287 0.06946792347255139 0
13 3 0 4 139758 29 231049 55 355811 80 447700 105 713243 131 1693884 156 1589918 181 1377976 206 1904876 232 1216460 257 2168351 258 0
0
75 2 811 12 0.9830646686145975 0.03843740320733456 0
14 3 0 4 421079 30 423869 55 863152 81 1029582 107 988001 133 1047575 158 1422172 184 1810908 210 1507280 236 1403179 261 702046 287 967551 288 0
1 74
76 1 1300 247 0.9880685966258287 0.14797640014689145 0
12 30 0 31 1727405 57 1438918 83 2637173 109 1975921 135 2391940 162 1793540 188 1184808 214 1186199 240 1099172 266 919665 267 0
0
77 1 1463 303 0.9998190272225336 0.009589784062349416 0
14 7 0 8 1545260 34 2789605 60 3452460 86 2156490 112 1781619 138 1188679 164 981544 190 689364 216 945536 242 731551 268 668256 294 476514 295 0
0
78 1 995 102 0.9881852369303392 0.008651217809608801 0
7 43 0 44 1198619 70 1022272 96 1628816 122 1778623 148 2585293 149 0
1 77
79 1 812 309 0.9975912580710058 0.010374397248872314 0
13 14 0 15 1689001 39 1161947 64 1479877 88 1757909 112 1170154 137 1532384 161 1996472 185 1635414 209 1586737 234 1308837 258 919525 259 0
0
80 2 521 242 0.9867981589646754 0.09006760886650798 0
14 2 0 3 165704 28 424387 53 1017197 79 1043677 104 1332020 129 1481476 154 1967834 179 2119454 204 2367757 230 2494531 255 2111770 280 2438993 281 0
0
81 2 1015 256 0.9870275976778752 0.07984448427455047 0
9 32 0 33 1302101 57 2021015 82 1313870 107 1370095 131 1670942 155 1397794 180 1537626 181 0
2 80 82
82 1 1294 374 0.9835348357103187 0.00021585385539208413 0
11 109 0 110 1767939 133 1652728 157 1439150 181 1516660 204 1380393 227 1023680 251 1160043 275 1806863 298 1559911 299 0
0
83 2 625 247 0.9942498618530635 0.040216240519793986 0
11 25 0 26 3050615 51 3322830 77 1843276 103 1508604 128 1393013 153 904044 179 912774 205 1027579 230 1398467 231 0
0
84 2 1280 307 0.9883230271375845 0.11134203509510411 0
7 82 0 83 1526861 110 1233213 137 1146623 165 1383894 192 963248 193 0
1 83
85 2 1006 357 0.9989339674248278 0.07260270393598241 0
10 11 0 12 2377521 39 1340551 65 1133283 92 781240 118 721464 145 551645 171 486529 198 431043 199 0
2 83 84
86 2 826 4 0.9801622367488206 0.10087789209784119 0
7 26 0 27 1037053 53 925514 79 1321720 105 1986322 131 1986093 132 0
1 84
87 2 1393 228 0.9945034191372814 0.06149167059941942 0
7 47 0 48 774489 75 720729 103 874179 131 1110967 158 2369480 159 0
0
88 1 1320 375 0.9958982771773278 0.02537725171206647 0
12 18 0 19 1518520 43 1468372 67 1556035 90 1165795 114 1336910 138 2251676 162 1983538 185 2164970 209 1945218 233 1868038 234 0
1 87
89 1 727 186 0.9877034696475481 0.10387801087147118 0
13 46 0 47 1478965 71 1238028 95 1717241 119 2614250 143 1696065 167 2332327 190 910520 214 982244 238 1002678 262 1515005 286 2147634 287 0
0
90 1 760 240 0.9962910105671252 0.0069193434252371785 0
10 42 0 43 928318 69 1128729 96 1268285 122 1383173 148 1196852 174 1575534 201 2046927 227 1652476 228 0
1 89
91 1 878 56 0.9832231839535861 0.1140088928544723 0
10 24 0 25 3245253 51 2193384 77 2053443 103 1832419 128 1063188 154 1072559 180 1387159 206 1330463 207 0
2 89 90
92 1 1463 292 0.9934874102996993 0.012478901283815009 0
12 0 0 1 1088276 25 1343834 49 1725401 73 1077789 97 919340 122 1026470 146 1200310 170 1103276 194 781028 218 654633 219 0
2 89 90
93 1 1415 327 0.9811921007964519 0.03103636953159709 0
15 1 0 2 510209 27 1018365 51 1142350 76 1303757 100 932118 125 862600 149 1070328 174 1155222 199 1129241 223 2282089 248 1681350 272 1369069 297 1801387 298 0
0
94 2 626 307 0.9843630270944063 0.024098241582867174 0
12 48 0 49 1117573 73 1184764 97 1027401 121 1054918 145 1353175 169 1454873 193 1410471 217 1422595 241 1178900 265 2261325 266 0
1 93
95 1 824 347 0.9988804128114701 0.0713142789731863 0
9 131 0 132 1287658 155 2075903 178 2022276 201 1491264 223 1486094 246 1271083 269 2463385 270 0
0
96 1 720 117 0.9998376819940182 0.006063988453992325 0
13 48 0 49 1641400 73 1436666 97 783236 121 897754 145 852901 169 1532460 192 808287 216 1378408 240 2019219 264 2686214 288 2027981 289 0
1 95
97 1 530 107 0.9865996730288747 0.1312857800708129 0
14 5 0 6 1372283 32 839441 58 1037617 84 1280955 110 2130630 136 2371885 162 2587777 188 1818598 214 1598070 240 1758715 266 1530209 292 1423159 293 0
0
98 2 844 45 0.986991822032044 0.007413026842845082 0
11 77 0 78 1825035 104 1507957 131 1214705 157 761909 183 1137979 210 908987 236 1492063 263 1362230 289 1523396 290 0
1 97
99 1 757 326 0.9886341967746676 0.10471994562001434 0
14 24 0 25 2926462 50 3934086 74 3295351 99 2126327 124 1706167 148 1275056 173 844612 197 536949 222 571230 247 391932 271 198849 296 310844 297 0
2 97 98
100 2 1281 185 0.9878556496872454 0.14645740527549367 0
9 52 0 53 1871952 80 1167737 106 1283110 133 1210914 160 1895048 186 2060404 213 1402062 214 0
0
101 1 990 249 0.9823419107010821 0.1173061891834973 0
12 74 0 75 2058887 100 1324227 124 1195306 149 791203 173 1187614 198 1029218 222 1019720 247 1315725 271 1069636 296 945507 297 0
1 100
102 2 1022 122 0.9919913956765914 0.12396490366382895 0
7 149 0 150 1607993 176 1918840 203 1485354 229 1212904 255 1625833 256 0
1 100
103 2 975 295 0.9953102849222982 0.07015777414951252 0
14 15 0 16 2199624 40 2522918 64 2157426 89 1598090 113 1654340 137 1772381 161 1624584 185 1754677 209 3160745 234 1910391 258 1183279 282 979393 283 0
2 100 101
104 1 984 269 0.9971615862907545 0.07682182014083276 0
13 4 0 5 2261729 31 2449136 57 1863080 83 1501157 109 773386 135 602191 162 590759 188 710987 214 553183 240 434983 266 361324 267 0
0
105 1 1127 91 0.9904859959776131 0.14683265964634284 0
12 41 0 42 2825675 66 2882869 91 2594707 115 1761427 140 1601908 164 872688 189 775317 213 477797 238 524750 262 578506 263 0
1 104
106 1 682 173 0.9965846952928026 0.06249364157312839 0
15 5 0 6 636204 30 856680 55 1048611 79 772617 103 1194343 127 2260154 151 1786457 176 1889464 200 2898656 224 2412919 249 1952639 273 2109555 297 2774865 298 0
0
107 1 921 308 0.9898903183546961 0.12976852618248988 0
11 40 0 41 3408889 64 1522283 88 609298 111 896260 135 613276 158 936707 181 876912 205 541398 228 317404 229 0
1 106
108 2 1033 248 0.9951295537636567 0.12494101594071119 0
8 123 0 124 1122198 150 846657 176 830904 202 1727083 228 1345519 254 1554140 255 0
0
109 2 1098 174 0.9803262237631943 0.022234314747625588 0
13 10 0 11 1501443 37 1324274 63 1818435 89 1712722 115 1915827 141 2456416 168 1100217 194 1093223 220 1445306 246 1233892 272 913357 273 0
1 108
110 2 1118 225 0.9822252106662187 0.04586877202930345 0
13 26 0 27 869091 51 981797 76 1983603 100 1345672 125 998303 149 982448 173 652306 198 822878 222 697333 247 712826 271 587799 272 0
1 109
111 2 698 200 0.98217249970956 0.00026704369768910106 0
9 50 0 51 1265978 75 1436656 98 923058 122 1028664 146 1176781 169 896135 193 560188 194 0
0
112 2 565 363 0.9861623887734898 0.014408226531823332 0
10 108 0 109 1087197 134 1425075 160 1484759 185 943703 211 1681059 236 1715216 262 2836873 287 1253606 288 0
1 111
113 2 1402 325 0.9895221979838797 0.04038626808643487 0
7 179 0 180 2283521 206 2326452 233 1959783 259 1493245 285 1215512 286 0
2 111 114
114 1 1220 45 0.9866702219914883 0.07758929641831142 0
14 7 0 8 2437394 33 1308224 58 1132271 83 782240 108 856574 133 693824 157 441874 182 514153 207 566498 232 643712 257 405470 282 405550 283 0
1 112
115 2 715 231 0.9959292630891868 0.12140564552359145 0
12 5 0 6 431104 31 538559 56 727634 81 617926 106 1401835 130 1261332 155 1133896 180 1622684 205 1615458 230 1802485 231 0
0
116 2 567 360 0.9915761160064389 0.007012263490549502 0
8 74 0 75 834564 100 775985 124 794653 149 1488857 173 1449365 198 1341421 199 0
0
117 2 973 49 0.992778112537955 0.036919544243750504 0
9 132 0 133 884946 157 1121329 181 1898380 205 1890810 228 2586564 252 2563371 276 1358751 277 0
0
118 2 1061 166 0.9902478331291753 0.12766600805665657 0
12 6 0 7 1501082 33 1226538 59 2186294 85 1522849 111 1766909 136 1637139 162 1046358 188 1014587 214 957099 240 555810 241 0
1 117
119 1 1080 51 0.9934941284933099 0.14679481687606324 0
14 13 0 14 297327 40 610049 66 787412 92 906361 118 1314847 144 1904308 169 2747225 195 2443193 221 2576945 247 1591693 273 2162965 299 2029485 300 0
1 117
120 1 1099 331 0.9997856701756664 0.03913039582058195 0
12 51 0 52 4347952 78 2094346 103 1451999 129 1653590 155 865342 180 1171670 206 1287141 232 1808580 257 1240784 283 1634700 284 0
0
121 1 552 169 0.9819006418752037 0.06786078910225898 0
12 64 0 65 767845 90 894741 115 955071 140 1383247 165 1671079 189 1568308 214 1608471 239 1200638 264 2121877 289 2286337 290 0
1 120
122 2 621 55 0.9811771751086967 0.05836694784594698 0
13 0 0 1 686429 26 925646 51 629888 75 1062016 100 992156 125 1416904 150 1871347 175 2712503 199 3192834 224 3070789 249 2624032 250 0
2 120 121
123 1 567 320 0.99707148804545 0.09681433069370456 0
11 78 0 79 1994174 105 1715655 131 1333774 157 1802977 183 1278765 210 2125911 236 2170875 262 1154763 288 1119063 289 0
0
124 2 884 36 0.9908362411171191 0.040265551490784535 0
13 30 0 31 857651 55 967706 78 1157824 102 1792921 126 1951327 149 1346008 173 1484643 197 1877703 221 1764260 244 1951738 268 2324544 269 0
2 123 125
125 1 1476 270 0.9880809171132986 0.11082042711778198 0
14 28 0 29 452880 54 699328 78 893155 103 516293 128 608195 152 868213 177 1388734 201 1680051 226 2220046 251 2729844 275 1688254 300 1873122 301 0
0
126 2 1362 69 0.9884067483874643 0.0001302331332425133 0
8 54 0 55 2377588 80 2798259 105 1388121 129 1517149 154 1571389 179 1880664 180 0
0
127 2 1312 157 0.9921952278857751 0.08844715552287985 0
12 44 0 45 1666222 70 1024992 95 924672 119 1317673 144 1651186 169 1904953 194 1520466 218 1762620 243 1480347 268 1503946 269 0
0
128 2 1255 109 0.9973738272075491 0.0008179504925289571 0
8 88 0 89 1569888 116 1966872 143 1669683 169 2674496 196 2034050 223 1259015 224 0
0
129 2 1249 260 0.9890302535222052 0.10066246016367038 0
7 186 0 187 1829397 213 1243258 238 448660 263 336514 289 377992 290 0
1 128
130 1 1244 226 0.9964480795173898 0.0843901145150999 0
12 58 0 59 987666 84 1639013 109 1363744 135 1581167 160 1173231 185 1603563 210 1924489 236 2274468 261 1967427 286 2608553 287 0
1 129
131 2 542 302 0.98068601616067 0.0901915717768187 0
8 151 0 152 1444853 175 1257333 198 1123899 221 1613497 244 2017944 267 1959903 268 0
1 129
132 1 1280 25 0.9955322598920373 0.024344476215480526 0
9 121 0 122 701024 146 626970 170 794903 194 730854 218 1144561 242 1365965 266 1472175 267 0
0
133 2 1046 333 0.990343663587306 0.0627001253445622 0
13 36 0 37 1624143 61 1299468 85 690833 109 1183003 133 1001761 157 927960 182 1087708 206 1562635 230 1370327 254 1383008 278 1623373 279 0
2 132 134
134 1 1236 239 0.9939303298389752 0.026358554752295066 0
13 17 0 18 2167455 44 1891016 69 1017263 95 1252659 120 1078689 146 1050379 172 1156906 197 942717 223 674062 248 1228973 274 933562 275 0
0
135 2 596 267 0.9939807538084906 0.09291874767806564 0
12 13 0 14 1069408 40 775527 66 1413488 92 1804708 118 2218606 144 2134863 170 2216570 196 1110306 222 1469870 248 1810934 249 0
0
136 2 527 225 0.9968948361521597 0.00531597277588684 0
15 2 0 3 2441749 27 1957268 51 1400669 76 1575526 100 1254653 124 1378425 149 1005335 173 510205 197 465081 221 496130 245 501854 270 379406 294 358498 295 0
0
137 2 919 313 0.982829156008367 0.06717479101089469 0
13 33 0 34 1386896 60 1216050 86 1045167 112 997970 138 733503 165 1518778 191 1432426 217 1418649 243 913612 269 1229291 295 1357582 296 0
1 136
138 1 812 315 0.9830013241416382 0.03663366413825614 0
7 27 0 28 1925288 55 1178329 81 1351935 107 1993486 134 1759846 135 0
1 137
139 1 1152 78 0.9898589450281869 0.14646444839042047 0
9 37 0 38 943827 63 1172611 88 1172102 113 1890010 138 1725206 163 2638033 188 3170602 189 0
0
140 2 840 125 0.9924362586310751 0.04430005155661003 0
9 15 0 16 2453878 40 1346491 65 768128 89 696511 113 474200 138 567820 162 327517 163 0
0
141 2 1089 307 0.9816648642573783 0.0014419991585808035 0
13 5 0 6 1665600 30 2191807 55 1697124 79 1957323 103 2426326 127 1899709 152 1217765 176 2159311 200 2128754 225 1687552 249 2273674 250 0
0
142 1 1489 121 0.9914269040707205 0.09476124202955978 0
9 98 0 99 1403027 124 1340971 149 1263201 174 1978136 199 1784946 224 1422146 249 2286672 250 0
1 141
143 2 529 141 0.9987284806128662 0.09997928054286456 0
14 29 0 30 1221700 55 1650965 79 2162122 104 1834874 128 1698891 153 1739622 177 1437549 202 1072054 226 853864 251 1146839 275 1878275 300 2484843 301 0
0
144 2 684 4 0.9955947179441335 0.14201161613558422 0
13 6 0 7 2115845 31 2025031 55 1649502 79 1428042 103 1473726 127 888179 152 1436622 176 1569636 200 1860380 224 2193510 248 3125299 249 0
1 143
145 1 559 185 0.9935255370617438 0.13034595252454168 0
10 102 0 103 2092171 126 1743238 150 1906739 173 1036590 197 1668967 220 2469265 244 1582963 267 729816 268 0
0
146 1 1175 281 0.9866866169600551 0.11278092340267873 0
8 140 0 141 913105 166 1359754 190 1300428 215 1157558 239 1667137 264 1817732 265 0
1 145
147 2 1009 5 0.9828240702421696 0.034370230369221724 0
13 39 0 40 1396694 66 1012329 91 978925 117 1675985 142 1123577 168 534037 194 672922 219 955577 245 889506 270 1259055 296 2197708 297 0
1 145
148 2 720 364 0.9971779772855287 0.0012916934772075062 0
7 45 0 46 1923357 71 2016761 95 906785 120 747756 145 671606 146 0
1 146
149 2 849 334 0.989528466660057 0.028027778299783777 0
11 102 0 103 2394916 128 2516722 152 1949201 177 1309693 201 1136760 226 1391517 251 1449343 275 1329522 300 1740455 301 0
0
150 1 1287 160 0.9890447188742317 0.057871468244022145 0
15 0 0 1 275324 26 316268 51 299605 75 289698 100 352859 125 445309 150 502226 175 711748 200 1413388 225 2125198 249 2813951 274 2083359 299 2083898 300 0
1 149
151 2 811 54 0.9828084987746486 0.03262934226525923 0
12 16 0 17 303141 43 509602 68 452373 94 639436 120 786531 145 1227573 171 1646915 197 3013655 222 3301456 248 3201710 249 0
0
152 1 737 5 0.9951063063736004 0.011625543195057103 0
10 106 0 107 1457055 132 945408 156 1062484 181 1149115 205 1037203 230 1609591 254 1910946 279 2189460 280 0
0
153 2 1451 50 0.9976326219250223 0.10396113196977444 0
14 5 0 6 181373 31 186366 57 274853 82 313609 108 332951 133 624498 159 900043 184 1173548 210 1331187 235 1857445 261 1920555 286 2684037 287 0
1 152
154 1 1417 228 0.9925590984505339 0.13257777885646868 0
9 119 0 120 867540 143 915056 166 731557 189 900296 212 1056447 235 1195412 258 1548592 259 0
1 152
155 2 526 2 0.9894336543306815 0.12965994855868526 0
14 6 0 7 260494 32 276854 57 377235 82 412535 107 308583 132 302960 158 556924 183 961063 208 1120234 233 1702997 258 1598322 283 2373523 284 0
1 152
156 1 1224 201 0.9985851606928298 0.0002981579164920034 0
11 72 0 73 1342589 99 1784337 125 2098288 151 1270100 177 1908349 203 2296044 229 2337076 255 1728552 281 1492026 282 0
0
157 2 533 186 0.9918468724771868 0.11766697646509341 0
8 54 0 55 1913065 80 1081465 105 921187 131 1643294 156 1317741 181 1695220 182 0
1 156
158 2 809 82 0.9972690592624321 0.039141734889354525 0
9 67 0 68 1665556 92 1413867 116 1075475 139 1971504 163 2192180 187 1680091 211 2149762 212 0
2 156 159
159 2 1377 45 0.9808259720262003 0.043424629963040404 0
11 108 0 109 2461568 133 2650291 156 2323307 179 1654961 203 1264512 227 928581 250 908666 273 2165290 297 1503423 298 0
0
160 1 1220 99 0.9971852590206484 0.12510341783389783 0
7 173 0 174 1277444 201 1865722 228 1657799 255 1464139 282 1185479 283 0
0
161 2 1334 197 0.9957275311272547 0.14321761020475807 0
14 35 0 36 1682645 60 1910451 84 1189104 107 1081187 131 2383842 155 1116880 179 980128 203 769814 227 695667 250 866430 274 1497881 298 1284693 299 0
1 160
162 1 1479 23 0.9905150217040848 0.060270610789429205 0
10 121 0 122 2533009 146 3251112 170 1962262 194 648520 219 728845 243 404969 267 484918 291 463592 292 0
0
163 1 1339 69 0.9973539998956998 0.07422796679594144 0
10 13 0 14 889286 39 1104404 65 1348116 90 1265189 116 1617660 141 1103820 167 870512 192 1114890 193 0
0
164 2 1129 336 0.9959909078289773 0.11456487001557136 0
13 5 0 6 1797305 31 1007500 55 679033 79 825928 104 559712 129 788045 153 576612 177 1394230 202 1122113 227 1485231 251 2243243 252 0
2 163 165
165 2 1385 151 0.9867581764929226 0.12300999719547524 0
14 14 0 15 1635636 40 1406760 64 1385585 89 861254 113 1270542 138 1000636 162 1324405 187 1238542 211 1602183 236 1870410 260 2499877 285 2715163 286 0
0
166 2 1104 177 0.9837234028636296 0.12129564742782671 0
11 8 0 9 3698394 33 2871548 57 922641 81 638664 105 800399 129 958298 153 878711 177 717467 201 859995 202 0
0
167 2 1344 213 0.9986988751212751 0.07418808990374395 0
10 47 0 48 480094 71 1019263 94 956329 117 825599 141 1286877 164 827007 187 1287435 210 1121896 211 0
1 166
168 2 562 61 0.9971581410199252 0.021978829701623254 0
12 48 0 49 1760517 75 1884018 101 1541775 127 1422936 153 1440626 179 1323081 205 1005049 231 871576 257 1481932 283 1609443 284 0
0
169 2 512 350 0.9981568091487717 0.007733168750790875 0
8 163 0 164 1877427 190 1398594 215 1729417 241 1645700 266 1729462 292 916569 293 0
1 168
170 2 1320 243 0.9834198468830797 0.0788859532013071 0
8 14 0 15 1404273 42 1269173 68 1370326 95 1107960 121 1048748 148 1908129 149 0
0
171 2 646 49 0.9925974056859596 0.1392710687628282 0
13 45 0 46 393567 71 367371 96 406411 120 793838 145 963345 170 1188376 195 1164759 220 1424437 244 1211892 269 1771582 294 1175040 295 0
1 170
172 1 809 303 0.9957052580796311 0.0593104610818577 0
12 5 0 6 1441130 31 1528249 57 1771256 82 500044 108 738707 133 1149054 159 1389532 184 1537840 210 1180956 235 2022560 236 0
1 170
173 1 1137 8 0.986919048710836 0.0006370623748630677 0
8 76 0 77 1419225 101 1428065 125 1787005 150 1676151 174 948851 198 813068 199 0
0
174 2 1028 225 0.9937634224268819 0.011568209739253809 0
8 178 0 179 1803337 203 1635371 227 1738805 251 1314994 275 1432869 299 1120872 300 0
0
175 2 749 289 0.980114841806738 0.14684462479706473 0
10 87 0 88 482867 114 496438 139 753838 165 1160074 191 1222107 217 1860440 242 2515831 268 2483365 269 0
1 174
176 2 1236 258 0.9893337563831179 0.03904147776140139 0
11 14 0 15 447372 39 476667 63 933390 88 694949 112 1319921 136 1474813 161 1600939 185 2048250 209 1726374 210 0
2 174 175
177 2 1119 332 0.9977606270530026 0.05527768388511694 0
12 21 0 22 1384478 48 1525390 73 965440 99 1126584 125 785852 150 476989 176 496797 202 591982 227 979255 253 2137886 254 0
0
178 2 1484 129 0.9880003823694671 0.010564838276988836 0
11 40 0 41 1368415 65 783936 89 496655 112 925807 136 1581740 160 1818478 183 1628371 207 2696807 231 1329293 232 0
0
179 1 1091 79 0.9969960920988024 0.08215726297841999 0
13 48 0 49 481707 73 755789 97 854000 120 642931 144 829925 168 1769649 192 1670132 216 1820613 239 1772709 263 1793351 287 1374713 288 0
2 178 180
180 2 1315 176 0.9953097498369817 0.007816587356575389 0
10 125 0 126 1338372 149 1086880 172 1709791 195 1935521 219 2055898 242 1819567 265 1602104 288 1839298 289 0
0
181 2 626 156 0.9826545288262059 0.09390439127867642 0
14 9 0 10 2115646 34 1331711 59 1440061 83 1565606 107 1602929 132 1355515 156 1641291 181 1531346 205 1859644 229 1581020 254 2015692 278 2893391 279 0
1 179
182 2 922 70 0.9932116116540529 0.05427339333306883 0
14 27 0 28 1722268 52 2261288 76 1989197 100 2347316 124 1451575 148 2021421 171 2136277 195 1435710 219 1302109 243 1823557 267 1629730 291 2171442 292 0
0
183 1 764 16 0.9944318677310557 0.048321230988108484 0
11 46 0 47 2114858 73 1398010 99 1136542 126 1296452 152 935412 178 1279904 205 1514130 231 1726794 257 1586052 258 0
1 182
184 2 1253 297 0.9935502610294211 0.07941027765907242 0
9 29 0 30 1295796 57 1121629 83 1203792 110 1024542 137 887821 163 1224742 190 956724 191 0
2 182 183
185 1 848 374 0.9819151671087706 0.12316861475175384 0
15 0 0 1 1648573 26 1428373 50 2417668 75 2647554 99 1819182 124 1198570 149 1336913 173 1243387 198 969242 222 1119524 247 1512107 271 1699694 296 1773980 297 0
2 182 184
186 2 1325 174 0.9863662581879792 0.06701541373763668 0
14 13 0 14 460108 39 607402 64 780828 90 1221224 115 1660218 140 1759951 165 1606338 190 1783638 215 1518753 241 1348699 266 2113965 291 2417146 292 0
0
187 1 582 221 0.989984455662306 0.04799597764074374 0
14 30 0 31 1797284 55 2669061 79 3308466 102 2153142 126 2055869 150 1621731 174 1615381 198 1413075 222 1286967 245 1097496 269 1703766 293 1357571 294 0
2 186 188
188 1 1388 179 0.9935307354102566 0.061209138822753105 0
13 14 0 15 1099608 40 1235419 64 1915044 89 1814085 114 1133900 139 901706 163 1122891 188 1252163 213 1093870 237 1031293 262 438557 263 0
0
189 2 1385 56 0.9972178966480097 0.015055018177404572 0
7 188 0 189 1979419 216 2090440 243 1774895 270 1834025 297 1284013 298 0
0
190 1 885 79 0.9848627594807615 0.11493205739086015 0
7 174 0 175 1326826 201 2283940 227 1460294 254 1047326 280 1681709 281 0
2 189 191
191 2 841 285 0.9975669304210442 0.08635570857055253 0
11 81 0 82 1176790 108 1345964 135 1306349 161 1481797 187 1746706 213 1816242 239 1656332 266 1836304 292 1787259 293 0
0
192 1 1142 329 0.9949332286146898 0.10920194280581955 0
11 65 0 66 1969573 89 1106764 113 1135937 137 1035194 160 1498588 183 2244311 207 2298450 231 2357944 254 1992216 255 0
0
193 1 1425 151 0.9959107566844982 0.13573881815124234 0
7 120 0 121 1196806 147 923007 173 1853597 200 2044409 226 2116853 227 0
1 192
194 2 736 112 0.9898965970621384 0.04513941952574261 0
12 5 0 6 2243022 31 1255703 56 1307497 82 1752576 107 937496 132 1324365 157 1790215 183 1628558 208 1062909 233 919417 234 0
2 192 193
195 2 505 370 0.9976706820384277 0.0697476536241858 0
13 30 0 31 1968893 57 2011579 83 2123466 108 1911445 134 2586457 160 1605513 186 1414890 212 1049247 237 875254 263 1242583 289 974647 290 0
0
196 1 1220 337 0.9961152522741792 0.11972825543488627 0
15 0 0 1 1355669 26 1507671 51 1779779 76 1602639 101 1987899 126 1987169 151 1679014 175 2030389 200 1083541 225 887204 250 936633 275 844657 300 592948 301 0
0
197 1 737 366 0.9865167500924579 0.057267860576662416 0
14 27 0 28 1159057 52 1368351 76 1777702 100 2444330 124 2883269 148 2197708 171 1451617 195 1853878 219 1693446 243 1291647 267 1199135 291 901283 292 0
1 196
198 1 935 121 0.9842290826118667 0.047230557777943806 0
14 7 0 8 436217 32 946657 57 861465 81 855465 106 1068376 130 979929 155 892521 179 1163462 204 1915621 228 1887187 253 1929366 277 1884685 278 0
0
199 1 659 117 0.9829434882258178 0.002348864015504554 0
11 109 0 110 1854453 134 1870572 157 2497790 181 1426841 205 1827676 228 1543426 252 1145426 275 651909 299 487795 300 0
0
200 2 1175 64 0.9833916380274049 0.06168064408801604 0
8 101 0 102 1571905 125 1720403 147 1769734 170 1903702 192 1329961 215 1449946 216 0
1 199
201 2 1105 290 0.9909290063659536 0.07149553993387106 0
13 21 0 22 2021805 47 1825933 72 1853184 98 883588 123 664381 148 753649 173 586022 198 606214 224 551577 249 403422 274 238963 275 0
1 199
202 1 554 249 0.994522679984758 0.08785761483400509 0
7 168 0 169 1999423 195 1727930 221 1057977 246 1792673 272 1767644 273 0
0
203 1 716 39 0.9836015360926618 0.06845992623951089 0
13 28 0 29 2021415 53 1304594 77 875432 101 794227 125 1384019 149 2498980 172 2736806 196 2499422 220 2064386 244 1565501 268 1404232 269 0
0
204 1 780 99 0.9859258861142819 0.06429278407743261 0
13 10 0 11 1340538 37 1264870 63 991491 88 1327021 114 1987168 140 2025383 166 1690591 192 2371957 217 2312847 243 1581406 269 1761575 270 0
1 203
205 2 1413 259 0.9890030429215847 0.09341337842123636 0
8 145 0 146 1572927 173 1474946 200 3379223 227 2026830 254 1541604 281 1052489 282 0
2 203 204
206 1 1447 282 0.9805454003227868 0.12461538132997246 0
14 16 0 17 3353768 41 3342433 65 2663401 89 2483109 113 1408468 137 1238371 161 1074140 185 1062459 209 838223 233 659100 257 509789 281 610679 282 0
0
207 2 1281 307 0.9811160001363742 0.1406190921345654 0
14 6 0 7 773259 33 1277241 58 999855 84 878339 110 898616 135 826001 161 1424367 186 1353681 212 1306348 238 1646808 263 2496653 289 2217633 290 0
1 206
208 2 587 369 0.9923957192054379 0.129818542191502 0
11 70 0 71 1123956 96 1155951 121 1354380 146 1750034 171 2437780 196 1550146 221 1730975 246 1068294 271 2079628 272 0
0
209 2 540 104 0.9917042816940702 0.09176114876993556 0
13 17 0 18 249837 43 250595 69 501619 94 590620 119 722651 145 543035 170 542698 195 1216998 220 1722685 246 1853921 271 3681343 272 0
0
210 1 1445 184 0.9819489573127096 0.13234009210048805 0
10 72 0 73 777904 98 1256176 123 1100397 148 1122540 173 751860 198 603974 223 849996 248 1477486 249 0
0
211 2 961 314 0.9923653449702967 0.02306681783757118 0
13 43 0 44 1281192 68 1135306 92 1977654 116 1728981 140 1076060 165 1020359 189 1173285 213 530307 237 419612 261 454622 285 273719 286 0
1 210
212 1 893 8 0.994780547149091 0.12041645792118753 0
13 41 0 42 3794972 68 2638682 94 3155067 119 2040204 145 1508506 171 1343998 197 1166461 223 761549 248 862030 274 930532 300 909027 301 0
0
213 1 1148 200 0.9939394940425594 0.04582156744952654 0
15 0 0 1 529990 26 547541 51 582322 76 555687 101 674458 126 790006 151 491197 175 740445 200 1075473 225 819887 250 1355432 275 1990276 300 2449289 301 0
1 212
214 1 1361 185 0.9993217239147915 0.014581113569666387 0
14 15 0 16 2327849 40 1289013 64 1132397 89 1735225 113 1422709 137 1477046 161 1357182 185 880624 209 351657 234 294018 258 599828 282 796946 283 0
0
215 2 876 96 0.9907411442560243 0.10129540264477847 0
13 12 0 13 1990841 39 2366062 64 1994380 89 1668190 115 1734289 141 1441744 166 1310199 191 733411 217 699083 243 1167082 268 950713 269 0
3 214 216 217
216 1 643 123 0.9968648750135997 0.14450449008943017 0
8 45 0 46 1869075 71 1461542 96 2611929 121 2746667 146 1409223 171 684884 172 0
0
217 1 879 318 0.9856389583778731 0.04293661620692444 0
11 42 0 43 698833 67 907098 91 1086439 114 807994 138 1060742 162 892654 185 872231 209 1429353 233 1711501 234 0
1 216
218 2 1033 97 0.9943174913527362 0.04068992697176869 0
12 38 0 39 1098596 65 768895 91 614110 117 863686 143 795154 168 632740 194 1154379 220 1935118 246 1845186 272 2213571 273 0
0
219 1 1428 369 0.9996792081731071 0.015189743445678437 0
10 17 0 18 1253362 45 1077595 71 822432 98 1525059 124 2259692 151 2500671 177 2078867 204 1236309 205 0
1 218
220 1 816 366 0.9940354469003791 0.12245584671528693 0
9 32 0 33 847923 58 724029 83 1136049 108 1865974 133 1248873 158 833912 183 1369237 184 0
0
221 2 559 86 0.9978426291900532 0.05555974738516301 0
8 122 0 123 1444544 150 1336146 177 1475445 205 1325436 232 1725851 259 953061 260 0
1 220
222 1 962 266 0.9912234448795056 0.1403323280303884 0
9 81 0 82 1369208 107 1178382 132 901731 157 1001878 182 1906771 207 2487834 232 1765754 233 0
0
223 2 1321 334 0.9857491464109382 0.05343131460304546 0
15 0 0 1 2953589 26 2052028 51 1495624 76 1418654 101 1404992 126 2107785 151 3334298 175 2585666 200 1488428 225 1078633 250 906385 275 591552 300 331829 301 0
1 222
224 1 833 31 0.9956909606284998 0.09324859397587675 0
11 64 0 65 917322 90 1360985 114 830724 139 981653 163 898104 188 758480 213 727703 237 1307209 262 1412808 263 0
1 223
225 2 947 67 0.9839816150532704 0.08122304857414192 0
8 18 0 19 1386731 46 1207404 72 1990035 99 2037232 125 1147411 152 1574409 153 0
0
226 2 1349 328 0.9862042494975294 0.1167366875881918 0
10 36 0 37 1655386 63 1687208 88 1213654 114 890369 140 1180007 166 1350341 191 1691283 217 2191432 218 0
2 225 227
227 2 769 214 0.9974342638900769 0.10993451093925678 0
12 42 0 43 592552 67 847045 92 863674 116 880595 140 1313173 165 1139527 189 1439394 213 1285868 238 1195566 262 1579733 263 0
0
228 2 530 98 0.998107653132262 0.07079376222319822 0
13 18 0 19 3276249 44 2804535 69 2600477 93 1740366 118 1343215 143 1989213 168 1870601 193 1040766 217 915292 242 1420910 267 1245286 268 0
0
229 2 1342 70 0.9903275345137204 0.03652002985407186 0
14 14 0 15 1019620 40 1431742 65 1874159 90 2127581 115 2561858 140 1451561 165 1894536 190 1523643 215 1582243 240 1326887 265 2061364 290 2196041 291 0
1 228
230 1 1233 297 0.9870061566904209 0.09181129043803121 0
7 26 0 27 2394921 52 1227196 77 897092 101 871895 126 828885 127 0
1 229
231 2 862 128 0.9987502837734998 0.1397662447999314 0
8 36 0 37 1977523 61 1953330 85 1217647 108 1176495 132 1052576 156 1396733 157 0
2 229 230
232 1 1022 256 0.9823111782363475 0.09312160396760515 0
7 116 0 117 1458687 145 1356635 173 2110892 200 2443542 228 1690159 229 0
0
233 2 1104 88 0.9963776801873782 0.1285711128642461 0
14 8 0 9 659984 33 1142828 58 1334084 82 807596 106 2132382 130 1341444 155 1468324 179 1663911 203 1748166 227 1903468 252 1348478 276 1298951 277 0
1 232
234 1 667 32 0.9825785536888444 0.027887130533770565 0
14 15 0 16 993339 41 1303518 66 937068 90 807055 115 1095342 140 1492432 165 2003864 190 1534068 215 1776864 239 1503571 264 1831295 289 1233779 290 0
2 232 233
235 2 1472 155 0.9984842880369762 0.03715586139624847 0
12 46 0 47 1314803 72 1342131 96 2597101 121 2253600 146 2519598 170 2190933 195 1299273 220 1483364 244 1596555 269 1833563 270 0
1 234
236 2 957 251 0.9913518537589885 0.09618872091721516 0
13 37 0 38 1785723 63 1027264 88 819557 114 820970 139 1185483 164 1088498 189 2229805 214 3325004 240 2343262 265 2008242 290 1456702 291 0
0
237 2 732 337 0.9845278885725693 0.11010197254141092 0
15 7 0 8 1398748 32 1214091 56 1228528 81 1094383 105 1338528 129 1266925 153 928262 177 848592 201 1091361 225 999960 250 970492 274 992962 298 749143 299 0
1 236
238 1 714 357 0.985630735867698 0.0905622054227569 0
9 119 0 120 1318832 144 1712079 168 1145082 193 1251648 217 862151 241 767024 265 724841 266 0
2 236 237
239 1 973 104 0.9892233262999791 0.1055396514550882 0
10 70 0 71 596731 94 526837 118 754093 141 596321 165 488728 188 916159 212 1530162 235 2469273 236 0
0
240 2 1232 334 0.9908347129869637 0.05606975598641651 0
8 143 0 144 1513543 171 1713949 197 1269645 224 1826093 250 983015 277 567369 278 0
1 239
241 2 1325 98 0.9804449450436178 0.1429743873836012 0
12 6 0 7 1793677 31 1832783 56 1690272 80 1394018 104 1877444 129 2254513 153 1585385 177 1551949 202 1912299 226 1632716 227 0
3 239 242 240
242 1 1100 346 0.9933917435713104 0.1030297017107728 0
9 94 0 95 882206 122 1357635 149 1260519 175 1239982 202 2079485 229 1661747 256 1005411 257 0
0
243 1 964 129 0.9804932008680007 0.019325231164138 0
9 21 0 22 1717844 48 1363920 73 1296931 99 1111522 125 1086963 150 1111360 176 1280459 177 0
0
244 1 1350 73 0.9936329931745413 0.04117019029265661 0
9 103 0 104 1678732 131 1363478 157 1511961 183 1073375 210 1097746 237 1093285 263 2122851 264 0
0
245 1 1190 226 0.9982134439659937 0.09377293814065947 0
7 39 0 40 1279264 66 1458250 92 1393220 118 1103245 144 679996 145 0
0
246 1 638 20 0.9842560398419958 0.0023924490732540825 0
12 11 0 12 2044945 36 1942506 60 1209603 84 1724994 108 1224495 131 2240979 155 2195876 179 2152598 203 2716707 227 1827211 228 0
1 245
247 1 1040 369 0.9912623647268124 0.06917610896704668 0
13 3 0 4 1491501 30 2207031 55 2952592 81 1946564 106 1873420 132 918772 158 994249 183 1047529 209 1541845 234 1360385 260 1304368 261 0
0
248 2 767 282 0.9995763613497832 0.0959888876693613 0
13 37 0 38 431809 63 386841 87 1003004 112 1225881 137 1069260 161 1338173 186 855371 211 623792 236 759813 260 1362474 285 1298852 286 0
1 247
249 2 506 61 0.9855786726628172 0.042868616172902343 0
10 15 0 16 2313689 39 1036078 63 991876 86 1886167 109 1282408 132 1486307 156 1040844 179 985024 180 0
0
250 1 947 261 0.9996446705317727 0.055141109743723854 0
12 46 0 47 1263622 73 808871 98 890743 124 754128 149 1174505 175 1574361 200 965867 226 1296065 251 956137 277 1578734 278 0
0
251 2 1012 237 0.9947042807725394 0.06117217327275396 0
9 80 0 81 1688045 105 3050759 129 1589334 153 1645774 178 1020020 202 751480 226 1092049 227 0
0
252 2 1013 284 0.9868536535291068 0.03897245211051582 0
11 102 0 103 1409195 127 1433818 151 1116617 176 1278393 200 1011266 224 1654077 249 1741983 273 1217010 297 1373665 298 0
0
253 2 1181 45 0.9873390431152573 0.09450048219113864 0
14 2 0 3 1831545 29 1773019 54 2332507 80 4030533 106 3496593 132 982046 157 822245 183 828429 209 531784 235 313972 260 357077 286 468484 287 0
0
254 2 1178 192 0.9993101422245136 0.08178225585213199 0
15 1 0 2 372231 26 396870 51 540045 75 868405 99 891675 123 1568342 147 2366150 172 1493051 196 2095717 220 1262749 245 1688299 269 1412960 293 1403831 294 0
1 253
255 1 1180 230 0.9918632622808065 0.09717340841158591 0
12 75 0 76 769903 100 761543 124 1274746 147 1252091 171 1435014 195 1194175 219 890932 242 981843 266 871905 290 833238 291 0
0
256 1 892 355 0.9976326793402887 0.02013177054583093 0
11 64 0 65 1460690 89 839427 113 1642206 137 1480085 161 2509815 184 1950516 208 1899851 232 2109000 256 1355964 257 0
1 255
257 2 1070 310 0.9947967899685206 0.0370920566450172 0
10 94 0 95 2460039 120 1567838 146 674434 171 441893 197 394075 222 728702 248 1372657 273 2204216 274 0
0
258 1 1204 258 0.9800567621732317 0.10417267225069012 0
10 47 0 48 2007740 72 2272948 95 3286518 119 1417642 143 1248311 167 1111640 190 643994 214 730935 215 0
1 257
259 2 1276 28 0.9818601906410407 0.06743657125001867 0
13 9 0 10 147788 35 173330 60 286061 84 416674 109 778807 134 1080152 159 1050649 184 1694619 208 1752680 233 2727719 258 2315839 259 0
0
260 2 725 194 0.9839666174782397 0.13507048275254 0
13 28 0 29 695592 53 701714 78 1059685 103 1007608 127 809741 151 407285 176 565229 201 820769 225 873324 249 1110556 274 2210961 275 0
2 259 261
261 1 1064 250 0.9942443782205592 0.07321676427465625 0
13 29 0 30 984130 55 1419312 80 1398828 105 1721592 130 1848390 155 1525997 181 1755626 206 2188641 231 1803217 256 1530647 281 1143252 282 0
0
262 1 1180 143 0.9975998393974984 0.08350830855854267 0
10 65 0 66 1246969 92 1285355 117 1579970 143 2737875 168 1291482 194 966078 219 897942 245 1260624 246 0
0
263 2 923 218 0.9882431184558909 0.009991411301742735 0
11 42 0 43 921125 69 1858350 95 1753415 121 1943557 147 1315352 174 2343949 200 1634865 226 1554535 252 1187767 253 0
1 262
264 2 927 161 0.9873719808187607 0.0740848727180437 0
8 170 0 171 1290826 196 1454891 222 1416333 247 1776601 273 1720645 298 1936381 299 0
0
265 2 1358 265 0.9918941641363335 0.0907481312711326 0
13 3 0 4 1450800 30 2736974 56 1410848 81 1946965 107 1630262 133 1146473 159 538664 185 432922 210 384280 236 662230 262 742973 263 0
1 264
266 2 819 223 0.9825233631988031 0.03055984671348102 0
14 1 0 2 2618538 27 2499398 52 1528720 77 1438391 102 2498771 127 1893591 151 1386646 176 924985 201 630011 226 480509 251 504815 276 535850 277 0
0
267 1 502 98 0.9972524220726233 0.04713993567121527 0
10 102 0 103 1722328 129 1633553 156 1123422 182 1272223 209 2401316 235 2016620 262 1869399 288 2480506 289 0
0
268 2 983 135 0.9929184375103148 0.03945649474022856 0
11 1 0 2 958726 27 938660 51 1043689 76 1380175 101 1529022 126 1041459 151 977177 175 1105837 200 1156433 201 0
1 267
269 1 1366 130 0.9893393903719429 0.14258914622169183 0
11 31 0 32 1237432 58 1885880 85 2585145 111 2563263 137 1732577 163 1138925 189 1057942 216 1140591 242 803839 243 0
1 267
270 2 898 30 0.983973770400416 0.008209184296097039 0
8 4 0 5 1683888 31 1687138 56 1703133 82 1845231 107 1657679 133 1322666 134 0
0
271 2 1128 347 0.9888571203384561 0.12486984487979204 0
15 2 0 3 2132425 28 1946246 52 2322877 77 2256104 102 1289713 126 2445796 151 1709287 176 1034348 200 1164454 225 1255587 250 1176557 274 1393343 299 2344729 300 0
0
272 2 1129 335 0.9916921819311451 0.012125121419658541 0
10 83 0 84 3138001 110 2347208 137 1443587 163 1154255 189 1061547 215 898868 242 1237961 268 502526 269 0
0
273 1 852 313 0.9999488080436082 0.13850567080253112 0
11 9 0 10 1445530 35 1149221 59 2380054 84 1525808 109 1066492 133 1311222 158 1815470 182 1443274 207 1833701 208 0
0
274 2 1060 4 0.9872602538575049 0.01628389199397724 0
10 81 0 82 785655 108 1055006 134 1834574 160 2609504 186 1473253 212 990059 238 1221768 264 1295971 265 0
1 273
275 1 1339 65 0.9874779109207148 0.05425685791371158 0
12 24 0 25 863311 50 813274 75 891876 100 1568489 125 1957658 151 1742846 176 1544248 201 1042117 226 1014519 251 570048 252 0
2 273 274
276 1 936 198 0.9835992135174905 0.13220363803526744 0
12 68 0 69 1710076 93 1988313 116 1241102 140 804911 164 773483 187 1037645 211 911397 235 727060 258 1024837 282 846282 283 0
3 273 274 275
277 2 1055 374 0.9802910368429044 0.030247322473097752 0
12 16 0 17 638337 43 533874 68 827756 94 1816279 119 1891384 145 1266954 170 2162370 196 2378435 221 1749050 247 1938085 248 0
0
278 1 1200 262 0.9818347108720384 0.05907672110638526 0
7 187 0 188 1799620 215 1272869 243 1078269 271 1487596 298 1327562 299 0
1 277
279 2 673 274 0.9946835654508815 0.11667329958391645 0
8 128 0 129 885807 154 1155423 180 1378794 205 1323899 231 1212770 256 867370 257 0
0
280 1 1191 208 0.9906493986437375 0.008477520033511715 0
14 19 0 20 1843049 44 895241 69 1405134 93 2794992 118 2645066 142 3513118 167 2081395 191 1727085 216 1111516 240 1206918 265 1356185 289 481404 290 0
1 279
281 2 719 139 0.998128271136911 0.06287710547068766 1
10 42 0 43 2082492 68 2009224 93 1112762 118 893178 142 1620999 167 1648118 192 1992472 217 1379661 218 0
2 279 280
282 2 583 92 0.9918323466222637 0.08371463085232514 0
12 42 0 43 2297739 67 2033192 91 2583678 115 2164661 139 1592349 162 2209676 186 1642711 210 1771785 234 1346201 258 1361856 259 0
0
283 2 1350 338 0.9968709463734355 0.028617197573797215 0
14 12 0 13 553317 38 745453 64 744320 89 662187 114 751568 140 892733 165 1239393 191 1078586 216 1027940 241 1008561 267 1345722 292 3048874 293 0
2 282 284
284 1 983 117 0.9839265127297045 0.13039058353234215 0
11 15 0 16 1161761 40 1808355 63 1767802 87 2343207 111 1837748 134 1550260 158 1143730 181 1015619 205 1248590 206 0
0
285 2 1477 9 0.9854391548132694 0.09816444742626063 0
13 30 0 31 1863729 57 2355187 82 1711984 108 1965357 133 2606524 159 1758711 185 1380383 210 814984 236 739656 261 679776 287 832251 288 0
0
286 1 956 93 0.9855329447794099 0.05569191370787984 0
14 26 0 27 863794 51 751748 75 795065 99 672084 123 906636 147 1859716 172 1460536 196 1461797 220 1334994 244 1471876 268 2288027 292 1638540 293 0
1 285
287 2 1129 291 0.9997985218868795 0.10809778260784701 0
8 126 0 127 586045 152 1257165 178 1206083 203 1471292 229 1531241 254 1519585 255 0
3 285 286 288
288 2 988 287 0.9885557097253064 0.05478001154407461 0
9 64 0 65 1538637 89 1598684 112 1311265 135 1439467 159 849994 183 1057954 206 1016182 207 0
0
289 1 578 168 0.9882119432989558 0.007359501649496558 0
12 80 0 81 1808947 105 1422013 129 1837160 153 2181255 177 1332206 200 1117086 224 1018076 248 2096835 272 1243852 296 1362536 297 0
0
290 2 1097 57 0.9941761554724811 0.09136827743341029 0
12 55 0 56 1065017 82 1119623 108 976340 135 427343 161 842823 187 2075447 213 1379068 240 1057337 266 1074354 292 987096 293 0
1 289
291 1 626 170 0.9875374173527729 0.020881867260774782 0
13 10 0 11 3339421 36 2292068 61 1939319 86 1429041 111 1329942 137 1031041 162 1011110 187 1282390 212 1184962 237 516057 262 374460 263 0
3 289 292 290
292 1 1130 132 0.999952318652758 0.06117691382377363 0
11 44 0 45 1011024 70 974597 95 615540 120 960634 145 924546 171 807345 196 1010435 221 1102858 246 1423553 247 0
0
293 1 860 92 0.9907458649677072 0.09386542923341067 0
11 62 0 63 1427925 89 1615699 115 1193433 141 1254502 167 1501814 192 3141518 218 2369365 244 2190918 270 1980570 271 0
0
294 2 1304 218 0.9999960946643087 0.025341097832960145 0
11 44 0 45 711480 70 1097956 95 1473047 121 1773002 146 1525982 171 1361003 197 1668581 222 2152117 247 1826699 248 0
1 293
295 1 1257 46 0.9958178634011529 0.006760845803693371 0
9 74 0 75 2313840 100 2857613 125 1143231 150 1123106 175 970786 200 2084102 225 2371484 226 0
1 294
296 1 1460 230 0.9859865708810827 0.017739461502248737 0
8 17 0 18 1297821 44 1067085 70 1109344 95 2448588 121 2126704 147 2041668 148 0
0
297 2 584 109 0.9995443363132159 0.14195209543425852 0
9 82 0 83 3194412 110 1644143 137 2181488 163 1256858 190 1148691 217 1040806 244 758419 245 0
1 296
298 2 1111 265 0.9898693759415158 0.06500658909691316 0
10 29 0 30 3362998 55 1729584 81 1956550 106 1777652 131 1872150 156 1504278 182 1447732 207 1524692 208 0
2 296 297
299 1 1379 25 0.9845621351141393 0.13835188357122238 0
13 9 0 10 840036 34 1541075 59 1122140 83 788035 108 1227535 132 1364461 156 1079794 181 886890 205 936704 230 939662 254 1018785 255 0
0
300 1 1281 174 0.9817026175230533 0.0006975905854549269 0
7 163 0 164 1069354 191 2023383 219 1406836 246 1832115 273 1137264 274 0
1 299
301 1 1356 243 0.9964565324592602 0.112918323747931 0
11 4 0 5 959729 31 1312566 57 2026821 84 1671142 110 1835807 136 1245836 163 1387375 189 1238319 215 871582 216 0
0
302 2 1430 48 0.9947848746889291 0.053444623799797815 0
13 19 0 20 1040927 45 1743878 70 1373442 96 1714768 121 1440728 146 1057413 171 1043926 196 1038467 222 963984 247 858864 272 833797 273 0
0
303 2 503 223 0.988444679527233 0.09456821993161811 0
9 149 0 150 1472774 173 1396680 196 1457420 219 1110632 241 1445971 264 1322341 287 2052015 288 0
0
304 1 582 180 0.9915687134853949 0.14754462525164255 0
10 67 0 68 1763357 91 813072 115 1406113 138 1141206 161 1197333 184 1311355 208 1318112 231 1044675 232 0
1 303
305 1 790 74 0.9986123221789415 0.05768146099442526 0
9 98 0 99 761998 124 1296943 150 1325088 175 1198034 200 1327420 226 1391570 251 1596993 252 0
0
306 2 907 263 0.9977920933516572 0.016520438441497903 0
10 76 0 77 2778520 102 2014593 127 1454221 152 2126086 176 1862840 201 1665410 226 1608321 251 2022475 252 0
1 305
307 1 784 369 0.9831485720703029 0.034504697857825166 0
10 71 0 72 2892906 95 2127630 119 1992150 142 1830061 165 1559228 188 932571 212 1176012 235 948786 236 0
0
308 2 664 179 0.9844996604033814 0.10709270819720561 0
7 172 0 173 1777136 201 2046428 228 2176437 255 1674132 283 1313314 284 0
0
309 2 755 115 0.996712586101095 0.05563326803782076 0
11 43 0 44 2686083 68 2587229 93 1231266 117 931142 141 851291 166 934614 190 1014109 215 1166563 239 1232764 240 0
1 308
310 1 567 304 0.9808123159629801 0.035504438038349455 0
10 2 0 3 421696 27 547524 50 729690 74 670838 97 907064 121 1061836 144 971068 168 1925650 169 0
1 308
311 1 699 351 0.9814384582423676 0.0348856960261957 0
9 132 0 133 711403 158 506185 183 458565 209 693378 234 1259427 259 1308696 284 1659316 285 0
0
312 2 1158 350 0.9930223674380225 0.12281567408621945 0
11 17 0 18 1275290 43 1574601 67 1323692 91 1575684 116 1539858 141 2151950 165 2381453 189 2450188 214 1816535 215 0
1 311
313 2 768 195 0.9826533453345954 0.014761484487305387 0
9 2 0 3 1295233 28 2248176 54 1175281 79 972657 104 1180150 130 1128283 155 1072309 156 0
0
314 1 1074 40 0.9839249826287211 0.14390732127874115 0
14 0 0 1 596685 25 852240 49 958700 72 1204981 96 1287562 120 1373887 144 1549411 168 1758236 192 778682 215 1006922 239 450798 263 250600 264 0
1 313
315 2 752 159 0.9993621432241435 0.010685551307111834 0
7 29 0 30 1083512 57 692548 85 855894 113 1376070 140 2000575 141 0
0
316 2 556 255 0.9871332773518109 0.05015312475023941 0
7 76 0 77 1225380 103 1943354 129 1869054 155 1298279 181 1051989 182 0
1 315
317 2 1146 352 0.993606041202749 0.07780084451128569 0
15 2 0 3 590481 27 782677 52 592777 76 534840 101 612190 125 1016951 149 822380 174 757410 198 955896 223 2033013 247 2015911 272 1136463 296 909498 297 0
0
318 2 804 162 0.9861762761564027 0.11653127320121925 0
8 34 0 35 754331 59 784861 82 867367 106 525641 129 950298 153 2007764 154 0
1 317
319 2 1093 273 0.9841438298749713 0.012441389102141442 0
13 1 0 2 1864460 27 1656070 51 1767468 76 1611984 100 1573306 125 1283171 150 866387 174 598468 199 762172 223 602250 248 522660 249 0
1 317
320 1 848 287 0.9923229775691669 0.00995943776666936 0
14 8 0 9 1799351 33 1489619 58 1019705 82 1141580 107 1580688 131 1891519 156 2235835 180 2040022 205 2017213 229 1466637 254 1216409 278 908624 279 0
1 317
321 1 926 113 0.9971128868143846 0.10164432272769072 0
13 39 0 40 2469629 64 1878872 88 1773012 112 997314 136 1032304 159 725489 183 631064 207 763807 231 720327 255 1129270 279 1517346 280 0
0
322 2 1255 4 0.9862590000058251 0.1376197616402428 0
7 187 0 188 1535507 216 1331166 243 1463491 271 1672737 299 1731012 300 0
1 321
323 2 966 48 0.9974787231533762 0.09543384092977383 0
12 32 0 33 1262007 58 1611330 84 1754897 109 1564668 134 1363983 160 1764390 185 3197678 210 3048121 236 1732567 261 1403818 262 0
0
324 1 1188 174 0.9983194111664848 0.03977225978279898 0
8 87 0 88 2482338 111 2083350 135 1930729 158 1948084 182 1556868 205 1469221 206 0
2 323 325
325 2 654 76 0.9859173278985175 0.07635230601804219 0
10 25 0 26 2729373 49 2511982 72 1452761 95 928272 119 650237 142 912827 165 762097 188 717826 189 0
0
326 2 1185 19 0.9845854994628407 0.13531972378840768 0
9 76 0 77 1518789 103 1181547 130 1054358 157 964835 183 1195034 209 927836 236 1568587 237 0
0
327 2 848 158 0.9964812071062222 0.10643772276996165 0
14 9 0 10 973615 36 1013666 62 1383988 87 906511 113 600790 139 1093797 165 1140797 191 734219 217 1190088 242 1316691 268 1419140 294 1586345 295 0
0
328 1 887 129 0.987199912228132 0.1038133128016657 0
15 11 0 12 2003110 36 2832464 60 2169197 84 1458883 108 1741204 132 1991485 156 1876240 180 1653437 204 1210569 228 1051048 252 957711 276 580501 300 556702 301 0
0
329 2 567 153 0.9967080929348846 0.06365958292922574 0
10 72 0 73 1277240 100 2394950 126 2025331 153 2366010 179 1557730 206 1971061 232 1702779 259 2183900 260 0
1 328
330 1 636 18 0.9894342599774554 0.13148311089630865 0
11 19 0 20 1296172 43 893988 67 1883206 90 1728832 113 1108963 137 927591 160 705474 184 813378 207 883627 208 0
2 328 329
331 1 750 268 0.9827837181512249 0.0632220918916558 0
12 67 0 68 545142 92 287480 116 483757 141 672062 165 1172156 189 1948174 213 1660836 238 2049123 262 1451862 286 1326610 287 0
0
332 2 1207 23 0.9865923229047594 0.10609278847177932 0
13 19 0 20 1825565 45 1973714 70 3536798 95 2965663 120 1556470 145 1173387 171 1620563 196 1094594 221 1902565 246 1283299 271 1402097 272 0
0
333 2 1033 248 0.9884432638673395 0.039516324802512166 0
8 103 0 104 1183877 129 1059602 155 1822363 180 1859384 206 755119 231 669474 232 0
1 332
334 1 700 364 0.9963910806649665 0.04905569115285434 0
7 61 0 62 1469032 87 1303367 113 1664245 138 1172585 163 1320465 164 0
0
335 2 1136 125 0.9868222504260007 0.050407670173675444 0
9 74 0 75 1335630 98 1181327 121 1079532 145 1315315 168 1323416 191 1614424 214 775257 215 0
0
336 2 693 7 0.9951368714035254 0.10266055953244134 0
7 74 0 75 1331832 100 958933 125 1449175 149 975200 174 788857 175 0
2 335 337
337 1 1217 220 0.9945525577379094 0.08823237899046439 0
11 18 0 19 1226064 45 1131839 72 1909539 98 1451030 125 1423039 151 981993 177 1476295 204 1091083 230 792553 231 0
0
338 2 539 298 0.9813457007555111 0.09294070165513792 0
13 16 0 17 1566496 42 1645002 68 2197440 93 2725498 119 1537072 144 1252437 169 1126038 195 904334 220 732404 246 714925 271 691345 272 0
0
339 1 1092 228 0.991410256301094 0.11990945795399954 0
7 27 0 28 293598 55 620501 82 705423 109 1214895 136 1606115 137 0
3 338 340 341
340 2 506 44 0.994431330237332 0.027665362013286714 0
15 3 0 4 3300080 29 1610355 53 2322006 78 1929559 102 1130658 127 1568748 151 968912 176 998544 201 489490 225 442355 250 825930 274 419105 299 419179 300 0
0
341 1 1378 232 0.996629100158636 0.12168441689643499 0
11 12 0 13 1272658 37 1551077 60 1400062 83 905996 107 1665093 131 1347250 154 1476911 177 1925371 201 2798791 202 0
0
342 1 626 99 0.9803553636845688 0.08794319062192735 0
14 32 0 33 1454605 57 1054476 81 1203406 106 1327886 130 1457746 154 1876386 178 1437533 202 467690 226 1383773 251 2356080 275 1780132 299 2154529 300 0
0
343 1 1423 363 0.9928092895350935 0.10687553407064275 0
14 11 0 12 4418654 36 2266682 60 1216060 83 1470460 107 1326616 131 1664241 155 913883 179 1389939 203 879141 226 1072954 250 1136525 274 625905 275 0
1 342
344 2 1265 11 0.9996380247521389 0.05369903106913534 0
9 47 0 48 2031091 73 1458880 98 1001579 123 702975 148 673954 173 1076522 198 960029 199 0
1 343
345 2 1308 234 0.9820359410797778 0.1283848899000825 0
12 68 0 69 620898 94 308432 120 357778 145 413031 171 910077 196 1773603 222 1790138 247 1829226 273 3145742 298 2587666 299 0
0
346 2 1302 47 0.9875048647248951 0.07801351598662389 0
12 64 0 65 2484679 89 3033290 113 1869136 137 918402 161 1317015 184 994631 208 1074468 232 1187053 256 1028334 280 1263134 281 0
1 345
347 2 724 305 0.9991097165753469 0.06989933943228155 0
10 78 0 79 1179083 105 846728 132 829096 158 1257223 184 2053692 210 2273832 237 1409749 263 1422515 264 0
2 345 346
348 1 1022 202 0.9845916585507416 0.06564520906611586 0
9 45 0 46 1404375 69 1538045 93 1354952 117 1779120 140 1653880 163 1986402 187 2068729 188 0
2 346 347
349 1 893 366 0.9861520831298708 0.11749238454423815 0
13 9 0 10 1167333 35 1602179 60 1204111 86 1449125 111 1030860 136 1319130 161 878373 186 1015753 212 801682 237 613646 262 414107 263 0
0
350 1 746 248 0.9905247222506602 0.14436852201508824 0
11 80 0 81 579555 107 757027 133 1154223 159 1165339 185 1444388 212 1647551 238 1661427 264 1212498 290 1281564 291 0
1 349
351 1 1425 339 0.9851528031419811 0.06599085527676905 0
10 83 0 84 1408464 110 1267260 135 1203079 161 1218438 186 1320271 212 2068694 237 2302206 263 1854781 264 0
1 349
352 2 1090 162 0.9965199667506122 0.06029583727318437 0
14 1 0 2 996825 28 1389403 54 2453070 80 1795268 106 1505206 132 1918324 157 1231015 183 1089261 209 788569 235 471123 261 347558 287 320131 288 0
0
353 2 882 235 0.9930539507412933 0.028880522021855926 0
13 52 0 53 1331480 77 1373541 101 1633174 125 1193175 149 1333889 173 1066461 197 1170307 221 1689396 245 1733216 269 2474411 293 2320764 294 0
0
354 1 1286 58 0.9833820415887401 0.051377671280526095 0
9 156 0 157 1203227 180 1249317 203 1498011 227 1021267 250 2306720 273 2497456 296 1809763 297 0
0
355 1 1228 342 0.9947423435550384 0.13647989557322618 0
7 110 0 111 702143 137 932707 164 1264019 191 1145099 217 1579404 218 0
1 354
356 2 1088 257 0.99140021182802 0.10743452427730675 0
8 18 0 19 1550058 42 2062612 65 1230641 87 999127 110 1071779 133 940932 134 0
0
357 2 704 177 0.9888358241153782 0.13588622054868138 0
10 24 0 25 875492 51 459482 77 586013 103 706730 130 589629 156 1088550 182 1516270 208 2602344 209 0
2 356 359
358 1 586 55 0.9987065278751591 0.07600903864152465 0
9 93 0 94 950132 121 1005856 147 1211906 174 1136892 201 1502096 227 2338260 254 1772278 255 0
1 356
359 2 781 96 0.9981500846336558 0.0862126507228807 0
14 25 0 26 394757 51 402965 75 464588 100 634183 124 864722 149 1559212 173 1945871 198 2148838 222 1632200 247 1871537 271 1937685 296 1140144 297 0
0
360 2 868 234 0.9875945241491727 0.052720796216555406 0
8 79 0 80 696999 106 618740 131 741512 157 1204694 182 1543782 208 1177175 209 0
0
361 2 519 266 0.9901569929876605 0.06644743788955804 0
11 49 0 50 1928201 76 1637308 101 1672590 127 1279401 153 1036647 178 1013726 204 844794 229 865634 255 1143008 256 0
1 360
362 2 588 335 0.9928905200128757 0.06754939261622718 0
7 70 0 71 2487040 96 1942063 121 1670590 147 1551718 172 1444971 173 0
2 360 361
363 1 544 23 0.997889531628808 0.021575321609604868 0
15 5 0 6 527412 30 440225 54 525544 78 503199 102 609165 126 693933 149 771772 173 881883 197 1196184 221 1575078 245 1522425 269 1965465 293 3651593 294 0
3 360 361 362
364 2 606 218 0.9801802176805444 0.07769358594874982 0
11 13 0 14 537406 39 479392 63 915489 87 840263 112 1182659 137 1455494 161 1156059 185 1656777 210 1831628 211 0
0
365 2 709 79 0.9956570022416757 0.05321163169760598 0
14 11 0 12 3900044 36 3002288 60 2099281 84 1369841 108 713803 132 657118 155 745447 179 633797 203 1128572 227 800686 251 844827 275 681657 276 0
1 364
366 1 1026 164 0.9915873336007391 0.0065497968514850674 0
9 47 0 48 639193 71 878142 94 1647588 117 1527191 140 1555798 163 1658542 186 1169726 187 0
2 364 365
367 1 1151 89 0.9920761524846141 0.03461114550068919 0
10 72 0 73 2000286 98 1557255 123 1300449 148 1232042 174 890898 199 489714 224 460265 249 503558 250 0
0
368 2 1386 83 0.9910312950777855 0.03184548272303092 0
8 104 0 105 1058288 129 980792 152 1727757 176 1638590 199 1713629 223 1432178 224 0
1 367
369 2 716 264 0.98934461342063 0.10592608108862057 0
10 124 0 125 1810430 149 1651312 173 949436 197 787723 220 1110469 244 848928 268 877918 292 1295468 293 0
1 368
370 1 1161 55 0.9871279684221103 0.09245553060074162 0
9 155 0 156 1313751 180 1295202 204 2250688 228 2757062 252 1479414 276 2102487 300 1554240 301 0
0
371 1 1078 23 0.9853071501632022 0.05472913282322012 0
15 1 0 2 2098506 27 2242920 51 2511245 76 1088597 101 1422789 125 1539291 150 996175 175 1840146 199 1493995 224 2118454 249 3139966 273 2080958 298 1622766 299 0
1 370
372 1 590 100 0.9904810596947438 0.02766729987035899 0
14 5 0 6 979290 31 827731 56 998735 81 821272 106 906709 131 978725 155 1069058 180 1359092 205 1866582 230 1946877 255 2430270 280 3061318 281 0
3 370 371 373
373 2 710 75 0.9987181732049633 0.024815897501665966 0
14 22 0 23 592451 48 588670 73 534525 98 635566 123 821259 148 1058988 173 1171559 198 1035314 223 2038263 248 2093071 273 1623120 298 1272767 299 0
0
374 2 666 307 0.9851572681939444 0.08404746752156636 0
12 23 0 24 2003133 49 1691295 74 1153895 100 913727 125 770581 150 1179416 175 968554 201 967751 226 1171527 251 1660732 252 0
0
375 1 1233 71 0.9825551392554103 0.12139244208128805 0
10 51 0 52 2537479 78 3078756 104 1786531 130 1477694 155 769681 181 631083 207 633006 233 584182 234 0
1 374
376 2 1329 272 0.9809035999451028 0.14360800267984472 0
8 38 0 39 1156042 66 909745 93 1355223 119 1106985 146 1192630 173 2758288 174 0
1 374
377 1 1454 322 0.9861528752178976 0.04755664804379564 0
8 57 0 58 508253 81 952858 103 1197440 126 1009238 148 1325546 171 1420332 172 0
0
378 1 783 151 0.9904871221507385 0.12828026374943843 0
14 3 0 4 1294487 29 2653965 53 3589595 78 1824968 103 1847249 128 1266127 152 669374 177 396489 202 454506 227 512537 251 553164 276 372537 277 0
1 377
379 1 925 203 0.9876977378597445 0.05111570786649024 0
11 0 0 1 950751 27 1414048 53 1390923 79 1191435 105 930721 131 1545839 157 2042680 183 2234640 209 3106982 210 0
0
380 1 1167 84 0.9917505578517153 0.052615355077619656 0
8 18 0 19 1613740 42 1618915 65 1050111 87 1166946 110 1794744 133 1753607 134 0
1 379
381 2 1352 145 0.9953273785465369 0.04940816074232334 0
8 7 0 8 2361933 32 1835744 56 2131422 80 2174802 104 1567050 128 1213254 129 0
0
382 2 1167 94 0.9814481769241489 0.10261749658050255 0
7 101 0 102 1169776 130 1817396 157 1709841 185 1123155 213 763774 214 0
1 381
383 1 545 354 0.9801934897448308 0.12301031918829067 0
10 30 0 31 712417 54 1365032 78 2461622 101 2093798 125 1608416 148 1511166 172 1742589 195 2192600 196 0
1 381
384 2 621 277 0.9929361603809057 0.13139422255130273 0
8 123 0 124 2591422 150 1585364 176 1921939 201 2132226 227 1991089 253 1337436 254 0
0
385 2 748 164 0.9924565061140417 0.03748809457551204 0
12 15 0 16 1178345 42 1325376 68 1854379 93 1660215 119 1861104 145 2381401 171 1966578 196 1989279 222 2060955 248 1553242 249 0
1 384
386 1 1353 347 0.9879185926644384 0.07633746900775588 0
9 52 0 53 1147620 76 1572406 99 1408055 121 1546424 144 1252698 167 1122373 190 2755729 191 0
0
387 1 1282 364 0.9957686516215704 0.06098501257240241 0
9 92 0 93 1833999 117 1439924 142 2190920 167 1261899 191 1270888 215 1022188 240 1033212 241 0
1 386
388 1 521 207 0.9974904735751549 0.12829662504151199 0
12 9 0 10 2239799 35 1632975 60 918640 84 1713295 109 2224340 134 1116031 159 1525076 183 1278220 208 2458240 233 2129473 234 0
1 387
389 1 782 145 0.9800366017796736 0.0041743318728093 0
15 7 0 8 3216468 32 2949389 57 3743305 81 2074555 105 1335498 130 848232 154 485326 178 255094 203 143457 227 82164 251 59616 276 45178 300 44458 301 0
1 388
390 2 998 271 0.9906098029562802 0.0681351747938011 0
11 92 0 93 1102449 118 1376443 143 1020364 168 1133212 193 2029428 219 2479163 244 2988634 269 2078574 294 1318026 295 0
0
391 2 594 224 0.9906388541539853 0.05033098891866761 0
8 86 0 87 976951 113 1403194 139 1373483 166 1592996 192 1321201 218 1012900 219 0
2 390 392
392 2 662 183 0.9877183818393609 0.0862379101298644 0
10 78 0 79 858868 102 720969 126 861980 149 1500693 172 1232876 195 2290421 219 1524049 242 803848 243 0
0
393 2 1361 291 0.9871191653704352 0.021614787315656397 0
9 107 0 108 1189045 133 1681881 158 1368503 183 1452936 208 1949646 233 1268700 258 1354559 259 0
0
394 2 966 93 0.9941369546105133 0.0867697167208893 0
11 81 0 82 4034903 108 1914701 134 2011935 160 1236626 185 939147 211 862665 237 507965 263 855432 289 946896 290 0
0
395 2 641 163 0.9847694380881368 0.11711862474629628 0
13 20 0 21 1387703 46 2125204 71 1672775 96 1746531 121 2013830 147 1883004 172 1205603 197 2266886 222 1053858 247 875154 272 1568697 273 0
0
396 2 864 68 0.9868640621282575 0.059498918068385954 0
7 71 0 72 1013787 98 1306836 123 1192118 149 1682962 175 1112140 176 0
1 395
397 2 550 372 0.9812455121291552 0.056207150212158864 0
8 5 0 6 638104 30 914918 54 1482069 79 1283968 103 1802448 127 3434636 128 0
0
398 2 1358 229 0.9986880884804042 0.011104877809242663 0
8 57 0 58 833409 83 695640 107 643876 132 827574 156 1370053 181 1728166 182 0
1 397
399 2 1092 337 0.9936518007007925 0.03977636267962684 0
9 41 0 42 903540 66 836360 89 1286784 113 1398911 137 1369297 160 1284651 184 885905 185 0
2 397 400
400 2 1360 76 0.9819776594920288 0.04758711595499622 0
13 57 0 58 707183 82 611078 106 690368 130 756134 154 805802 178 1237670 202 1163701 226 1344461 250 1417550 274 1201774 298 902216 299 0
1 398
401 1 662 121 0.9838204746885456 0.05071258067699253 0
10 64 0 65 1555592 90 1693407 116 1121308 141 1080130 166 971227 191 1277418 217 770138 242 901181 243 0
0
402 2 1007 101 0.9917142067056062 0.03796166032607892 0
12 67 0 68 1049276 92 2270882 116 2799634 140 2424248 164 2051280 187 2119707 211 1190285 235 2509646 259 1294478 283 750291 284 0
0
403 2 617 74 0.9935541062361408 0.04386633036441323 0
12 38 0 39 702939 65 733995 91 939642 116 2117265 142 1308328 168 976099 194 705935 219 637691 245 528651 271 351377 272 0
1 402
404 1 955 327 0.9985593389062527 0.11629702344640268 0
14 14 0 15 1475013 40 1166134 65 1272489 89 1250848 114 1113802 139 1366021 164 1816685 189 2292853 214 2255334 238 1475233 263 2455285 288 3424117 289 0
0
405 2 1155 254 0.9810710666773892 0.05619886172727671 0
9 67 0 68 1972529 93 1233026 119 1657285 144 960387 169 1579157 195 1528607 220 1928764 221 0
1 404
406 1 1306 32 0.9983813417966328 0.1455804400442191 0
12 74 0 75 1268555 99 985553 124 1027576 148 803790 173 1009990 197 1416328 222 2145813 246 3175344 271 3176141 295 1946006 296 0
1 405
407 1 783 327 0.9838184097614309 0.05689531087698265 0
8 22 0 23 2333932 49 1867926 75 1317089 101 1976847 127 1656754 153 2295680 154 0
0
408 2 533 118 0.9893013346672562 0.07113158053433237 0
12 40 0 41 2055683 66 1405720 91 1802467 116 1191419 141 1407157 165 2225729 190 1841743 215 1487001 240 1190218 265 1337401 266 0
1 407
409 1 959 208 0.9926077126947713 0.05296530770106959 0
12 70 0 71 2340177 95 1954781 119 1517880 144 2630031 168 1116558 192 993789 216 1124619 241 993164 265 704874 289 754178 290 0
0
410 2 1142 95 0.9831991858801336 0.10672207112573079 0
10 38 0 39 1251230 65 1255843 92 1831862 118 1903015 144 1575636 170 2006681 197 2284901 223 2257746 224 0
1 409
411 1 1260 173 0.9804760005195625 0.08217628572821646 0
10 0 0 1 1648151 26 1545837 51 1544165 76 1505810 101 1903224 126 2745565 151 1536609 176 2295547 177 0
0
412 1 1167 98 0.9849216584960958 0.04827393417133672 0
8 56 0 57 702822 79 788212 102 1288829 124 1313305 147 2386413 169 1897537 170 0
1 411
413 1 910 83 0.9966561166518564 0.025581175871647998 0
10 98 0 99 2363852 125 1830139 152 1812836 178 1857104 204 1446849 230 1220519 257 718118 283 504427 284 0
2 411 412
414 1 945 356 0.9949747300198379 0.12729576766537512 0
10 119 0 120 3394848 145 1529218 171 917005 196 897943 221 954322 246 1045641 272 2132615 297 1834838 298 0
1 411
415 2 1057 202 0.9868692756784503 0.0939957858368089 0
12 63 0 64 1414974 90 1768617 116 1894484 142 1827465 168 2107619 194 1520495 220 1517256 246 1431570 272 2529403 298 2797788 299 0
0
416 1 1258 182 0.9906605749547925 0.050526569705761186 0
12 70 0 71 2036343 96 1574161 122 1585055 147 1746913 173 1124902 198 812916 224 818833 249 412861 275 398159 300 509435 301 0
0
417 2 1222 135 0.989419834729413 0.08070920556825951 0
7 10 0 11 2495059 37 1900735 63 1476440 90 1418791 116 1974631 117 0
0
418 1 761 161 0.9987264815163228 0.050978265490575804 0
13 37 0 38 561998 62 600088 85 538189 109 576805 133 837091 157 736886 180 990694 204 835684 228 1171950 251 1738889 275 1620958 276 0
0
419 2 1059 272 0.9942996295999503 0.08265098550300236 0
12 37 0 38 1234282 62 1488620 85 1667522 109 1926728 133 1800469 156 1788979 180 2301839 204 1912901 227 1363956 251 1793066 252 0
1 418
420 1 986 19 0.9897138991180033 0.05926795728511121 0
7 159 0 160 1211156 187 828415 214 917287 241 1239398 268 1711929 269 0
0
421 2 546 228 0.9842847132414035 0.09736368881909069 0
13 31 0 32 1898668 56 1962371 81 2055525 105 1480699 129 1253721 153 1114186 178 1229939 202 1340346 226 1219653 251 801635 275 856832 276 0
0
422 2 1461 64 0.9965406805460606 0.08469819937137789 0
8 13 0 14 1087097 39 1185968 64 1267871 89 1010588 114 858920 139 874559 140 0
0
423 1 1043 203 0.9805728133078434 0.08018323533244084 0
14 3 0 4 1513177 28 959536 53 1302438 77 1138052 101 2582834 125 2975961 150 1882473 174 1152092 198 949402 222 1172566 247 1143252 271 2043386 272 0
0
424 1 1323 108 0.9804812484695675 0.07054339596797185 0
12 35 0 36 595937 60 540593 84 592610 108 1119775 132 1633348 155 1766592 179 1439403 203 1442685 227 1350812 251 1253792 252 0
0
425 1 655 50 0.9971946521352103 0.14175349450563382 0
14 0 0 1 1551440 27 2213224 53 2427683 79 1786137 105 1811459 131 1930628 156 2463624 182 2473882 208 1610340 234 1627101 260 1389226 286 1133038 287 0
1 424
426 2 1480 311 0.9849443111142547 0.12990725864887848 0
15 11 0 12 2831064 36 1395448 60 980178 84 1028191 108 1107420 132 697948 156 446644 180 425744 204 337327 228 297710 252 368869 276 218566 300 182883 301 0
2 424 425
427 2 1221 292 0.9943836916409221 0.01888868017311545 0
12 66 0 67 2027264 91 1384928 115 1754281 139 1967933 163 1304155 187 1091278 211 1064975 235 1638171 259 1191155 283 892620 284 0
0
428 1 1021 171 0.991957704441193 0.03546811567157906 0
14 31 0 32 845151 56 1978436 81 1701765 105 1940734 129 2151077 153 2195972 178 1783523 202 1539295 226 855264 250 915927 275 1146649 299 1359816 300 0
1 427
429 2 606 138 0.9920310838201957 0.10803072092859435 0
10 43 0 44 918004 69 1075591 93 1100696 118 1137601 143 835491 168 1121836 192 1421563 217 2129831 218 0
0
430 2 930 306 0.9917658469287736 0.12702461574522794 0
13 30 0 31 1753910 55 2172929 79 1888759 103 2287434 127 1846681 151 1660144 176 1402163 200 1608095 224 1715706 248 2040798 272 2784149 273 0
2 429 431
431 2 938 35 0.9933123581345854 0.021747011309618192 0
9 124 0 125 1092769 150 1389798 175 1697316 199 1650817 224 3084760 249 1809186 274 1480336 275 0
0
432 1 739 20 0.9939407899302175 0.06805566692130262 0
10 49 0 50 264958 75 379106 100 420788 125 666361 151 757453 176 1655012 201 2085107 226 2245352 227 0
0
433 2 766 86 0.9993698174071478 0.09624274713732144 0
10 81 0 82 869858 108 1158539 134 1193620 160 1413576 187 1064207 213 809688 239 806953 265 978229 266 0
1 432
434 2 735 188 0.982442574792276 0.09991237188045302 0
14 0 0 1 1546420 26 2552411 50 1862876 75 3616900 100 1611362 124 1051317 149 916035 173 1363606 198 852230 223 644623 247 1130516 272 1028860 273 0
1 432
435 2 741 298 0.999600396227418 0.04812452968819101 0
9 92 0 93 1686287 116 1714917 139 1099419 161 730450 184 424593 207 338015 230 478058 231 0
1 433
436 1 965 18 0.9818573514659958 0.03941172801010271 0
8 45 0 46 757470 72 1388931 99 1313030 125 2045699 152 1739473 178 2641016 179 0
0
437 1 1498 8 0.9929063958296727 0.0911023227119901 0
14 9 0 10 1435568 35 1995358 60 1493832 85 1321117 110 1991595 135 2005826 160 2147238 185 2291820 210 1261017 235 827921 260 708655 285 699183 286 0
0
438 2 1176 30 0.9901868304676398 0.12001716752168365 0
13 8 0 9 2632698 33 1959283 57 1228042 82 1520925 106 1692107 130 1235214 154 1430530 178 2331918 203 2653648 227 1066496 251 892836 252 0
1 437
439 1 1312 114 0.9832051628999244 0.003323970510504315 0
15 0 0 1 399768 26 505271 51 568999 76 323760 101 407091 126 559295 151 409552 175 546137 200 1139325 225 1976814 250 2214620 275 2185708 300 4885022 301 0
2 437 438
440 2 1003 69 0.9968236621385722 0.1451555736553118 0
8 111 0 112 853045 134 1305508 157 1423118 179 1563338 202 1483045 224 3403833 225 0
0
441 2 1009 350 0.9849576889573013 0.047065153001434386 0
8 92 0 93 1572038 120 1551952 147 1819740 175 1436638 202 1015357 229 1059914 230 0
2 440 442
442 2 1263 92 0.9885181489233696 0.12138353640284946 0
13 12 0 13 1766399 39 1217233 65 1025506 90 753628 116 1184072 142 1419209 168 2477097 194 2540669 219 3035775 245 2303637 271 2149070 272 0
0
443 2 1441 357 0.9839995341777995 0.07905620196055409 0
12 7 0 8 2355388 33 1889139 59 772135 84 410203 110 416624 135 566338 161 454280 186 417923 212 459482 237 603436 238 0
0
444 1 767 54 0.9959551317398327 0.10507924362332316 0
7 43 0 44 977898 69 1169633 93 1938741 118 1104757 143 1931166 144 0
0
445 2 1307 151 0.9856696668585364 0.10178224387861638 0
11 81 0 82 907799 106 1099490 131 1170863 155 845168 179 670414 204 779361 228 1229667 253 1449120 277 1294854 278 0
2 444 446
446 2 1165 371 0.999430116722897 0.06499221529363262 0
8 139 0 140 2795823 164 1895486 187 1603823 211 1257962 234 1044483 258 1164228 259 0
0
447 1 1400 1 0.9943361971071693 0.0712276584562294 0
13 30 0 31 2167141 57 1929622 83 2065465 109 2363147 135 2383615 161 1867846 186 1396089 212 894488 238 678553 264 562765 290 601361 291 0
0
448 2 1160 198 0.9822633269444578 0.0637519477211884 0
11 79 0 80 1800557 105 1549597 130 1762581 155 1948417 181 1852327 206 1161033 231 1103781 256 1171836 281 1070421 282 0
0
449 2 641 117 0.9883374478822644 0.08765143863568818 0
13 3 0 4 1243543 30 844951 55 872837 81 964906 106 1129384 132 1265135 158 1932337 183 1671790 209 2129840 234 2899488 260 3547909 261 0
2 448 450
450 1 873 375 0.9933305431052963 0.10240040448179005 0
12 26 0 27 1753017 51 1259028 75 503979 98 609819 122 1197096 146 1435979 170 1807134 193 2075641 217 2205519 241 3326284 242 0
0
451 2 1033 349 0.9849176878824167 0.10143835900043872 0
15 1 0 2 554687 27 668844 51 1057823 76 782699 100 676610 125 706782 149 512203 174 465114 199 806049 223 1326292 248 1874269 272 2831712 297 3630734 298 0
0
452 1 514 19 0.9904293676227085 0.042640049411002336 0
9 156 0 157 1591289 180 1710245 203 1506431 225 1207614 248 896071 271 747838 294 641663 295 0
1 451
453 2 1315 220 0.9812369998368974 0.0708251957325099 0
15 0 0 1 549930 26 471125 50 479342 75 1175681 100 1302025 124 1390418 149 1724064 174 1560421 198 1407564 223 1038723 248 1418578 272 1136962 297 706407 298 0
0
454 2 852 209 0.987956517741716 0.04693891701452658 0
12 55 0 56 3694897 80 2612499 104 2020382 128 1874909 152 1414147 176 1531211 200 1691456 224 820961 248 693409 272 652396 273 0
1 453
455 2 582 283 0.9848990976299502 0.045702072075084775 0
14 15 0 16 2070446 41 1516132 65 2009425 90 1281990 114 632074 139 1039234 163 1343118 188 1752656 212 1510706 237 1435685 261 1597641 286 1229893 287 0
1 454
456 1 859 369 0.9964642244608767 0.12233094918321899 0
9 154 0 155 547929 179 627517 202 1027049 226 2119406 250 1755761 273 2519849 297 2614953 298 0
0
457 1 581 42 0.993570370146846 0.010834087034591383 0
9 125 0 126 3157001 149 2465805 172 1343012 195 1240644 219 1139996 242 1191833 265 859907 266 0
1 456
458 2 993 198 0.9989839085273663 0.0844120653361511 0
9 69 0 70 2747534 95 1772585 120 1211937 145 1306941 170 1325458 195 1616630 220 1867900 221 0
1 457
459 1 703 104 0.9921384292771874 0.03371670100848275 0
7 121 0 122 1435008 149 1549869 177 1606133 204 2311580 231 2621753 232 0
0
460 2 1104 309 0.9895171273481874 0.11599875827486063 0
15 9 0 10 263444 34 368299 58 543374 83 627500 107 510819 131 580874 155 472242 179 538173 203 931790 227 1176437 252 1369698 276 1973225 300 1886940 301 0
2 459 461
461 1 1135 79 0.9976960912337132 0.06423875950692229 0
9 28 0 29 2168903 56 1790970 83 2383553 109 1915470 136 1955964 163 1556581 190 1489847 191 0
0
462 1 800 296 0.9979475716113391 0.0059824961747633465 0
8 77 0 78 621342 105 825912 131 861774 158 1365930 184 1493432 211 1176771 212 0
0
463 1 888 271 0.9918515710950797 0.06298272307810118 0
11 98 0 99 724863 123 643190 148 635841 173 870412 197 1705270 221 2054904 246 2262367 271 1487814 295 2025753 296 0
0
464 2 617 118 0.9873339048257807 0.0692076386249188 0
13 45 0 46 2247716 70 2333927 95 2014785 119 1409014 144 874611 168 656858 192 1024798 217 1015468 241 956717 266 1148009 290 885509 291 0
1 463
465 1 1433 207 0.9880241716543111 0.14597528993919903 0
10 6 0 7 1428541 31 1356616 56 1877866 80 1393112 104 1771249 128 1811057 153 1232480 177 1343451 178 0
1 464
466 1 636 302 0.9863787200507008 0.12813040130111517 0
9 58 0 59 729505 86 1011863 113 1366169 139 1493426 166 1248337 193 1441516 220 1562850 221 0
0
467 2 507 186 0.9844573921531155 0.10015417544759064 0
7 97 0 98 1797925 123 1518978 149 1055013 174 710511 199 854314 200 0
1 466
468 1 840 140 0.9911718160756042 0.08439793696736293 0
9 49 0 50 1594023 76 1158632 101 1050630 127 2363962 153 2765554 178 1955073 204 1766714 205 0
0
469 2 1259 371 0.994074345160125 0.052313087059193006 0
13 31 0 32 1135378 57 1886920 81 1177089 106 760719 131 527181 155 606713 180 864214 205 1596353 230 2664584 254 1707259 279 1810300 280 0
1 468
470 1 1424 201 0.9935559489746856 0.07456041976758762 0
10 28 0 29 1147653 54 960761 78 1033222 103 979710 128 981505 153 973279 177 1119595 202 899397 203 0
0
471 2 1499 182 0.9934530592047739 0.021099359302815802 0
9 20 0 21 985461 47 1661351 72 1290975 97 1108130 123 1056055 149 1495242 174 1071224 175 0
0
472 1 1138 246 0.990124621547341 0.12376657956820729 0
10 115 0 116 1842758 142 2588640 167 2225212 193 1510489 219 819866 245 1075513 270 1058823 296 710563 297 0
1 471
473 1 823 50 0.985623439491615 0.09049926706922377 0
8 49 0 50 836660 77 673252 104 943767 131 1567522 158 1669873 185 1281159 186 0
2 471 472
474 2 555 105 0.9974269098264187 0.1462297964634195 0
12 27 0 28 1779025 53 1535704 77 1804217 102 1201750 126 1542791 151 1453153 175 1370094 200 2132830 224 1620048 249 1070792 250 0
1 472
475 2 1265 97 0.9876271584484689 0.11934304705901515 0
13 9 0 10 2322103 34 2805456 58 1916956 82 1982574 106 2077686 130 2253544 154 2185829 178 1395143 202 1234043 226 952093 250 882025 251 0
0
476 1 1343 309 0.98287899175472 0.13006164493970251 0
8 152 0 153 1635831 179 1323778 205 1106811 232 917235 258 1327046 284 1492240 285 0
0
477 2 1026 257 0.9960062007651121 0.11537507706245487 0
11 18 0 19 884508 43 990093 67 1185336 92 1252510 116 1373856 140 1312916 165 1407775 189 1832599 213 1502097 214 0
0
478 2 906 107 0.990819143019258 0.062229612793753275 0
9 93 0 94 1828429 119 1011375 144 1050593 169 859783 193 918222 218 808134 243 526622 244 0
1 477
479 1 1332 174 0.9841349204374906 0.05089305174262668 0
14 3 0 4 326367 28 374716 52 400781 76 578447 100 940217 124 1000688 148 1634117 172 1263597 196 1612617 220 1318954 244 890686 268 572558 269 0
0
480 2 520 360 0.9963707653448408 0.041887018300483254 0
11 48 0 49 1174999 74 1383244 99 1578636 124 1960541 149 2613664 175 2071585 200 1350947 225 1283788 250 1410109 251 0
1 479
481 1 887 85 0.9815086864850227 0.0846494175275247 0
8 21 0 22 1313893 45 1403834 68 1672553 90 1656198 113 1359991 136 875798 137 0
1 480
482 1 1415 146 0.9824436673879395 0.010201028440103104 0
12 57 0 58 686546 84 785140 110 891856 135 773349 161 734755 187 1155346 213 2434655 238 1821111 264 1729450 290 2596077 291 0
0
483 1 529 88 0.9938025780718859 0.01603285261677093 0
7 52 0 53 1124057 80 1487451 107 2092837 135 2824088 162 1968414 163 0
0
484 2 1166 92 0.9866195669518812 0.11702795477873966 0
13 17 0 18 1135056 42 1226754 66 1019981 90 1352368 114 1617169 139 2202164 163 2063009 187 2041959 211 1992279 235 2431526 259 1745189 260 0
1 483
485 2 1239 67 0.9973598242458086 0.10037340335456614 0
11 23 0 24 1424057 50 1396469 77 953745 103 881249 129 1152068 155 1292186 181 1679541 208 2170691 234 1359944 235 0
2 483 484
486 1 1291 242 0.9845596991573364 0.07971668168618028 0
9 47 0 48 1606477 73 2217110 99 2297175 124 1485377 149 858057 175 1716212 200 1047922 201 0
1 484
487 2 802 161 0.9861727604846571 0.012232196099551312 0
11 98 0 99 3343074 123 2727819 146 1932368 169 1456819 193 1481682 217 1513503 240 1231262 263 1940751 287 1200437 288 0
0
488 1 1458 278 0.9887165789269029 0.1396956894781762 0
14 3 0 4 2020242 30 2166172 55 2201761 81 2035263 106 1965302 132 2027393 157 1686548 183 2168557 208 2134500 234 1585208 259 1425481 285 1703553 286 0
0
489 1 595 80 0.9967212869068465 0.09427698390791985 0
9 38 0 39 526524 62 760043 85 1980014 108 1902201 131 2646162 154 2837047 177 1617182 178 0
0
490 2 863 86 0.992962585916732 0.004868946546547226 0
8 6 0 7 1807944 31 1230051 56 1884488 80 2184082 105 2195554 129 2252822 130 0
0
491 1 989 148 0.9941407784307343 0.13826597866190085 0
11 30 0 31 2246593 57 1777944 83 1691391 110 1516740 136 1056492 162 1176225 189 842866 215 865496 241 635393 242 0
1 490
492 2 1119 222 0.9984610652322966 0.0371123637211119 0
14 35 0 36 2134387 60 1608752 84 3412205 108 2126721 132 2284336 156 1571733 180 1069283 204 1569499 228 945144 252 949230 276 1553611 300 1184345 301 0
0
493 1 883 197 0.9999249456308448 0.09592365101936585 0
7 109 0 110 2024896 137 1450567 165 725488 192 939729 219 1003290 220 0
1 492
494 1 536 228 0.9998762570647112 0.13399564407771103 0
10 39 0 40 1641737 66 1154174 92 987026 118 1106875 145 1675603 171 2488437 197 2304846 223 1960612 224 0
1 493
495 1 806 320 0.994716835295615 0.020436740630371368 0
8 152 0 153 1085397 178 1288567 202 1496702 227 657353 251 616592 276 952383 277 0
0
496 1 1268 37 0.9859237473204424 0.10898558240872651 0
8 130 0 131 1561599 153 1335223 176 1120982 198 1526338 221 964458 243 1137523 244 0
0
497 1 918 309 0.9871012755282839 0.03057088949216467 0
15 5 0 6 4767560 30 3540577 54 3027762 78 1424293 102 1359062 126 937837 151 666892 175 448369 199 554033 223 421467 247 224571 271 285368 295 584603 296 0
1 496
498 2 582 302 0.9973723645864276 0.11183393267039114 0
15 6 0 7 1454832 31 1873088 56 2416213 80 1375718 105 1419584 129 748943 153 873706 178 1153567 202 1140823 227 1230015 251 800287 276 658562 300 664520 301 0
1 497
499 2 542 181 0.98051200375584 0.02248968452100188 0
15 0 0 1 896577 25 811624 49 549799 73 346699 97 466093 121 399122 145 1046348 168 858631 192 2061603 216 2322236 240 2899036 264 2192731 288 2893309 289 0
0
500 2 510 249 0.9988229617783547 0.06339916230528654 0
11 62 0 63 2550988 87 1586797 112 2235182 137 1487136 161 1463569 185 1252413 210 1900311 235 1582742 259 1705999 260 0
1 499
501 2 923 239 0.9809587930090304 0.04798347971356482 0
8 70 0 71 1298448 97 1283683 123 1321576 150 1924615 176 2339039 202 2014234 203 0
1 500
7 6 10659886973667305330
0.65038945819291305 0.34563956882504965 0.0039709729820371362 0 0 0 0 
0.29367291714300131 0.5797862507438768 0.11253142456916909 0.014009407543952867 0 0 0 
1.4131189430426344e-09 0.18905960051799561 0.44909739165434842 0.32239542530231813 0.039447581112218938 0 0 
0 0.043752041690362654 0.079271361143687852 0.87011603340370036 0.0033077052290538069 0.0035528585331954204 0 
0 0 0.015190350742277408 0.044334491311077411 0.90080171493640016 0.039640375730251982 3.3067279992976463e-05 
0 0 0 2.9123680876183852e-09 0.21976983161374733 0.68711791872304939 0.093112246750835195 
0 0 0 0 0.018677162951541051 0.41030647336908055 0.57101636367937847 
7 0 0 0 0 0 0 0
0.013549840435054184 0.9980268666192884 1.1400698764588437
