A
700
376 612
1 19.0 17.0
2 20.0 17.0
3 20.0 16.0
4 24.0 14.0
5 25.0 14.0
6 24.0 15.0
7 31.0 6.0
8 32.0 6.0
9 31.0 4.0
10 32.0 4.0
11 31.0 5.0
12 30.0 5.0
13 30.0 6.0
14 30.0 4.0
15 23.0 12.0
16 24.0 12.0
17 24.0 11.0
18 24.0 10.0
19 22.0 12.0
20 23.0 11.0
21 23.0 10.0
22 24.0 9.0
23 23.0 9.0
24 22.0 10.0
25 23.0 8.0
26 21.0 12.0
27 22.0 11.0
28 21.0 11.0
29 20.0 11.0
30 21.0 10.0
31 22.0 9.0
32 21.0 9.0
33 22.0 8.0
34 20.0 10.0
35 20.0 9.0
36 21.0 8.0
37 20.0 8.0
38 19.0 11.0
39 18.0 12.0
40 19.0 12.0
41 18.0 11.0
42 19.0 10.0
43 19.0 9.0
44 19.0 8.0
45 18.0 10.0
46 18.0 8.0
47 16.0 11.0
48 16.0 12.0
49 17.0 11.0
50 18.0 9.0
51 17.0 9.0
52 17.0 8.0
53 16.0 10.0
54 17.0 10.0
55 16.0 8.0
56 16.0 9.0
57 7.0 4.0
58 8.0 4.0
59 10.0 9.0
60 11.0 9.0
61 12.0 9.0
62 14.0 13.0
63 14.0 14.0
64 9.0 12.0
65 10.0 12.0
66 8.0 11.0
67 9.0 11.0
68 8.0 13.0
69 9.0 13.0
70 8.0 10.0
71 9.0 10.0
72 10.0 11.0
73 6.0 14.0
74 7.0 14.0
75 15.0 26.0
76 16.0 26.0
77 8.0 9.0
78 9.0 9.0
79 9.0 8.0
80 10.0 8.0
81 9.0 4.0
82 10.0 4.0
83 10.0 13.0
84 11.0 13.0
85 11.0 28.0
86 12.0 28.0
87 16.0 3.0
88 16.0 4.0
89 11.0 1.0
90 11.0 2.0
91 11.0 10.0
92 12.0 10.0
93 20.0 18.0
94 14.0 4.0
95 15.0 4.0
96 14.0 3.0
97 15.0 3.0
98 13.0 2.0
99 14.0 2.0
100 12.0 26.0
101 12.0 27.0
102 13.0 0.0
103 14.0 0.0
104 7.0 8.0
105 8.0 8.0
106 12.0 2.0
107 2.0 9.0
108 2.0 10.0
109 12.0 1.0
110 13.0 1.0
111 6.0 11.0
112 7.0 11.0
113 11.0 7.0
114 11.0 8.0
115 12.0 6.0
116 12.0 7.0
117 10.0 7.0
118 9.0 26.0
119 9.0 27.0
120 5.0 12.0
121 6.0 12.0
122 11.0 25.0
123 11.0 26.0
124 2.0 25.0
125 3.0 25.0
126 12.0 13.0
127 13.0 13.0
128 9.0 28.0
129 10.0 28.0
130 6.0 15.0
131 5.0 13.0
132 6.0 13.0
133 10.0 0.0
134 10.0 1.0
135 11.0 0.0
136 10.0 3.0
137 4.0 9.0
138 4.0 10.0
139 9.0 3.0
140 12.0 8.0
141 13.0 26.0
142 10.0 2.0
143 5.0 10.0
144 5.0 11.0
145 4.0 8.0
146 12.0 16.0
147 13.0 16.0
148 10.0 20.0
149 11.0 20.0
150 14.0 1.0
151 10.0 14.0
152 11.0 14.0
153 8.0 3.0
154 7.0 15.0
155 7.0 16.0
156 9.0 24.0
157 10.0 24.0
158 12.0 0.0
159 8.0 32.0
160 9.0 32.0
161 8.0 15.0
162 5.0 16.0
163 6.0 16.0
164 5.0 15.0
165 4.0 14.0
166 4.0 15.0
167 15.0 2.0
168 12.0 12.0
169 13.0 12.0
170 14.0 20.0
171 15.0 20.0
172 5.0 14.0
173 9.0 15.0
174 9.0 16.0
175 8.0 14.0
176 6.0 25.0
177 7.0 25.0
178 7.0 12.0
179 8.0 12.0
180 7.0 9.0
181 0.0 25.0
182 0.0 26.0
183 4.0 11.0
184 10.0 26.0
185 3.0 8.0
186 3.0 9.0
187 3.0 24.0
188 3.0 14.0
189 10.0 10.0
190 11.0 4.0
191 12.0 4.0
192 7.0 24.0
193 11.0 5.0
194 1.0 26.0
195 1.0 27.0
196 10.0 6.0
197 10.0 29.0
198 5.0 8.0
199 14.0 26.0
200 6.0 8.0
201 6.0 9.0
202 12.0 14.0
203 8.0 24.0
204 8.0 25.0
205 10.0 25.0
206 10.0 5.0
207 3.0 12.0
208 4.0 12.0
209 3.0 10.0
210 12.0 24.0
211 12.0 25.0
212 8.0 30.0
213 8.0 31.0
214 24.0 8.0
215 4.0 13.0
216 11.0 29.0
217 9.0 14.0
218 10.0 19.0
219 11.0 19.0
220 10.0 32.0
221 11.0 32.0
222 14.0 27.0
223 14.0 28.0
224 8.0 19.0
225 8.0 20.0
226 6.0 26.0
227 6.0 27.0
228 7.0 10.0
229 19.0 16.0
230 12.0 5.0
231 14.0 16.0
232 4.0 16.0
233 1.0 25.0
234 15.0 28.0
235 32.0 5.0
236 12.0 18.0
237 12.0 19.0
238 20.0 12.0
239 9.0 2.0
240 9.0 20.0
241 8.0 18.0
242 9.0 18.0
243 1.0 28.0
244 15.0 12.0
245 9.0 30.0
246 9.0 19.0
247 14.0 21.0
248 15.0 21.0
249 5.0 9.0
250 7.0 3.0
251 6.0 10.0
252 6.0 4.0
253 3.0 13.0
254 2.0 8.0
255 2.0 14.0
256 1.0 24.0
257 4.0 28.0
258 5.0 28.0
259 16.0 2.0
260 12.0 29.0
261 10.0 27.0
262 12.0 20.0
263 2.0 24.0
264 13.0 10.0
265 11.0 6.0
266 13.0 9.0
267 14.0 9.0
268 9.0 31.0
269 14.0 12.0
270 11.0 27.0
271 4.0 26.0
272 5.0 26.0
273 10.0 15.0
274 13.0 8.0
275 10.0 16.0
276 11.0 12.0
277 14.0 8.0
278 11.0 15.0
279 11.0 16.0
280 8.0 26.0
281 12.0 15.0
282 4.0 24.0
283 0.0 28.0
284 11.0 24.0
285 4.0 27.0
286 5.0 27.0
287 7.0 27.0
288 13.0 14.0
289 14.0 25.0
290 13.0 15.0
291 15.0 13.0
292 2.0 27.0
293 3.0 27.0
294 14.0 10.0
295 7.0 26.0
296 12.0 32.0
297 0.0 24.0
298 8.0 16.0
299 9.0 25.0
300 10.0 31.0
301 11.0 31.0
302 13.0 27.0
303 13.0 28.0
304 2.0 26.0
305 0.0 27.0
306 2.0 28.0
307 14.0 29.0
308 3.0 26.0
309 4.0 25.0
310 10.0 18.0
311 3.0 28.0
312 6.0 24.0
313 6.0 28.0
314 7.0 28.0
315 8.0 27.0
316 8.0 28.0
317 11.0 18.0
318 2.0 13.0
319 10.0 30.0
320 11.0 30.0
321 16.0 27.0
322 14.0 22.0
323 15.0 22.0
324 16.0 22.0
325 13.0 24.0
326 13.0 25.0
327 14.0 24.0
328 15.0 27.0
329 16.0 24.0
330 18.0 24.0
331 26.0 12.0
332 28.0 12.0
333 26.0 14.0
334 32.0 8.0
335 28.0 8.0
336 30.0 8.0
337 28.0 4.0
338 28.0 6.0
339 32.0 0.0
340 32.0 2.0
341 30.0 2.0
342 30.0 0.0
343 28.0 2.0
344 10.0 22.0
345 22.0 16.0
346 24.0 16.0
347 22.0 14.0
348 28.0 10.0
349 30.0 10.0
350 8.0 6.0
351 12.0 22.0
352 20.0 14.0
353 6.0 30.0
354 8.0 0.0
355 0.0 8.0
356 0.0 10.0
357 28.0 0.0
358 0.0 12.0
359 2.0 12.0
360 4.0 30.0
361 4.0 32.0
362 8.0 22.0
363 16.0 0.0
364 2.0 16.0
365 6.0 32.0
366 14.0 18.0
367 32.0 10.0
368 18.0 26.0
369 0.0 32.0
370 0.0 4.0
371 4.0 4.0
372 20.0 0.0
373 20.0 4.0
374 24.0 0.0
375 24.0 4.0
376 0.0 16.0
374 375 4
373 375 4
372 374 4
372 373 4
361 369 4
361 365 2
360 361 2
357 374 4
356 358 2
355 370 4
355 356 2
353 365 2
353 360 2
348 349 2
347 352 2
345 347 2
345 346 2
344 362 2
344 351 2
343 357 2
342 357 2
341 342 2
341 343 2
340 341 2
339 342 2
339 340 2
337 375 4
337 343 2
337 338 2
336 349 2
335 338 2
335 348 2
335 336 2
334 367 2
334 336 2
332 348 2
331 333 2
331 332 2
329 330 2
327 329 2
325 327 1
325 326 1
324 329 2
323 324 1
322 351 2
322 327 2
322 323 1
321 328 1
319 320 1
315 316 1
314 316 1
313 353 2
313 314 1
310 317 1
306 311 1
304 308 1
302 303 1
300 319 1
300 301 1
297 376 8
293 311 1
293 308 1
292 304 1
292 306 1
292 293 1
289 326 1
289 327 1
287 315 1
287 314 1
287 295 1
285 293 1
285 286 1
283 369 4
283 305 1
282 312 2
282 309 1
280 315 1
280 295 1
278 281 1
278 279 1
275 310 2
275 279 1
274 277 1
273 278 1
273 275 1
272 286 1
271 308 1
271 309 1
271 285 1
271 272 1
269 294 2
268 300 1
267 294 1
267 277 1
266 274 1
266 267 1
264 294 1
264 266 1
262 351 2
261 270 1
258 313 1
258 286 1
127 288 1
127 169 1
126 168 1
126 202 1
126 127 1
125 309 1
125 308 1
125 187 1
124 304 1
124 233 1
124 263 1
124 125 1
123 270 1
123 184 1
122 211 1
122 284 1
122 205 1
122 123 1
121 132 1
121 178 1
120 208 1
120 144 1
120 131 1
120 121 1
119 261 1
119 315 1
119 128 1
118 280 1
118 299 1
118 184 1
118 119 1
117 196 1
116 140 1
115 230 1
115 265 1
115 116 1
114 140 1
113 116 1
113 265 1
113 117 1
113 114 1
112 228 1
112 178 1
111 251 1
111 121 1
111 144 1
111 112 1
110 150 1
109 158 1
109 110 1
108 356 2
108 359 2
108 209 1
107 254 1
107 186 1
107 108 1
106 191 2
106 109 1
105 350 2
104 200 1
104 180 1
104 105 1
103 363 2
103 150 1
102 158 1
102 110 1
102 103 1
101 302 1
101 270 1
100 211 1
100 123 1
100 141 1
100 101 1
99 150 1
99 167 1
98 110 1
98 106 1
98 99 1
97 167 1
96 99 1
96 97 1
95 97 1
94 191 2
94 96 1
94 95 1
92 168 2
92 264 1
91 189 1
91 92 1
90 142 1
90 106 1
89 134 1
89 109 1
89 135 1
89 90 1
88 373 4
88 95 1
87 97 1
87 88 1
86 303 1
86 260 1
86 101 1
85 129 1
85 270 1
85 216 1
85 86 1
84 276 1
84 152 1
84 126 1
83 151 1
83 84 1
82 190 1
82 206 1
82 136 1
81 139 1
81 82 1
80 114 1
80 117 1
79 105 1
79 80 1
78 79 1
77 180 1
77 105 1
77 78 1
76 368 2
76 329 2
76 321 1
75 328 1
75 199 1
75 76 1
74 154 1
74 175 1
73 172 1
73 132 1
73 130 1
73 74 1
72 189 1
71 189 1
71 78 1
70 228 1
70 77 1
70 71 1
69 83 1
69 217 1
68 175 1
68 179 1
68 69 1
67 71 1
67 72 1
66 70 1
66 112 1
66 179 1
66 67 1
65 276 1
65 83 1
65 72 1
64 179 1
64 67 1
64 69 1
64 65 1
62 291 1
62 127 1
62 269 1
62 63 1
61 140 1
61 266 1
61 92 1
60 91 1
60 114 1
60 61 1
29 238 1
29 34 1
29 38 1
28 30 1
28 29 1
27 28 1
26 238 1
26 28 1
25 33 1
25 214 1
24 31 1
24 30 1
24 27 1
23 31 1
23 25 1
22 214 1
22 23 1
21 23 1
21 24 1
20 27 1
20 21 1
19 347 2
19 27 1
19 26 1
18 22 1
18 21 1
17 20 1
17 18 1
16 331 2
16 17 1
15 20 1
15 19 1
15 16 1
14 341 2
14 337 2
1 2 1
2 93 1
2 3 1
3 345 2
3 352 2
3 229 1
4 347 2
4 16 2
4 6 1
4 5 1
7 13 1
7 11 1
7 8 1
8 334 2
8 235 1
9 14 1
9 11 1
9 10 1
10 340 2
10 235 1
11 235 1
11 12 1
12 14 1
12 13 1
13 336 2
13 338 2
30 32 1
30 34 1
31 33 1
31 32 1
32 36 1
32 35 1
33 36 1
34 35 1
34 42 1
35 37 1
35 43 1
36 37 1
37 373 4
37 44 1
38 42 1
38 41 1
38 40 1
39 40 1
40 238 1
41 45 1
42 43 1
42 45 1
43 50 1
43 44 1
44 46 1
45 54 1
45 50 1
46 52 1
46 50 1
47 53 1
47 49 1
47 48 1
48 244 1
49 54 1
50 51 1
51 52 1
51 56 1
51 54 1
52 55 1
53 294 2
53 56 1
53 54 1
55 88 4
55 277 2
55 56 1
57 252 1
57 250 1
57 58 1
58 350 2
58 153 1
58 81 1
59 189 1
59 78 1
59 80 1
59 60 1
128 316 1
128 129 1
129 261 1
129 197 1
130 164 1
130 163 1
130 154 1
131 172 1
131 215 1
131 132 1
133 354 2
133 135 1
133 134 1
134 142 1
135 158 1
136 142 1
136 139 1
137 186 1
137 249 1
137 145 1
137 138 1
138 143 1
138 209 1
138 183 1
139 239 1
139 153 1
140 274 1
141 302 1
141 326 1
141 199 1
142 239 1
143 251 1
143 249 1
143 144 1
144 183 1
145 371 4
145 185 1
145 198 1
146 236 2
146 281 1
146 279 1
146 147 1
147 290 1
147 231 1
148 218 1
148 344 2
148 240 1
148 149 1
149 262 1
149 219 1
151 273 1
151 217 1
151 152 1
152 278 1
154 161 1
154 155 1
155 298 1
155 163 1
156 299 1
156 203 1
156 157 1
157 344 2
157 284 1
157 205 1
159 365 2
159 213 1
159 160 1
160 220 1
160 268 1
161 298 1
161 173 1
161 175 1
162 164 1
162 232 1
162 163 1
164 172 1
164 166 1
165 215 1
165 188 1
165 172 1
165 166 1
166 232 1
167 259 1
168 276 1
168 169 1
169 269 1
170 247 1
170 262 2
170 366 2
170 171 1
173 273 1
173 217 1
173 174 1
174 298 1
174 275 1
175 217 1
176 226 1
176 312 1
176 177 1
177 204 1
177 295 1
177 192 1
178 179 1
180 228 1
180 201 1
181 233 1
181 297 1
181 182 1
182 305 1
182 194 1
183 208 1
184 261 1
184 205 1
185 254 1
185 186 1
186 209 1
187 263 1
187 282 1
188 253 1
188 255 1
190 193 1
190 191 1
191 230 1
192 312 1
192 203 1
193 206 1
193 265 1
193 230 1
194 304 1
194 233 1
194 195 1
195 292 1
195 305 1
195 243 1
196 350 2
196 265 1
196 206 1
197 319 1
197 216 1
198 249 1
198 200 1
199 222 1
199 289 1
200 201 1
201 251 1
201 249 1
203 362 2
203 204 1
204 299 1
204 280 1
205 299 1
207 253 1
207 208 1
208 215 1
210 351 2
210 325 1
210 284 1
210 211 1
211 326 1
212 316 2
212 353 2
212 245 1
212 213 1
213 268 1
214 335 4
214 375 4
215 253 1
218 246 1
218 310 1
218 219 1
219 237 1
219 317 1
220 300 1
220 221 1
221 301 1
221 296 1
222 328 1
222 302 1
222 223 1
223 303 1
223 307 1
223 234 1
224 246 1
224 241 1
224 225 1
225 362 2
225 240 1
226 272 1
226 295 1
226 227 1
227 286 1
227 313 1
227 287 1
228 251 1
232 364 2
233 256 1
234 328 1
236 366 2
236 317 1
236 237 1
237 262 1
238 352 2
240 246 1
241 298 2
241 242 1
242 310 1
242 246 1
243 306 1
243 283 1
244 269 1
244 291 1
245 319 1
245 268 1
247 322 1
247 248 1
248 323 1
253 318 1
254 355 2
256 263 1
256 297 1
257 360 2
257 311 1
257 285 1
257 258 1
5
359 85 3 1 2 3
47 65 1 2
101 100 1 1
175 85 3 1 2 3
57 85 2 2 3
250
1 1 1017 127 0.9842804569392781 0.06772743586406542 0
30 15 0 16 4106573 41 4165643 67 3645260 92 5014083 117 3419798 142 2410293 168 1463335 193 1713236 218 1925729 243 936864 269 1153185 294 649504 319 677316 344 1127443 370 1164426 395 951979 420 815733 445 1259258 471 648546 496 646229 521 321993 546 410706 572 574123 597 614269 622 545159 647 615245 673 330630 698 238593 699 0
0
2 2 862 85 0.9844939160453315 0.0776184355376943 0
10 293 0 294 907939 318 770538 341 552111 365 797047 388 1298448 412 1738629 435 954108 459 1484599 460 0
0
3 1 716 183 0.9887557976533242 0.06593465011306687 0
25 58 0 59 1562592 84 2020634 109 3283250 134 2883722 159 2578004 184 2843868 209 1752574 234 2146805 259 1125533 284 1001368 309 827928 335 549222 360 295130 385 265466 410 278816 435 182421 460 204829 485 173585 510 199740 535 202829 560 225399 585 245159 610 403899 611 0
1 2
4 1 527 188 0.9893924783544529 0.07293813968531694 0
19 76 0 77 1583572 102 1311672 127 1092955 152 768743 177 940903 203 1656974 228 1671988 253 1114464 278 888654 303 543905 328 424844 353 560836 379 688486 404 789200 429 731346 454 660113 479 735454 480 0
2 2 3
5 2 1033 117 0.9877295841401935 0.04261054118954983 0
10 171 0 172 1038501 198 929440 225 993385 251 786444 277 1248718 303 932328 330 1267296 356 2284685 357 0
0
6 1 1402 205 0.9872873207543572 0.10482643736702972 0
21 155 0 156 2392090 180 2419010 205 2387001 229 2748414 254 1430917 278 1230042 303 937785 327 950797 352 832304 376 1041849 400 896428 425 829258 449 1242607 474 1238178 498 783191 523 607223 547 578867 572 472608 596 387829 597 0
1 5
7 3 617 77 0.9855918409118641 0.12255086416216053 0
17 282 0 283 332667 308 276364 332 560557 357 639745 381 803173 406 924013 430 769511 455 843244 480 611869 504 677951 529 1688646 553 2017164 578 1854015 602 3353605 627 3773320 628 0
0
8 2 1345 258 0.9812014882348817 0.08265799186489077 0
19 185 0 186 863225 211 600725 237 373296 262 573637 287 492920 313 683130 338 755512 364 613171 389 901001 414 1755248 440 1355050 465 1687036 491 927037 516 933441 541 1072088 567 1892444 592 2467341 593 0
0
9 2 937 194 0.9819719693106393 0.0177770613682335 0
17 294 0 295 1043124 319 884147 344 481517 369 466694 393 760289 417 477992 442 526405 467 534382 491 589146 515 819920 540 1194189 565 1373022 589 1748308 613 2300719 638 2039251 639 0
3 8 10 11
10 3 1025 112 0.996530792574228 0.10363638935752642 0
17 90 0 91 2154614 116 1447671 142 1836997 167 2618210 192 2024546 217 2216074 243 2262214 268 2069257 293 1218097 319 1059656 344 1081369 369 737948 394 456865 420 487521 445 486827 446 0
0
11 2 1375 221 0.9832601613974903 0.06233575623721921 0
12 198 0 199 1800046 224 1327082 249 2093075 275 986057 300 1157720 325 1003837 350 1028761 376 789769 401 505309 426 679394 427 0
0
12 3 1478 100 0.9854040893093812 0.09842568306014575 0
10 255 0 256 1340704 280 1190133 304 1166903 328 852413 353 1388823 377 1799111 401 1728010 425 1238537 426 0
0
13 3 993 362 0.999497978529527 0.11282171096038944 0
19 41 0 42 2023187 66 1605513 91 1931822 115 2108407 140 2771048 164 2410869 189 2451773 213 2352488 237 1879979 262 1205120 286 792832 311 1206952 335 1016538 360 1365169 384 1124980 409 1307907 433 1246677 434 0
1 12
14 1 1178 76 0.9821288794333983 0.13763700550214672 0
20 176 0 177 644802 202 745732 228 766207 253 1259351 279 614420 304 834711 329 1167619 355 1917062 380 1076904 406 1004071 431 1156614 457 845998 482 853005 507 868086 533 692120 558 1036186 584 752270 609 1004891 610 0
0
15 1 741 317 0.9885896026273926 0.1286709681475913 0
23 149 0 150 832877 175 551848 199 474039 223 817280 248 956261 273 2052590 297 1451850 321 1901102 346 2548996 371 1903879 395 1445692 419 1340855 444 1518274 469 1055386 493 1094609 517 1071915 542 1059755 567 552287 591 781662 615 858573 640 1173613 641 0
1 14
16 3 981 182 0.9874847101695376 0.04207218584173604 0
30 6 0 7 2298494 32 1426243 57 909600 83 1235094 108 885903 133 1384463 158 1812366 184 2068539 209 1877360 234 2217836 259 2321344 284 3398890 310 2402563 335 2009986 360 2251177 385 2084908 411 1658786 436 2214334 461 1406789 486 946904 511 969949 537 1124345 562 1863922 587 1606384 612 1379222 638 1762121 663 2741217 688 1735085 689 0
1 14
17 3 1052 68 0.9942346047760029 0.05663260534829874 0
26 19 0 20 4295124 44 3498456 69 3042114 93 1808767 118 1029791 142 790696 167 527131 191 417566 215 383035 240 264861 264 372326 289 227067 313 182574 338 135494 362 96057 387 66520 411 59349 435 64983 460 65527 484 77567 509 41231 533 32424 558 24755 582 20075 583 0
0
18 1 1009 277 0.9898057481178189 0.10310737784138242 0
22 101 0 102 160813 127 204853 151 263891 176 333565 201 363978 226 368297 250 460616 275 407306 300 740361 325 626160 349 1278400 374 3051858 399 1633494 424 1941336 448 2046627 473 761499 498 813628 523 627677 547 480797 572 1105161 573 0
1 17
19 2 1466 187 0.9862781442895947 0.09645804910042913 0
27 59 0 60 1439056 85 1493667 109 824670 134 1108917 159 1013870 184 825987 209 1084890 233 623573 258 652092 283 704346 307 723689 332 477236 357 756171 382 1546676 407 2000757 431 1147592 456 1243077 481 936914 505 644960 530 864331 555 1309366 580 1128094 605 1085013 629 1094604 654 770964 655 0
0
20 1 857 177 0.9938011052957029 0.1020158371384166 0
11 86 0 87 1510706 113 1969923 139 2922863 165 1922781 191 2290743 216 1999265 242 1688828 268 967421 294 974257 295 0
1 19
21 2 1104 129 0.982055972463571 0.12873529336550596 0
13 269 0 270 1186312 296 971365 322 828386 348 959826 374 1084213 401 1564577 427 1028568 453 1622129 479 1367389 505 1866856 531 2181557 532 0
1 19
22 3 1227 364 0.9931152853072015 0.09585627407838392 0
8 34 0 35 1584622 60 1378939 84 1181888 109 1435854 133 649503 158 498077 159 0
1 20
23 2 1370 138 0.9905847217015212 0.1065906580986803 0
23 186 0 187 991951 212 1180545 238 944192 263 719216 289 640945 314 654843 339 505478 365 912798 390 1493159 416 1059192 441 1209314 466 2518703 492 1618952 517 1209232 543 1120970 568 1194646 593 987596 619 1761553 644 2491622 670 1268606 695 1203652 696 0
0
24 2 1362 236 0.9918538656614856 0.021090870759617686 0
23 200 0 201 3104092 225 3081275 250 4241977 274 3996806 299 2888214 323 1643639 348 1747803 372 1592878 397 1184269 421 1034505 445 469934 470 447193 494 676084 519 403281 543 339967 568 838851 592 1190053 617 1136116 641 1802846 666 1148512 690 428549 691 0
1 23
25 1 942 305 0.9961143865064203 0.1255515335447098 0
31 4 0 5 1141000 30 1005285 55 1223576 79 762515 104 961313 129 1224131 153 1063797 178 1066454 203 1685190 228 1274894 253 1042696 277 1115015 302 1901992 327 2076988 351 2515123 376 981233 401 917346 426 491089 451 650129 475 656130 500 901020 525 802234 549 855587 574 1201759 599 1284028 624 2151586 649 2981110 673 2711889 698 2951918 699 0
0
26 1 701 214 0.9900403459674264 0.0009322718266817575 0
31 1 0 2 1002926 27 475617 51 418266 76 495267 101 835210 125 614936 150 456003 175 487048 199 339821 224 246790 249 154675 273 248836 298 245606 323 319343 347 432048 372 811573 397 731142 422 748072 446 728218 471 1638298 496 2608205 520 3062000 545 2151220 570 3671419 594 3399643 619 1979874 644 2170469 668 1934383 693 2559501 694 0
1 25
27 1 520 129 0.9991824174653902 0.0028201362241951967 0
29 60 0 61 2669149 85 2113593 110 2516231 135 1360681 159 1286504 183 1430287 208 1507987 233 1446928 257 1669035 281 2990421 306 2605349 331 2166251 355 1612460 379 1078419 404 652400 429 539241 453 940260 477 636508 502 462176 527 517835 551 419942 575 531929 600 357479 625 969211 649 760681 673 761976 698 434290 699 0
1 25
28 2 719 280 0.9923335313774972 0.100372669677042 0
7 482 0 483 1153815 508 815777 533 1267602 558 1459490 583 733253 584 0
1 26
29 2 1067 237 0.9938064565196003 0.12271252509412892 0
11 443 0 444 3052224 468 1629251 493 2101842 517 2910780 541 1544603 565 2103561 589 1472065 614 954775 638 913341 639 0
0
30 1 1221 290 0.9994497076259548 0.008106041407613484 0
15 252 0 253 941747 278 959100 302 974810 327 1094670 351 1181608 376 1563365 401 1235601 425 1154620 450 1406942 474 1528527 499 1448084 523 1564564 548 2133759 549 0
1 29
31 1 778 371 0.9861969140625411 0.08851112566238699 0
11 54 0 55 1194700 80 1155366 105 1482394 130 2240910 155 999839 179 1057389 204 1349555 229 865414 254 694853 255 0
2 29 30
32 3 1169 198 0.9934017840350791 0.021976768892118092 0
22 188 0 189 691863 214 752184 240 1183462 265 1517117 291 1302031 316 1304647 342 1784861 367 1879064 392 1628837 418 1525934 443 1588435 469 1016266 494 594027 519 1233953 545 1158953 570 1441471 596 941767 621 861436 647 1292945 672 1180604 673 0
0
33 3 635 47 0.9859685936939264 0.10441359158888334 0
27 9 0 10 3043495 34 3228286 59 2990651 83 2600680 108 2688647 132 1228426 157 750295 181 1002823 206 619634 230 693857 255 601565 279 409063 303 328657 328 256165 352 295354 377 252717 401 303055 426 337269 450 289313 475 267596 499 375292 524 381539 548 294590 573 235026 597 228849 598 0
1 32
34 3 930 230 0.9889947597332521 0.11442896759099927 0
10 343 0 344 2367110 369 2239553 393 1911423 418 2620522 443 1433411 468 1118072 492 650951 517 507099 518 0
0
35 1 1022 230 0.9880639195707747 0.13962984381102334 0
28 19 0 20 225908 45 318910 70 261589 96 303982 121 427840 146 438141 171 439503 196 439574 222 331980 247 353111 272 677617 297 996714 322 1122480 348 1299113 373 1001719 398 1142469 423 1766368 448 2514623 474 3717076 499 3231341 524 2507035 549 3387001 574 2319546 600 2769125 625 2378185 650 2360851 651 0
1 34
36 2 1267 62 0.9866759435624004 0.13081430592651774 0
8 319 0 320 1427432 343 1824194 366 3130677 390 1919490 413 1130775 436 1130228 437 0
2 34 35
37 3 1267 346 0.9868488439269797 0.14998063863436265 0
13 360 0 361 1319603 387 1015933 413 1437874 439 1343334 465 1285718 491 1639655 516 738715 542 744702 568 1534957 594 1283396 620 1306609 621 0
0
38 3 803 299 0.9933641812494972 0.09375412694209735 0
13 148 0 149 2640818 174 1944964 199 2705564 224 882370 249 272448 273 331288 298 154542 323 100704 348 112965 373 90816 398 53424 399 0
2 37 39
39 2 974 232 0.9966997527528998 0.06095824611871892 0
10 175 0 176 1064520 202 1407507 227 2152721 253 2550570 278 1557990 304 1244144 329 1555355 355 987719 356 0
0
40 2 1082 62 0.9998894627139895 0.13682337156949603 0
12 371 0 372 2098716 397 1828586 422 1550694 446 1021196 471 1092348 496 1608404 521 2278939 545 1725962 570 1117967 595 1284975 596 0
0
41 2 805 376 0.9885035700788862 0.06390894941712942 0
11 160 0 161 1440438 185 1110337 210 1305904 235 1720394 259 1434924 283 1067707 308 922302 333 940159 357 1327857 358 0
1 40
42 2 1454 24 0.9825535277371336 0.08337707145084965 0
8 509 0 510 1029826 533 1300365 556 966061 579 2090865 602 2378369 625 2848672 626 0
2 40 41
43 2 570 243 0.9838608820947029 0.10484599397972134 0
14 329 0 330 3027100 355 2545853 380 1650868 405 1141140 430 526566 455 877119 481 824080 506 574668 531 549218 556 528472 581 1018303 606 972498 607 0
0
44 1 875 307 0.9991243602034837 0.1224729057089807 0
15 124 0 125 2079307 150 1635009 175 1674255 199 2262808 224 1514438 249 1304797 274 766373 299 357893 324 228873 349 189242 373 404647 398 368641 423 322302 424 0
0
45 1 538 217 0.9825865785518131 0.11047406122706538 0
26 0 0 1 488734 26 597319 50 575611 75 537148 99 782566 124 704974 148 645058 173 749472 198 732525 222 1137915 247 1163189 271 1413893 296 1335897 320 1279653 345 1180703 369 905270 394 700267 419 922208 443 978361 468 1159047 492 1481737 517 1565512 541 1392491 566 990144 567 0
0
46 1 1398 309 0.9853799283379262 0.02961182820715853 0
28 57 0 58 1405799 83 1175205 109 1410060 134 1985412 160 1355787 185 1808656 211 2059641 236 1988007 262 2446658 287 2045333 312 823686 338 652208 363 709278 389 538875 414 1241183 440 1248305 465 2636053 490 1603175 516 1431748 541 1431174 567 1865001 592 957721 618 839332 643 664270 669 863936 694 1218585 695 0
1 45
47 2 1294 96 0.995911807839695 0.04359263738748242 0
9 120 0 121 618420 146 441439 170 816617 195 1017029 220 1194332 244 1322749 269 1344499 270 0
1 45
48 1 1143 49 0.9841223821064123 0.044263268579928 0
17 344 0 345 472278 369 462129 393 528514 418 986675 442 1152186 466 904556 490 652890 515 749159 539 1569996 563 1309361 587 2594117 611 2635208 636 2760828 660 2204664 684 1294801 685 0
0
49 3 903 361 0.9948163883843497 0.06628417533937488 0
30 27 0 28 1816717 53 845344 77 708531 102 738589 127 478169 152 292769 176 308659 201 241715 226 300164 251 468980 275 722062 300 1065633 325 1281637 350 1292090 374 1115208 399 1878861 424 1495419 449 1803159 473 1518689 498 1147081 523 2279795 548 2730179 572 2260971 597 2055264 622 3310598 647 2059447 671 1950365 696 3044395 697 0
1 48
50 3 1495 196 0.9907091518840863 0.010622419001618278 0
22 203 0 204 523294 229 506186 255 310550 280 474938 305 468500 331 307951 356 345849 381 714382 407 1070469 432 1464310 457 1246632 482 843330 508 1105745 533 1579474 558 1544857 584 2152593 609 3003389 634 2340845 660 1318289 685 1037335 686 0
1 49
51 1 1076 93 0.9952416533322637 0.07893517647668803 0
29 50 0 51 1556816 76 1489923 101 1931585 125 2366432 150 3924764 175 3284755 200 3468426 224 2096309 249 2614219 274 1664226 299 1697690 323 1280429 348 671575 373 502317 398 230627 423 238458 447 101100 472 169850 497 176693 522 164076 546 188346 571 181109 596 73744 621 87869 645 83444 670 108957 695 157828 696 0
0
52 2 1362 212 0.986421227274817 0.07855880367826118 0
10 470 0 471 1564818 494 1219318 518 1186781 541 1384099 564 1105212 587 1737003 611 1062276 634 942340 635 0
1 51
53 2 696 109 0.9946644631827363 0.10483973558369043 0
20 70 0 71 1251414 95 1779367 119 668005 144 680380 168 544791 192 539985 216 746337 241 963337 265 983787 289 1682742 313 1196559 338 1059985 362 1065099 386 1008517 410 1005406 435 882365 459 670280 483 562666 484 0
0
54 3 604 89 0.9996666248429065 0.10064011639656815 0
16 32 0 33 1371369 59 1572973 84 1463025 110 2536919 135 2682144 161 1641699 186 1047559 212 945379 237 1440009 263 1690324 288 2543208 314 1386640 339 867061 365 763624 366 0
0
55 2 1284 355 0.9802570613380901 0.0359417410001699 0
19 98 0 99 1604890 124 1086976 150 1193194 175 1167684 200 1149163 226 1494953 251 2111899 276 2366663 301 1768781 327 1882129 352 1240401 377 825752 403 1009081 428 744706 453 625540 479 714917 504 842288 505 0
1 54
56 3 568 239 0.9919673935919429 0.09890167121967632 0
8 217 0 218 1997031 242 938016 266 711072 290 657111 314 1042248 338 808865 339 0
2 54 55
57 2 568 93 0.9950295284774644 0.05467891454735058 0
24 153 0 154 722978 179 945911 204 446954 228 1024678 253 1312533 278 1029055 303 1201500 327 2808631 352 4228157 377 2362102 402 2506678 426 1344100 451 1115659 476 1009060 501 670828 525 561645 550 492014 575 407276 600 289121 624 770782 649 484000 674 461055 675 0
0
58 3 1315 286 0.9849695841626057 0.12247546274809329 0
12 143 0 144 1145151 170 874059 196 1023773 223 915624 249 1153161 275 1083881 301 926235 328 610781 354 1229617 380 1001727 381 0
2 57 59
59 3 782 336 0.9902265193098125 0.09221847714305088 0
14 426 0 427 1413963 452 1401002 476 1890619 501 1409436 526 1378192 551 1533969 575 990466 600 500323 625 898016 650 872689 674 1137828 699 2388348 700 0
0
60 1 1159 370 0.9804595372129171 0.10909425915111606 0
28 14 0 15 287094 40 594822 65 692394 91 523028 116 641793 141 607274 166 804002 192 743716 217 663151 242 838169 267 921069 293 869948 318 661121 343 915929 368 997010 394 712552 419 683624 444 803458 469 1017667 495 1840851 520 1896333 545 2366129 570 2355373 596 3665267 621 2149775 646 2494529 647 0
0
61 1 1154 117 0.9976619139670933 0.09315193373002062 0
27 66 0 67 1871185 92 2452693 118 1694455 143 1236495 169 1481645 194 2407525 219 1759364 245 1318437 270 1598761 295 965102 321 739652 346 838878 371 522260 397 690475 422 326476 448 416999 473 731345 498 1195872 524 1977005 549 1968843 575 1503254 600 1601299 625 1942180 651 1978355 676 2004745 677 0
0
62 1 863 132 0.9976314921603969 0.0313969745471118 0
23 107 0 108 1145867 133 1009527 157 1608016 182 989490 206 1299135 231 760526 256 787854 280 786131 305 1731175 329 2601685 354 2340927 379 1666810 403 1493074 428 1389225 452 1019751 477 788756 502 681809 526 674102 551 707978 575 520478 600 604937 601 0
1 61
63 3 1012 123 0.9963429656128342 0.08163783065357279 0
15 29 0 30 1503467 56 1562913 81 2340848 107 2293764 133 1500414 158 1231922 184 903474 210 792894 235 547421 261 1165191 287 1013060 312 1533116 338 1584700 339 0
2 61 64
64 2 811 22 0.9909304162783927 0.057383810977678085 0
19 187 0 188 1983815 213 2527059 239 2656125 264 4369225 289 1867955 315 1740524 340 2289452 365 2150494 391 1704199 416 1588484 441 1222410 466 1519963 492 1663586 517 812239 542 686991 568 763557 593 808195 594 0
0
65 1 880 75 0.982167464801366 0.06488109783944922 0
10 226 0 227 1913578 251 1558381 276 2040701 300 1539364 324 1478645 348 1512113 373 1225789 397 1741001 398 0
0
66 2 802 163 0.9976746223210947 0.1299285846692203 0
19 125 0 126 202551 151 203832 176 159811 201 396734 225 594365 250 562714 275 524056 300 1069334 325 1348647 350 1276963 375 1673868 400 1814195 425 2007186 449 2658653 474 2864857 499 2426585 524 1318258 525 0
0
67 3 596 368 0.9972066861149327 0.13166110962288893 0
17 177 0 178 912086 204 962302 229 1064105 255 1824465 281 2640288 306 1416790 332 1617026 357 800684 383 936417 409 765093 434 715239 460 1028788 486 1672521 511 1188451 537 1416222 538 0
1 66
68 2 751 294 0.988851694199092 0.04827323475509143 0
10 200 0 201 544502 226 642197 251 924662 276 1198912 300 774437 325 1105527 350 2137698 375 2042156 376 0
2 66 67
69 1 627 206 0.983790341550067 0.031886673356342626 0
13 29 0 30 1557184 56 1915917 81 1594293 107 875513 132 627999 158 508653 184 679357 209 556279 235 446364 260 422649 286 841087 287 0
0
70 2 948 312 0.9855886381526152 0.04497517816301014 0
29 34 0 35 831061 60 1143578 84 2146814 109 1495846 134 1482759 158 1897119 183 2643192 208 2301309 233 3026471 257 3273327 282 4325206 307 2905534 331 1892453 356 1301698 381 967731 405 1758239 430 1371556 455 1090225 479 734663 504 929438 529 1321027 554 805116 578 804628 603 668572 628 365267 652 483346 677 536823 678 0
1 69
71 1 1442 183 0.9866002115768172 0.04189761927639146 0
11 187 0 188 1168503 213 1255143 238 1042203 263 930907 289 1067395 314 1033953 339 958555 364 731133 389 727501 390 0
2 69 72
72 1 1070 124 0.9916435224006892 0.028393829864210955 0
10 255 0 256 1658171 280 2063141 305 2492580 329 1822094 353 1423157 377 1116646 402 1447891 426 1489785 427 0
1 70
73 3 513 258 0.992101705421035 0.11200287041967169 0
16 175 0 176 399255 201 363945 227 1084838 252 1759472 278 2478981 303 3658921 328 1755994 354 2301742 379 2555617 404 1493289 430 1844873 455 1106980 481 1148953 506 712729 507 0
0
74 1 1435 343 0.9966777202149261 0.1333285087395084 0
26 17 0 18 1541993 43 1650753 67 2902923 92 1917515 116 1581413 141 937839 165 1139629 190 1734518 214 1354259 239 1668643 263 1681645 288 2612368 312 2789472 337 2323737 361 2131056 386 1750022 410 1302770 435 793840 459 989261 484 1039775 508 853266 533 783097 557 421711 582 321942 583 0
0
75 3 1267 345 0.9941381803775647 0.0037409873124363943 0
12 247 0 248 1483870 273 1677056 297 1437394 322 1480497 346 707295 371 663959 395 325973 420 376396 444 294958 469 327249 470 0
1 74
76 2 639 204 0.9844911549412342 0.10438182084334033 0
10 150 0 151 2884016 177 2053222 202 2086212 228 1373672 253 1692250 279 1383258 304 1145390 330 1067898 331 0
0
77 3 928 243 0.9999979940070023 0.0727796961511164 0
9 120 0 121 214987 147 288993 173 569559 199 928878 225 1326176 251 1372224 277 1514106 278 0
1 76
78 3 1155 125 0.9944410335728137 0.12004544697419012 0
8 322 0 323 2409598 346 1455141 370 1255630 393 1653284 417 1464224 440 1621297 441 0
1 76
79 1 1150 26 0.9868460655938635 0.13430398085644157 0
31 8 0 9 2002366 34 2836621 58 3822071 83 3042486 108 1951096 132 1938171 157 1927182 182 1971183 206 2258811 231 2289089 256 892481 280 749982 305 949724 330 1385570 355 604349 379 499441 404 479844 429 296468 453 306288 478 479325 503 955778 527 864496 552 717771 577 856912 601 931542 626 667594 651 1530002 675 1546558 700 2224852 701 0
1 77
80 2 758 4 0.9920396356564839 0.07863389954087391 0
13 29 0 30 1227115 54 1677647 77 1488053 101 2171223 125 2049283 149 1001499 172 789445 196 768625 220 572271 243 652887 267 766825 268 0
0
81 3 1089 88 0.9952681187265296 0.08910393408979876 0
13 125 0 126 1221809 151 1753760 176 1847177 201 803897 226 875886 251 1533320 277 1523323 302 2340970 327 2392924 352 3154065 377 1711178 378 0
0
82 3 581 85 0.9939408644141212 0.10206108691746177 0
14 196 0 197 1222543 221 1202900 246 1349257 270 1092987 295 857162 319 956630 344 1375623 368 1528029 393 1289546 417 1730790 442 1892832 466 2317186 467 0
1 81
83 3 526 264 0.9990271867587647 0.045132892898753954 0
15 182 0 183 1050761 209 1254889 234 1085806 259 964142 285 1085438 311 1219123 336 1112138 361 1009068 387 1732112 413 1098989 438 812875 463 598304 489 408488 490 0
1 81
84 1 1007 363 0.9845140028967435 0.13085161266206066 0
23 32 0 33 2377450 58 5272924 83 3559009 107 1569121 132 1590708 157 1186425 182 1372474 207 1504001 231 774658 256 794158 281 466979 306 528457 331 226826 355 190696 380 304208 405 435637 430 500666 455 557110 479 380645 504 327773 529 225685 530 0
2 81 83
85 1 1170 167 0.9956888189011065 0.1100132640089241 0
23 11 0 12 1904770 37 2254477 62 2831818 87 2547015 113 2118986 138 1931671 163 1087015 188 1070242 213 793126 238 920772 263 1231366 289 1148911 314 1476600 339 1338243 364 2228948 389 1549624 414 940208 440 1339225 465 1802033 490 2451406 515 4564649 516 0
0
86 2 1319 55 0.9900278751286694 0.033779159553758493 0
27 10 0 11 212735 36 164080 61 171156 86 141067 111 153327 136 274970 161 478288 186 509748 211 977995 236 1567882 261 1273447 286 2204369 311 2477957 335 2244943 360 1903345 385 1860583 410 2134089 435 977380 460 1863559 485 1318463 510 1074031 535 768332 560 949442 585 930977 610 761594 611 0
2 85 87
87 3 1193 15 0.9907364456451677 0.0669845844102268 0
20 72 0 73 943116 98 953178 123 1197284 149 1713922 174 2214910 199 2746705 224 1413970 249 954990 274 807530 300 860910 325 1264920 350 1247675 375 1389266 400 2032041 425 2602276 451 2697605 476 3948625 501 2850445 502 0
0
88 2 932 223 0.9969208124306305 0.11226881015300785 0
23 85 0 86 1034805 111 1423520 136 1575853 161 1491829 186 1544036 211 1643008 237 1316993 262 1600267 287 2255934 312 1910400 337 1480888 362 1896286 387 1584009 412 1585762 437 1747641 463 1759169 488 1858650 513 2320696 538 2894454 563 3127769 588 3654541 589 0
0
89 1 524 285 0.9802186584947045 0.04848495555047196 0
12 100 0 101 616826 127 1088822 152 787790 178 1667198 203 2023989 229 2154809 254 1857272 280 2117509 305 1873559 331 1480069 332 0
1 88
90 2 1488 265 0.997542923037248 0.12215525530430224 0
10 532 0 533 399499 556 512044 580 453392 603 630483 626 1007763 649 1347581 673 2074492 696 2128279 697 0
0
91 1 1313 88 0.9977310255597389 0.04154301329869655 0
14 96 0 97 1304361 122 1725247 146 1329343 171 2154844 196 1181446 221 2181618 245 2755180 270 2581973 295 3028125 320 1696825 344 783471 369 804119 370 0
1 90
92 2 1465 307 0.9892280815445014 0.05267163218318915 0
16 109 0 110 1924352 135 2670037 159 2854533 184 2248655 208 2835322 233 1397631 258 2050865 282 1009581 307 1388379 332 2022612 356 1634579 381 1095767 405 894506 430 954104 431 0
1 91
93 2 1135 355 0.9998465651840225 0.04776455241740863 0
15 167 0 168 3293292 193 1757902 218 761986 243 1145964 268 1007612 293 694390 318 384971 343 266760 368 248139 393 410156 418 390625 443 584832 468 498722 469 0
0
94 1 923 164 0.9982176597229049 0.09632691991221974 0
30 10 0 11 3397180 36 2292899 61 1857198 85 1086230 110 741010 135 866959 160 615624 185 963488 210 870187 234 718808 259 836872 284 680355 309 622005 334 551967 358 336362 383 759033 408 514603 433 445567 458 300707 482 447339 507 477003 532 310654 557 285613 582 251198 607 308696 631 158630 656 136856 681 64880 682 0
2 93 96
95 1 1421 196 0.9855395655993922 0.0835165054900701 0
22 41 0 42 2210825 67 3565972 92 3688102 117 2909610 142 2288659 167 1211387 192 1667401 217 1490121 242 1713263 267 1875053 293 1308524 318 1382550 343 954006 368 629732 393 563027 418 731333 443 1500094 468 1804613 493 1941421 518 1587622 519 0
2 93 96
96 3 823 302 0.9907955993509946 0.11451723873502863 0
23 160 0 161 2094208 186 2506917 211 3562529 236 2220241 261 873373 286 871556 311 790828 336 1029933 361 1267054 386 830402 411 729951 437 1438195 462 1011336 487 911811 512 1162071 537 949639 562 1174388 587 2965136 612 2005714 637 2193006 662 2869359 663 0
0
97 2 1212 37 0.9969336972067459 0.02911278157531682 0
14 132 0 133 1543350 157 1667561 182 1084850 206 1054837 230 1138357 255 2219217 279 2683614 304 2078619 328 1710548 352 1221782 377 1516476 401 1660743 402 0
0
98 2 667 87 0.9808095933617138 0.015796859500713117 0
17 118 0 119 3786944 144 3321189 169 2075209 194 1815795 220 1566409 245 1754531 270 1383127 295 1540691 320 1565908 345 1472436 370 1328882 396 1688862 421 2212688 446 1207214 471 643380 472 0
0
99 1 1381 354 0.9899886442419498 0.03967117305865437 0
28 68 0 69 346374 94 497541 119 238676 144 365887 169 813677 194 896576 219 1662641 243 2110175 268 1790943 293 1475858 318 1332869 343 1386077 368 2409054 393 1817576 418 1595913 443 1618342 468 1080016 493 979809 518 673021 542 599850 567 352853 592 406704 617 346843 642 427663 667 431894 692 432942 693 0
0
100 3 735 235 0.9991618996232037 0.13628316780803787 0
10 488 0 489 1444835 515 1488263 540 2435886 566 2368616 592 2186085 618 1041432 643 1666617 669 2339826 670 0
0
101 2 645 212 0.9835851799023562 0.0673232868095696 0
15 215 0 216 823281 240 803805 265 1148135 289 895808 313 620114 337 1119010 361 1175303 386 1394742 410 1066831 434 1063903 459 1886746 483 2575295 507 1952759 508 0
0
102 3 990 265 0.9925316526949599 0.004617709754308063 0
8 264 0 265 1454688 290 1017171 315 1896656 340 1112080 365 677558 390 828232 391 0
1 101
103 3 926 151 0.9974742839383762 0.05141140487600022 0
26 36 0 37 2083430 62 2671527 88 2156214 113 1400859 139 1012199 164 1029965 190 950853 215 1525538 241 1986080 266 839149 292 1546929 317 1508189 343 737029 368 721567 394 662571 419 401296 445 493296 470 640514 496 488827 521 674676 547 886062 572 625646 598 663884 623 507693 624 0
0
104 1 643 71 0.9896372731502451 0.056502665120643114 0
11 115 0 116 511214 142 757458 168 738079 194 1347572 219 1383217 245 2294436 271 1699608 297 2388485 323 1345759 324 0
2 103 105
105 1 1095 187 0.998768715688299 0.12807823323728668 0
20 256 0 257 1576710 282 1906200 306 2060340 331 2108612 356 1674011 380 1545539 405 956998 430 793626 454 771328 479 851924 503 1179550 528 755596 553 723611 577 838227 602 1365108 627 2002204 651 2542871 676 4014525 677 0
0
106 1 805 256 0.9991646748287619 0.11340140443195829 0
24 154 0 155 669668 180 552395 205 641960 231 861200 256 1166358 281 1113923 306 921795 332 813628 357 923024 382 2136567 407 1436397 433 951232 458 954475 483 1295664 508 1060023 534 818952 559 917644 584 1382846 609 1660488 635 1592118 660 1339629 685 1175445 686 0
0
107 2 1203 259 0.9803024668657678 0.04135687370387859 0
13 33 0 34 923209 58 960600 82 852907 106 1411092 130 1197932 155 1073422 179 1443104 203 879176 227 602031 251 749544 275 1044906 276 0
1 106
108 1 1319 219 0.9888611143593234 0.010972435167449496 0
11 344 0 345 1477940 371 1174837 396 1515822 421 2322608 447 1387084 473 1395908 498 1344689 523 722478 549 933968 550 0
0
109 2 570 94 0.991477120571428 0.013944532633507855 0
30 10 0 11 346297 36 617274 61 881670 86 1182872 111 969811 136 909048 161 1064473 185 930181 210 1109096 235 692856 260 835561 285 1049871 310 1224409 335 1164573 360 1164488 385 927300 410 917353 435 1128423 460 761195 485 681000 510 788740 534 796543 559 710710 584 1072429 609 958443 634 1386098 659 2086600 684 1761340 685 0
1 108
110 2 1143 359 0.9859929440879489 0.004791526970326321 0
17 114 0 115 1093168 140 1038983 165 758614 190 919864 215 802422 240 1793531 265 1532719 290 1311524 315 1165893 340 1039044 365 547517 390 488360 415 332029 440 647971 465 470419 466 0
0
111 1 1110 261 0.9998103476295311 0.11394286620907733 0
11 129 0 130 620148 154 786390 179 1676418 203 1691960 227 1102236 251 931114 275 1130426 300 1031765 324 1295587 325 0
1 110
112 3 719 356 0.9811358910668347 0.14941199870793015 1
29 46 0 47 2006287 72 2482796 97 2560306 122 1283728 147 1248690 173 1009343 198 1260395 223 1209949 248 1283759 273 1318999 298 1424206 323 1121049 348 1274686 373 1770839 399 1526957 424 1663709 449 2022674 474 3107358 499 2929265 524 3392431 549 2520835 574 2031702 600 1671470 625 2328528 650 2221332 675 2487062 700 1080940 701 0
1 110
113 1 1431 22 0.9931827918215195 0.08235807552150425 0
21 27 0 28 3274617 53 1899724 78 2158244 103 1790860 128 2182611 153 1990569 178 1091025 203 772454 228 712451 253 665541 279 636706 304 649953 329 328732 354 382059 379 437077 404 350430 429 268208 454 334563 479 386669 480 0
0
114 3 1455 38 0.9814843433407723 0.14321176247677306 0
16 377 0 378 1614562 402 2128896 427 1359017 451 775775 475 1743002 500 1652561 524 1933036 548 1285917 572 2223299 597 2158679 621 2290442 645 2094195 670 1901378 694 1840214 695 0
0
115 2 767 321 0.9977567093076773 0.14305071618403759 0
27 84 0 85 405107 110 609328 136 688593 161 788744 187 1065523 212 1363263 237 1121043 263 1626210 288 2011445 314 1021553 339 1526369 365 2314397 390 1418581 415 1342762 441 824897 466 1139337 492 1204377 517 799331 543 623406 568 434206 593 277308 619 447191 644 384807 670 314332 695 255314 696 0
0
116 3 1335 292 0.9874407136249623 0.07828425904943993 0
23 86 0 87 745714 112 759330 136 521861 161 1105857 185 859670 210 851737 234 487059 259 461543 283 1278454 308 1213958 333 899628 357 1431941 382 1626798 406 2311118 431 2622616 455 2397408 480 4078042 504 3162053 529 2392159 553 2458925 578 1707796 579 0
0
117 1 1005 191 0.9805802791389412 0.011084339048941776 0
30 8 0 9 1554592 34 1390511 59 1491010 84 827841 108 670142 133 821066 158 612676 183 574663 208 258842 233 315027 258 402091 282 494627 307 419021 332 432938 357 507209 382 312274 407 343165 431 459392 456 529526 481 518443 506 906973 531 1442393 556 2242479 581 2338859 605 2367156 630 1623412 655 2107355 680 2379851 681 0
0
118 3 1198 10 0.9830685113148299 0.10186213387136987 0
10 455 0 456 373975 480 535236 503 980091 527 854302 551 1036126 575 809383 598 1460550 622 2042057 623 0
2 117 120
119 3 991 41 0.9890229542494272 0.08719536871066132 0
16 5 0 6 1786708 31 2018350 55 1942413 80 1958261 104 2110185 129 1738065 153 1714140 178 1015719 202 798197 227 819512 251 1215669 276 904874 300 766585 325 587994 326 0
2 117 120
120 1 947 363 0.995597912969421 0.08786872612354005 0
25 10 0 11 636860 36 577792 60 461380 85 600956 109 522865 134 621722 159 797005 183 855293 208 1630146 232 1567592 257 1592268 281 1687840 306 2362424 331 2836232 355 3060075 380 1778990 404 1317722 429 638318 454 542298 478 404915 503 256175 527 250722 552 353788 553 0
0
121 2 740 121 0.9980176826774632 0.05754739037529477 0
19 138 0 139 351290 164 246449 189 264814 214 246014 239 224384 264 201880 289 220967 314 538931 339 692367 365 660158 390 1202458 415 912619 440 2192922 465 3513835 490 2801868 515 3051158 540 2438592 541 0
0
122 2 805 317 0.9971162607233728 0.027069057014669162 0
29 23 0 24 1141314 49 1065524 75 1215609 100 642406 125 1348526 151 1132402 176 913862 201 748697 226 916688 252 685282 277 1084035 302 1074941 328 902047 353 811171 378 900420 404 1174812 429 1850758 454 2475322 480 2565216 505 2801583 530 3141092 555 2616377 581 1978486 606 1904881 631 1452962 657 2225304 682 3765961 683 0
0
123 1 1065 140 0.9958583554804654 0.03892991852320195 0
16 172 0 173 943174 199 1269421 224 1352787 250 737317 276 1707973 301 1918166 327 1657928 353 1936693 379 1472190 404 1487860 430 1249140 456 1612400 481 1515781 507 671720 508 0
0
124 2 1495 131 0.9936875627667164 0.12131877491658642 0
9 33 0 34 1672010 60 2244008 85 2051822 111 998414 137 829482 162 1500201 188 1473053 189 0
0
125 3 527 290 0.9918827967572164 0.10755971976656815 0
27 77 0 78 270427 103 357786 128 545432 153 288991 178 398800 203 377748 228 467267 253 935160 278 1377862 303 1806136 328 1120353 353 998172 377 1698639 402 1301417 427 1155817 452 1227225 477 1435137 502 987516 527 2098180 552 772375 577 325583 602 353250 627 379990 652 260892 677 201219 678 0
1 124
126 2 672 123 0.9978553183028018 0.13740592657609663 0
27 14 0 15 695752 40 606160 66 569980 91 516300 117 390504 142 426228 167 776007 193 1130376 218 1512722 244 1710915 269 1941739 295 1684757 320 1349999 345 984407 371 978671 396 945351 422 878544 447 1117759 473 984276 498 1624289 523 1906334 549 2246265 574 2773447 600 3131685 625 2616923 626 0
0
127 1 603 137 0.9949396691565712 0.04949338899936357 0
17 167 0 168 1067854 193 700186 218 513300 244 681258 269 978336 294 993665 319 1249631 345 1220738 370 1474516 395 1271702 420 1311065 445 947179 471 1116874 496 1117059 521 1419092 522 0
1 126
128 2 1241 275 0.9800101424730066 0.04037114747670097 0
19 82 0 83 1304701 108 1915988 134 1807712 159 2513524 184 2045147 210 1581569 235 1378238 260 2276501 285 2516184 311 1367610 336 1689044 361 1842241 387 2032683 412 1749091 437 951394 463 1291278 488 1270021 489 0
0
129 2 1344 29 0.9823517226706648 0.05082845231309979 0
26 69 0 70 49288 95 56026 121 53259 146 57441 171 64283 196 94175 222 86305 247 125801 272 72922 297 108540 323 195625 348 208408 373 647192 398 840019 424 1383401 449 1418474 474 1249468 499 1716488 525 1102633 550 1200863 575 1614802 600 1108439 626 2228125 651 1929265 652 0
1 128
130 2 1461 267 0.9973737756422552 0.11368374698200615 0
22 165 0 166 1009288 191 898876 215 548357 240 534424 265 631827 290 502300 314 690317 339 539957 364 633078 389 480178 413 474066 438 422596 463 400942 488 491520 512 817736 537 1122387 562 2362427 587 2973671 611 4252844 636 6144876 637 0
2 128 131
131 3 767 296 0.9857067861974538 0.06798730173927378 0
13 53 0 54 1690131 79 1633894 105 1284984 130 1735371 155 1982614 181 3143155 206 1822850 231 1818910 256 1426233 282 1474656 307 1622510 308 0
0
132 2 556 345 0.9879304069367092 0.07678248489792101 0
21 135 0 136 1231522 161 530557 187 288684 212 234764 237 263298 262 341297 288 627418 313 895504 338 647542 363 511647 389 890815 414 1734547 439 1305346 465 3110899 490 2717343 515 3917615 540 2693305 566 2245561 591 1868634 592 0
0
133 3 1312 31 0.9937635427249304 0.10327493213226652 0
13 363 0 364 1503747 390 1414890 416 1519420 442 1571416 468 1402815 493 2325146 519 1743427 545 2155354 571 2591508 597 1536148 623 2528210 624 0
1 132
134 3 960 287 0.9996982092666541 0.043030965920709804 0
26 10 0 11 3040359 36 2080858 60 1395663 85 1304292 110 1512205 134 1156363 159 1947089 184 1389967 209 2349925 233 2478046 258 2085745 283 1258465 307 1020271 332 865876 357 766305 381 882559 406 865359 431 469803 456 400332 480 479074 505 701570 530 597289 554 489154 579 350309 580 0
0
135 3 1309 106 0.9858420125113716 0.10760421891770562 0
7 307 0 308 541916 333 719003 359 1261912 385 1499578 410 2439470 411 0
1 134
136 1 920 130 0.98108556477639 0.005731886684960813 0
14 64 0 65 1768714 91 1019140 116 977433 142 1637898 167 1535843 193 1711220 218 2144547 244 1580335 269 1277896 295 1193622 320 1222396 346 974211 347 0
0
137 3 598 303 0.9819785447883981 0.028095213268766683 0
30 3 0 4 1959527 29 2195035 53 2001049 78 2231753 102 1752525 127 2052225 151 1190127 176 885401 200 1096938 225 1430587 250 1403460 274 1383697 299 738109 323 599508 348 832419 372 745259 397 600447 421 415276 446 727213 471 1721723 495 1330821 520 1442039 544 1838664 569 2655074 593 1962617 618 1874132 642 1642160 667 1392423 668 0
1 136
138 3 1451 32 0.9906725580763687 0.017361600312978037 0
24 88 0 89 1070513 114 1559650 139 1977271 164 1409827 190 2025570 215 1572796 240 2488101 265 3414983 290 2071042 315 1829690 340 3461442 366 2194906 391 973114 416 686386 441 402043 466 595374 491 743875 516 582987 542 459769 567 513638 592 305588 617 191378 618 0
1 136
139 3 1188 357 0.9887232558704919 0.11501077207012282 0
20 107 0 108 360605 134 483282 159 934536 185 581117 211 805677 236 923383 262 921564 288 798676 313 1037097 339 1566602 364 1718597 390 2174171 416 1651652 441 1169838 467 1526551 493 1172479 518 1268500 544 1039108 545 0
0
140 3 988 234 0.9926953020009325 0.10646789449008211 0
28 64 0 65 2707136 90 2250811 115 2263667 141 2398920 166 2407308 191 1778612 216 2280140 242 1844852 267 2235813 292 1933978 317 2637155 343 2771757 368 2136344 393 1502703 418 1055745 444 833607 469 807728 494 781267 519 533148 545 769796 570 674245 595 867085 620 1017920 646 769769 671 750169 696 737063 697 0
1 139
141 2 1181 47 0.9898084793588559 0.03319249890538199 0
19 165 0 166 2611679 191 1460092 216 1416066 241 1476498 265 1580560 290 1176345 315 748696 340 583398 365 435869 390 422760 415 399651 440 494289 465 480639 489 659456 514 504139 539 632369 564 777460 565 0
0
142 1 1096 201 0.982445241608569 0.12692427330137324 0
23 139 0 140 1141330 165 730821 191 1168847 216 1296596 241 1123022 267 603450 292 425858 317 434104 342 334099 368 450725 393 774553 418 650402 444 702653 469 943061 494 1345828 519 1204735 545 1842447 570 2105294 595 3476454 621 4437946 646 4042893 647 0
2 141 143
143 1 1401 273 0.9995409991215214 0.002250814226016029 0
16 224 0 225 245148 250 266138 276 202018 301 346253 326 486119 352 503847 377 632395 402 700585 427 894142 453 1232755 478 1885520 503 1609372 529 1654082 554 1130193 555 0
0
144 3 649 45 0.9800992656932928 0.053670766584963676 0
11 395 0 396 1302567 421 1879105 446 1491406 471 1866504 496 1148408 521 1264250 546 1169059 571 1069161 596 1864181 597 0
1 143
145 3 658 105 0.9954862166968227 0.04017132214190645 0
27 5 0 6 1645220 31 2236505 57 2627796 82 2770493 107 934701 132 1521391 157 1707673 183 1676922 208 1433481 233 1401397 259 1194013 284 1149816 309 1536267 334 962075 359 698442 385 632900 410 781592 435 1090524 461 890084 486 1135400 511 1298750 536 1916822 561 1396644 587 1294336 612 1222951 613 0
0
146 1 1451 63 0.9893118382433493 0.022315562780814924 0
8 449 0 450 2335028 477 1644555 503 1065859 530 1045378 556 1276227 583 1390318 584 0
1 145
147 1 1401 74 0.9937117613607284 0.01014945688853513 0
30 6 0 7 664364 32 921654 57 1748548 83 1614442 108 983992 133 974229 158 546009 184 860322 209 879778 234 915049 259 876633 284 688632 310 1007534 335 1316576 360 1625856 385 1237475 411 1333412 436 655758 461 639618 486 454476 511 649856 537 516233 562 587979 587 842497 612 850540 638 923840 663 1403782 688 1691036 689 0
1 145
148 1 1316 208 0.9832124310849956 0.12563936474454904 0
25 9 0 10 824295 35 735263 60 1083937 85 2486286 110 2453762 135 1530001 160 1011706 185 723629 210 1020139 235 738685 260 948956 285 830889 310 707527 335 1166578 360 829355 385 616315 410 596813 435 607585 460 627961 485 651390 510 673718 535 646353 560 709256 561 0
0
149 2 1195 49 0.9985076520003832 0.08226389070634098 0
26 76 0 77 529283 102 620603 127 602949 151 685758 176 972570 201 925883 226 1001598 250 1209620 275 1026243 300 639071 325 391178 350 531620 374 611936 399 694298 424 793666 449 1475352 474 1731051 498 1101006 523 1174189 548 1480614 573 2626307 597 3640855 622 4394348 647 3276928 648 0
0
150 3 1380 271 0.9938095878129419 0.11817838184658769 0
23 44 0 45 327085 70 304342 94 260339 119 393305 144 440723 169 690576 193 796665 218 1555959 243 1775040 267 1517925 292 1431116 317 1709663 341 1523485 366 2414964 391 2232953 415 1550625 440 1909934 465 3153268 490 2286367 514 1859859 539 1611821 540 0
0
151 1 1312 82 0.998100124580045 0.12082104392521784 0
27 59 0 60 540727 85 670346 110 1076145 135 743900 160 718114 185 857152 211 1000927 236 944532 261 774813 286 795283 311 629306 336 714691 361 624512 386 645277 411 668365 436 409433 461 392619 486 656632 511 864288 537 1113912 562 1129129 587 1837122 612 1226903 637 1915445 662 2165702 663 0
1 150
152 1 821 229 0.9920090752310224 0.09332387740062843 0
27 13 0 14 2399866 39 2048478 65 3451081 90 2461619 116 2281165 141 3224900 167 1614300 192 1401231 218 1406459 243 1254702 269 1043687 294 1081809 319 751555 345 838636 370 664252 396 684319 421 848893 447 1040323 472 1685146 498 1711870 523 1183638 549 1169077 574 1711242 600 2209858 625 2654125 626 0
0
153 2 1043 116 0.982129575400163 0.09338707888068708 0
12 203 0 204 1215940 228 937730 252 1825808 275 1363673 299 1306570 323 1395022 347 1879478 370 1587448 394 2384316 418 979999 419 0
1 152
154 2 933 252 0.9892530318049401 0.08309419717055164 0
18 140 0 141 461258 166 592468 191 501219 216 372174 241 516729 266 1155055 291 1843020 316 1791950 341 1772680 366 1460397 391 996190 416 724691 441 537080 466 526598 491 740725 516 686247 517 0
1 152
155 3 1010 64 0.9902420341807661 0.0077795959796224555 0
9 513 0 514 1797130 538 2588767 563 1419838 587 2301535 611 1169663 636 1481298 660 906696 661 0
0
156 3 1350 81 0.9842964176615749 0.06958050773785905 0
30 4 0 5 425496 30 229312 55 768013 80 732257 105 498563 130 354853 155 403615 180 581995 205 1050919 230 1138352 255 1029294 280 1606349 305 1440136 330 1245805 355 1170965 380 824986 405 1190747 430 768820 455 1202117 480 1211330 505 963524 530 1636861 555 1418821 580 1077475 605 1268807 630 2232852 655 3164449 680 4380337 681 0
1 155
157 3 1246 279 0.9986722725853822 0.0015113339294112293 0
27 77 0 78 2817124 103 3546365 129 3865572 154 2571782 180 2600394 205 3824650 231 2624467 256 2265002 281 821797 307 596591 332 338788 358 513842 383 335351 408 211874 434 204343 459 128054 485 188664 510 329346 535 221691 561 252662 586 252285 612 226528 637 132441 663 122477 688 113548 689 0
1 156
158 2 1122 90 0.9833603857020098 0.0208173692458033 1
24 50 0 51 797344 76 1173578 100 743721 125 781399 149 851596 174 1409375 199 1832981 223 1850955 248 1981853 273 2736982 297 2379702 322 2791796 346 1586163 371 1827401 396 1341404 420 1302288 445 1284741 470 1265493 494 1046830 519 1139061 543 1052524 568 802916 569 0
0
159 1 818 54 0.9879678385542664 0.13243204853971688 0
21 60 0 61 779984 85 734429 110 528293 134 350537 158 286639 182 353412 207 630900 231 657647 255 581592 279 1620414 304 1957154 328 2191919 352 2777767 377 1410201 401 962069 425 1073623 449 851747 474 864034 498 675590 499 0
1 158
160 2 737 324 0.9878810108577141 0.026647311268401364 0
18 132 0 133 400489 159 498332 184 485320 210 461839 236 769229 262 562431 287 897943 313 923797 339 1051294 365 1327257 390 1092484 416 1820318 442 1487419 468 2981757 493 1959865 519 2203263 520 0
0
161 2 1180 11 0.9868256537399434 0.07959998803168845 0
22 8 0 9 1088182 34 1234152 59 2545921 84 3254634 109 3411233 133 1118909 158 1661692 183 1574482 208 1224560 233 1934367 258 1440080 283 1331463 308 1358674 333 1389252 358 1228156 382 1222889 407 2379494 432 1249253 457 1166447 482 1334797 483 0
1 160
162 3 1407 14 0.9852427170359599 0.039923431495740555 0
12 439 0 440 180803 465 196993 489 267020 514 290909 538 505797 563 572147 587 915738 612 1609810 636 1731770 661 1672011 662 0
0
163 1 603 5 0.9984906616281144 0.105029063179018 0
29 37 0 38 2017481 63 2434141 89 2028263 114 1205199 139 1221750 165 1017275 190 1554631 215 1107005 241 1469457 266 1714800 291 3273138 317 4174957 342 2065370 367 1057223 393 1256504 418 1046255 444 1701679 469 1512830 494 1328431 520 1626811 545 1449927 570 769471 596 625455 621 439733 646 487705 672 373184 697 159774 698 0
1 162
164 2 554 298 0.9865648209332406 0.1355913941097347 0
25 57 0 58 2279167 83 2430672 108 1667521 133 1278463 158 1159240 183 1519090 208 1371552 233 1652440 258 1617197 283 1782378 308 2500313 333 1753406 359 2254640 384 2117995 409 2804659 434 1502769 459 1088135 484 1056034 509 879878 534 772726 559 588087 584 571142 609 390596 610 0
1 163
165 3 964 239 0.9812417707630181 0.03271719014556258 0
13 432 0 433 3439050 459 1488668 484 1487321 509 1020585 535 1089110 561 918855 586 675041 611 407603 637 638360 663 869469 688 680832 689 0
0
166 1 614 24 0.9902863325764589 0.05402277401347807 0
15 211 0 212 487191 238 839594 263 640539 289 1039336 314 1078577 340 937052 365 1176967 391 1290917 417 1216162 442 1939309 468 1865003 493 1452014 519 1074465 520 0
2 165 167
167 2 649 271 0.9990976607708579 0.09526900706942978 0
14 186 0 187 1772881 213 2071169 239 2339368 265 2600380 291 2122874 317 1747721 342 1083631 368 963404 394 926579 420 931743 446 826786 472 549203 473 0
0
168 2 701 111 0.9989581573039832 0.008265734327075003 0
21 44 0 45 2394004 70 2288663 94 980981 119 624926 143 692181 168 305953 193 290528 217 218663 242 337466 267 487971 291 712484 316 1561929 340 1798089 365 1380534 390 895278 414 711546 439 800949 463 903777 488 772793 489 0
0
169 3 844 41 0.9954604199960153 0.13963218867139615 0
18 308 0 309 3391427 333 2681961 358 2008277 382 1546510 407 1802973 431 2303106 455 2682843 480 2221217 504 1929337 529 1246434 553 1303228 577 1623438 602 1043288 626 869615 651 1135054 675 977772 676 0
0
170 1 1262 112 0.9948011647653229 0.036343268551608646 0
8 295 0 296 966431 322 1020135 348 1277234 373 1138674 399 889503 425 604800 426 0
2 169 171
171 2 777 224 0.9985883873476827 0.040325942419666194 0
11 210 0 211 2253141 235 2578871 259 1823947 283 1865416 307 995728 330 1290881 354 858251 378 846532 402 1240863 403 0
0
172 3 1017 306 0.9814189044085193 0.04704089193615355 0
14 339 0 340 297348 365 283438 391 386662 416 410980 441 480266 467 868803 492 803130 518 1399128 543 1587420 568 2161928 594 2242199 619 1608808 620 0
1 171
173 2 651 218 0.9904546957336315 0.06706262440008645 0
29 45 0 46 215723 71 243274 96 205862 121 205605 146 190812 171 299215 196 422525 221 645500 246 629319 271 966513 296 1567216 321 2338338 346 1669031 371 2834956 395 1832425 420 2175575 445 2052994 470 1932174 495 1471676 520 1418368 545 1164356 570 1090734 595 1318359 620 1220014 645 2664470 670 3171878 695 5393705 696 0
0
174 2 1317 121 0.9928826558064062 0.059961839805474156 0
25 119 0 120 313057 145 218708 170 300166 195 463843 220 354312 245 280816 270 333645 295 309988 320 315981 345 615548 370 680768 395 685383 419 799799 444 507480 469 1013817 494 1245920 519 1646035 544 986553 569 1444309 594 2219124 619 1908235 644 3009078 669 6782237 670 0
2 173 175
175 2 1481 177 0.991299033367935 0.0452271432185516 0
25 128 0 129 4039193 155 3412512 180 1641635 205 2175535 231 1350591 257 1337973 282 2113804 307 1405184 333 859233 359 685194 384 688004 409 600548 435 583826 461 474583 486 336695 511 213938 537 184063 563 150103 588 128935 613 150207 639 125897 665 99811 690 59514 691 0
0
176 1 829 211 0.9942482096318348 0.11932658992524525 0
23 146 0 147 139127 172 214310 198 334126 223 539853 248 471661 273 659722 299 872411 324 1542037 349 1369530 375 1185786 400 1426275 425 1976502 451 1540108 476 2779738 501 1749097 527 1664863 552 1725250 577 2687013 602 1861592 628 777768 653 914142 654 0
0
177 2 1042 2 0.9918674420218511 0.06598117701804058 0
19 218 0 219 991588 244 1061424 270 1561815 295 1419036 320 1030040 346 990493 371 957686 396 865528 421 845345 447 876989 472 1053613 497 928223 523 1246538 548 2136931 573 2565139 599 2287547 624 1497379 625 0
0
178 3 774 229 0.9993256236361419 0.06798732424063016 0
29 21 0 22 1646430 47 1978174 72 2159076 98 2760395 123 2124249 148 1853871 173 1337546 199 919978 224 1137230 249 1304380 274 2202273 300 2475438 325 2818845 350 1578262 375 1474650 400 891463 426 1104838 451 1003092 476 657813 501 392870 527 397016 552 355809 577 278477 602 173141 628 150064 653 195932 678 289503 679 0
0
179 1 665 283 0.9828239191902527 0.04129888088778971 0
21 50 0 51 2564008 76 3351997 101 2635208 127 2101892 152 1003054 177 724809 202 723781 228 493737 253 577775 278 538747 303 742565 328 965846 354 590767 379 540579 404 464182 429 327732 455 213495 480 95904 505 60874 506 0
1 178
180 1 1341 205 0.9900203402538894 0.021123640519995785 0
26 34 0 35 119417 60 135666 86 178573 111 212944 137 163591 162 201977 188 257265 213 212055 238 282915 264 380359 289 296796 315 307950 340 316457 366 478446 391 707943 417 967254 442 973433 467 1879170 493 1455063 518 2317552 544 2970054 569 2038483 595 2662212 620 2321744 621 0
2 178 179
181 2 1087 41 0.9918928270155789 0.12581852419642958 0
10 452 0 453 2189476 478 2615461 504 1289678 529 1005291 554 962706 579 1017235 605 1231985 630 781840 631 0
0
182 1 1422 341 0.9973807780236597 0.09246872479538042 0
8 535 0 536 1583239 559 2245669 582 2337313 604 1101131 627 1008143 650 752643 651 0
1 181
183 1 1294 169 0.9855508690676397 0.01649423169621922 0
18 110 0 111 921566 137 901968 162 1859389 188 2450858 213 2127531 239 2544242 264 2708824 290 1669920 315 1744036 341 1047823 366 592312 392 308241 417 496698 443 414001 468 559198 494 777443 495 0
0
184 2 773 109 0.9965705350206072 0.07019502928999387 0
24 142 0 143 1547367 168 1641260 192 4069856 217 2364738 242 1443393 267 2177961 291 1273980 316 1042675 341 959120 365 980304 390 1178092 415 1087404 440 1012608 464 1067075 489 1140047 514 1093308 538 690410 563 888670 588 899778 613 1113984 637 653003 662 719020 663 0
2 183 185
185 2 732 83 0.993786623331378 0.0423995457952678 0
29 33 0 34 384685 59 758410 84 1471394 109 1900460 134 1358411 160 950072 185 681965 210 549406 235 444592 260 470616 285 527064 310 910372 335 738195 361 1157387 386 1238440 411 1162665 436 1079826 461 1301602 486 1392069 511 1615282 536 1165644 561 873041 587 649116 612 767120 637 368115 662 374754 687 546854 688 0
0
186 3 701 166 0.9876911947671141 0.02704506425637374 0
13 149 0 150 1808022 175 1601027 201 1451293 226 1244265 251 1131680 277 806372 302 1605485 327 1651688 352 1330542 378 837672 403 1542812 404 0
0
187 3 1073 148 0.9929053831334597 0.06529464903666012 0
29 43 0 44 3412723 69 3088423 93 1776152 118 2391281 142 2581809 167 2116149 192 1878600 216 1335440 241 1137324 266 1550242 290 743638 315 601756 339 627503 364 492936 389 327775 413 304360 438 326031 462 273113 487 271398 512 266030 536 152999 561 213571 586 191605 610 167720 635 165956 659 134428 684 128494 685 0
1 186
188 1 685 52 0.9984988440156108 0.03833734828025214 0
21 138 0 139 1702991 163 2053486 188 1978696 212 1623224 237 2076057 261 1589448 285 1815917 310 1720419 334 1437079 359 1367173 383 932889 407 741811 432 1274606 456 2082304 480 2586273 505 1522591 529 1823345 554 1833139 578 1199496 579 0
2 186 189
189 2 1062 331 0.9835380235119191 0.13784799774271234 0
11 354 0 355 1065697 379 1194831 402 1552830 426 865527 449 1328117 473 2510712 497 2165912 520 2249963 544 3114591 545 0
0
190 2 1486 96 0.9810441021469799 0.10496222278011043 0
11 159 0 160 2229509 184 2128594 207 1175595 231 1112648 255 981217 279 992602 303 1590215 326 1756081 350 2272011 351 0
0
191 1 1077 4 0.9950648201690612 0.05121919847264017 0
13 52 0 53 2334299 78 2618980 104 1692397 129 1155485 155 1160652 180 1939432 205 1784756 231 1364593 256 789283 282 1380613 307 2796249 308 0
0
192 3 720 248 0.9959347181659949 0.037956017060489226 0
13 298 0 299 1678812 323 1064308 346 779083 370 943290 394 619211 417 604733 441 685744 465 909376 489 685621 512 1170830 536 1825734 537 0
1 191
193 2 1079 195 0.9952273438625329 0.04385092609996648 0
20 241 0 242 2014995 268 2275352 293 2366888 319 2026501 344 1331588 370 1660028 396 2017388 421 2389525 447 2188863 472 948575 498 1181435 523 816886 549 609631 575 468270 600 442183 626 375566 651 350678 677 337019 678 0
0
194 3 796 73 0.9960646829159219 0.12673239843456893 0
10 130 0 131 2284569 155 2051886 180 1920203 204 3037305 228 2053615 252 1294009 277 1013446 301 1175185 302 0
1 193
195 2 556 208 0.982298961786166 0.11025504003073482 0
16 130 0 131 839952 155 953628 179 798565 204 860886 228 1117923 252 1391540 276 1550218 301 2038347 325 2154007 349 1456763 373 1907064 398 2350907 422 2144472 446 1459838 447 0
1 194
196 3 1141 24 0.9893038541715032 0.14066422549288507 0
25 99 0 100 2542164 124 2361799 149 3043845 173 1431433 198 1737241 222 1163738 247 1498827 271 1266535 296 1095338 320 964646 345 1292976 369 577626 393 1310981 418 632883 442 519685 467 543398 491 564701 516 550375 540 1185684 565 779007 589 523862 614 359393 638 347170 639 0
0
197 3 975 325 0.9800731715799126 0.12566624947603844 0
21 38 0 39 303859 63 330460 88 375169 113 368355 137 394301 161 412120 186 435938 211 1028567 235 1019891 259 2147258 284 1800479 309 2596297 333 3425511 357 1600188 382 1190699 407 994270 431 1125754 455 585874 480 562214 481 0
0
198 2 958 72 0.9968624953440869 0.043968320742190946 0
15 105 0 106 1147378 131 1524647 155 767716 180 1115923 205 1415291 229 1192476 254 1101017 279 1461795 303 1233359 328 1384293 353 2098444 377 1506533 402 1512468 403 0
0
199 1 1092 367 0.9912696882250259 0.009147685723631982 0
11 463 0 464 3196738 488 2900154 513 2001970 537 1500165 561 1292765 585 1574431 609 1573364 634 917712 658 1016524 659 0
1 198
200 1 582 47 0.9927636684913713 0.0038088983329863657 0
16 45 0 46 1586404 72 1083881 98 873996 124 403908 149 316575 175 566543 201 916737 227 1683056 253 1404203 279 1473098 304 2256565 330 1809097 356 2057211 382 2634285 383 0
0
201 2 1075 117 0.998597338522505 0.1499928247360378 0
30 20 0 21 4095548 46 3364637 70 1788678 95 2318168 120 2109199 144 2149300 169 903446 194 1183371 218 1155602 243 1036136 268 1520021 292 903296 317 678332 342 849350 366 805316 391 930450 416 1130838 440 790998 465 1170477 490 1164438 514 1268629 539 1626904 564 1661915 588 1201696 613 1298381 638 1329539 662 1786963 687 2465606 688 0
0
202 2 1376 13 0.9920531781367071 0.0736686864860106 0
15 129 0 130 975725 154 859217 178 523489 202 897212 226 1514248 250 1673069 273 1441861 297 1438192 321 1651272 345 932566 369 1615050 393 1364732 417 1481357 418 0
1 201
203 2 1058 25 0.9860268322789745 0.0666115345772723 0
10 96 0 97 1015446 123 1355204 150 1383658 176 2667701 203 1118044 229 1123971 256 1419206 282 1300140 283 0
0
204 1 1035 315 0.9991280003569454 0.027910680498785444 0
29 10 0 11 397974 36 279404 61 204434 86 339167 110 350619 135 270611 160 208116 185 278722 210 503391 235 550997 259 502571 284 377932 309 300127 334 345612 359 766345 384 483696 409 648201 433 666411 458 946279 483 705095 508 919656 533 1191027 558 1985853 582 2305556 607 3578471 632 2452588 657 1563727 658 0
2 203 205
205 3 1081 134 0.9938203518875008 0.014400872064474463 0
30 0 0 1 2436463 26 3143328 51 2797146 76 1716445 101 1353690 126 1046069 151 2055879 176 1308487 201 513704 226 624908 251 815111 276 1062400 301 1665247 326 1617829 352 633208 377 475311 402 553193 427 426076 452 729400 477 1329040 502 2029600 527 3050309 552 2058131 577 3414010 602 2965058 627 2555818 652 1996003 677 1022373 678 0
0
206 3 634 101 0.9813199995408874 0.06778506698104408 0
23 78 0 79 2087784 104 2738936 130 3107972 155 2807775 180 2410387 205 1411273 231 1526970 256 1987020 281 1830250 307 1567679 332 1606177 357 1393429 383 819439 408 807687 433 505062 459 615590 484 483312 509 452590 534 723723 560 1070197 585 1358508 586 0
0
207 3 1075 336 0.983589212747227 0.037112960978803136 0
12 188 0 189 885003 214 836957 238 946139 263 1371281 288 1279710 312 1153460 337 1424766 362 1071496 386 805507 411 844479 412 0
1 206
208 1 1280 177 0.9958755818821472 0.14962839530368538 0
12 48 0 49 1447620 75 1252170 101 1281481 128 1109096 154 1184358 180 1354292 206 1359750 233 1216396 259 731259 285 607239 286 0
0
209 2 949 7 0.9816195678230164 0.09487737605035697 0
17 181 0 182 1918072 207 2116234 233 1107651 258 663446 284 611987 309 821825 335 511441 360 795017 385 677092 411 620561 436 733213 462 895869 487 876586 513 532881 538 204426 539 0
0
210 2 1064 250 0.9838121740574148 0.1396530914408097 0
10 200 0 201 451753 225 644081 249 1056028 273 1247184 298 1694188 322 2296712 346 2335719 370 2632110 371 0
0
211 3 836 70 0.9833623738474051 0.10368437523428399 0
28 37 0 38 1040510 63 1275996 89 1957255 114 1757594 139 1273914 164 1106452 190 1498572 215 2304295 240 1474410 266 2447218 291 2387480 316 2600834 341 2512283 367 2121298 392 1235452 417 795574 442 971053 468 1719864 493 1661057 518 1764464 544 1565223 569 1128397 594 619314 619 1009628 645 1090718 670 1329647 671 0
1 210
212 2 1394 80 0.9811460261612625 0.12807683404865733 0
22 169 0 170 716308 195 447623 219 545031 244 892835 269 1290221 294 703616 318 1168623 343 1063496 368 2030896 393 2139785 417 2916399 442 2186367 467 2391160 492 1719014 516 1836279 541 1445926 566 1489233 591 1646790 615 805495 640 1120702 641 0
2 210 211
213 1 1104 190 0.9851049158875927 0.1438805487284574 0
8 219 0 220 1589418 247 1116841 273 881807 300 1253721 326 1800487 353 1817435 354 0
0
214 1 1225 31 0.9981005619277358 0.10327377133626706 0
14 276 0 277 1246894 303 1593982 328 1466177 354 1404361 379 1464927 405 1136379 430 703589 456 976139 481 504854 507 847798 532 908211 558 507023 559 0
2 213 216
215 3 993 134 0.9861456894770846 0.06243838424286913 0
24 78 0 79 515408 104 693855 128 731257 153 543127 177 728129 202 1012772 226 1201421 251 2093029 275 2103570 300 2479113 324 2201618 349 1761334 373 1979586 398 3205256 422 1532871 447 1233806 471 1449372 496 885248 520 876354 545 1766962 569 987982 594 516616 595 0
3 213 216 214
216 1 1432 188 0.9863240994339677 0.07261342969625874 0
27 79 0 80 1722741 105 1609385 130 1447843 155 901048 180 1034282 205 718371 229 669603 254 991387 279 877221 304 1736332 329 1685898 354 950047 379 1768842 404 1984012 429 2372537 454 2265334 479 1285715 504 673420 529 524376 553 474980 578 374781 603 458510 628 543026 653 482495 678 417433 679 0
0
217 1 903 336 0.9884554555484809 0.06833528270493018 0
11 371 0 372 2802969 395 1569779 419 1106268 443 973066 466 1791885 489 1554029 513 1519711 537 1198166 560 915483 561 0
0
218 2 531 354 0.999550876571974 0.08537273732847746 0
20 29 0 30 2830506 54 1472935 79 1446798 103 2209216 127 1985638 151 1368905 176 1523841 200 2690019 224 2684667 249 1597173 273 1551538 297 1224935 322 835756 346 506453 370 651366 394 306327 419 196756 443 153048 444 0
1 217
219 2 1425 61 0.9811447813322107 0.12424054782084169 0
16 316 0 317 1615075 341 1741194 365 1307029 389 1397010 413 1596613 437 1188927 461 1816057 486 1885535 510 2516438 534 2244173 558 2493447 582 1325486 606 915541 630 691577 631 0
0
220 3 914 70 0.9803348333559369 0.05197187284321956 0
8 437 0 438 1378647 463 1484241 488 1699889 514 1799136 539 2352738 564 2410651 565 0
0
221 3 939 27 0.982766635985089 0.062387196536650556 0
18 188 0 189 2138998 215 2357420 240 1537803 266 1912083 291 1373698 317 1707526 342 1168574 368 1623920 393 1563030 419 1770065 444 973375 470 751475 495 270783 521 398198 546 465258 572 543960 573 0
0
222 1 1075 340 0.9923501308324968 0.08915582095985287 0
17 40 0 41 647853 66 586003 90 959502 115 1416488 140 1753079 164 2043330 189 1848961 213 1387549 238 762323 263 661743 287 659272 312 652562 337 726981 361 637700 386 311084 387 0
1 221
223 3 840 278 0.9997246228787845 0.1029622551384468 0
22 50 0 51 1923974 77 4033520 102 2963156 128 2846709 153 2801268 179 3216924 204 2361968 230 948821 255 596112 281 1106873 306 624314 332 636929 357 647441 383 587263 408 490980 434 414500 459 245282 485 447373 510 823111 536 1005205 537 0
1 222
224 1 1164 9 0.9847415456817877 0.07617291597995877 0
19 64 0 65 510955 90 460830 116 407747 141 417394 167 490546 192 404122 218 235218 243 266082 269 390736 294 811334 319 885223 345 1038565 370 1508319 396 952139 421 1504797 447 2026074 472 3508085 473 0
0
225 1 581 331 0.9850747351439221 0.0021326253798687354 0
24 100 0 101 3294254 126 2895244 151 1164797 176 1027071 200 1012207 225 1692216 250 920000 275 990640 300 340712 325 525816 350 477385 374 352564 399 590805 424 692001 449 388926 474 337924 499 452468 524 533445 548 257192 573 261603 598 364144 623 315144 624 0
2 224 226
226 2 1272 263 0.9875292870349791 0.06400964704560232 0
31 2 0 3 251900 28 184847 52 329250 77 286443 101 272814 126 332300 150 337262 175 215290 199 179040 224 233794 248 217311 273 211740 297 256746 322 430842 347 436671 371 335092 396 591485 420 570951 445 555857 469 733542 494 1913936 518 1586394 543 1324743 567 1612807 592 1205931 616 1963453 641 1340729 665 2551773 690 2720613 691 0
0
227 1 1327 340 0.9813797949462578 0.09930121473345141 0
15 375 0 376 434568 401 633845 426 951973 451 1211958 476 949473 501 1032089 525 1245732 550 2164704 575 1877369 600 1948627 625 1853595 650 2460794 675 2366640 676 0
0
228 3 1362 329 0.9803729238224452 0.13396084462243288 0
24 34 0 35 500304 60 406740 84 530801 109 616012 133 1058985 158 1020799 182 1536613 207 1540707 232 1415957 256 2382937 281 2611696 305 3281214 330 2128865 354 1746687 379 1992128 404 1189339 428 736824 453 1208117 477 822763 502 1022439 526 752293 551 780595 552 0
1 227
229 3 563 189 0.9963143997821635 0.00015448034748847815 0
20 156 0 157 2747945 182 2042120 207 1845321 232 1479187 257 950420 283 885912 308 688583 333 506706 358 471929 383 546755 408 544422 433 198164 458 197077 484 200972 509 109510 534 99313 559 149541 584 151744 585 0
0
230 2 1267 23 0.9996871160667273 0.06738840752496521 0
29 24 0 25 1727157 50 2461324 75 2291292 99 2060655 124 1999784 149 2246384 174 2607167 198 3288895 223 2453536 248 1627078 273 1988493 297 2916503 322 1546699 347 824260 372 1064480 397 1160103 421 2139434 446 2396875 471 1929035 496 1627487 520 965226 545 903703 570 603808 595 383351 619 374519 644 371793 669 404043 670 0
2 229 232
231 2 853 112 0.9976495489046056 0.13160508524824346 0
29 34 0 35 2356212 60 2467295 85 2025955 110 1485939 135 2378366 161 1999713 186 1274470 211 1225964 236 1355426 261 950047 286 1140893 311 1376674 336 812498 361 506246 387 599183 412 628912 437 652166 462 956517 487 1539083 512 2002340 537 2476147 562 1797006 588 2018128 613 2800497 638 1893123 663 2390917 688 1472102 689 0
0
232 3 945 345 0.9816180662264306 0.07709395864012532 0
19 172 0 173 293872 199 215330 224 235428 249 245962 275 318220 301 601703 326 426388 351 516499 377 412759 403 919759 428 1581899 453 1431539 479 1805728 505 1543163 530 2146934 555 1776947 581 1596530 582 0
1 231
233 3 1314 258 0.9849519283577906 0.04041457356238671 0
17 34 0 35 1451211 61 1472611 86 2102020 112 2055501 138 1496835 163 2627282 189 2440345 215 3527508 240 2166309 266 2356524 291 1101425 317 935315 343 1180715 368 1418468 394 928258 395 0
0
234 1 769 177 0.9818866725044816 0.11324386016604455 0
19 181 0 182 692537 207 789732 232 833593 257 705065 283 490661 308 736169 333 860491 358 747898 383 770042 408 1598843 433 1904993 458 1771122 483 1163880 509 1546298 534 3688992 559 3210910 584 3064045 585 0
1 233
235 3 683 103 0.9896890950626851 0.13844401826293606 0
28 17 0 18 1140784 43 1039158 69 1334858 94 883803 119 705562 145 1264735 170 671734 196 1002412 221 706082 246 993234 272 733388 297 809175 322 704930 348 562477 373 257918 398 520851 424 1075145 449 588240 474 938601 500 1086054 525 1419496 551 2155009 576 2670105 601 1781065 627 1637555 652 1662193 653 0
2 233 234
236 1 888 348 0.9984618235633618 0.004213328940087807 0
17 152 0 153 634323 179 651294 204 969804 230 1199826 256 1164970 281 1057671 307 1602579 333 1120216 358 1117065 384 1642084 409 2397124 435 2179789 461 1984220 486 1641321 512 1633069 513 0
0
237 2 964 209 0.9969407039134243 0.011897338644775672 0
18 49 0 50 2408320 74 2122334 98 1586886 122 1531387 147 1260022 171 874941 195 966395 219 1146348 243 841413 267 1602526 291 1678685 315 1499870 340 1704069 364 1732779 388 2036758 412 1748642 413 0
2 236 238
238 3 649 84 0.9900113293267462 0.12924863548915666 0
14 48 0 49 1704745 74 1153032 98 1209084 123 1169630 148 929791 172 980929 197 908641 221 942253 246 1067292 271 1260613 295 798735 320 531019 321 0
0
239 1 1417 25 0.9921652729656391 0.14963420550927617 0
21 22 0 23 1933604 48 2520040 73 2196169 97 3071305 122 2182647 147 3718797 172 3127379 197 2217911 222 1152086 247 839230 271 778268 296 874463 321 1436471 346 953291 371 685877 395 562870 420 684642 445 484846 470 552271 471 0
0
240 1 1244 158 0.998720788546903 0.13380948101829662 0
18 46 0 47 379606 72 598640 97 954846 123 725298 148 1096527 173 1238405 198 1688227 223 1618099 249 1760266 274 2547637 299 2733428 324 2836223 349 1766654 375 1002331 400 733198 425 1501107 426 0
1 239
241 3 1312 33 0.995511031584591 0.14737034028552015 0
9 510 0 511 1155419 536 1323198 561 1501339 586 1178678 611 1010768 636 1632257 661 1675958 662 0
0
242 1 1449 211 0.980159841869105 0.022615929021723772 0
9 76 0 77 2145441 102 2671505 127 1690492 151 1729218 176 2047331 201 1936383 226 691275 227 0
1 241
243 1 894 304 0.9983725878862493 0.04629777489202727 0
10 337 0 338 1255767 363 1698130 389 1578413 414 1898487 440 1562847 465 759643 491 682948 516 475047 517 0
0
244 2 756 211 0.9874287627352447 0.030922757742131594 0
13 344 0 345 1217931 369 1087676 393 1518455 417 1723281 441 1149967 465 1461416 489 1309291 513 1214086 537 1939657 561 1605071 585 1101728 586 0
1 243
245 3 542 163 0.9925543629408901 0.08925407930237556 0
22 80 0 81 806211 106 1023644 131 1355791 156 1172758 180 1098871 205 899617 230 528317 255 878862 280 1034437 305 1488455 329 1150932 354 1219244 379 1311500 404 1133331 429 1271435 454 1291488 478 1266617 503 1104668 528 761781 553 844945 554 0
0
246 1 1213 247 0.9822292523112783 0.0476266262524503 0
21 237 0 238 3326865 262 2164810 287 1359354 311 1302239 335 1220327 359 738565 384 777689 408 489040 432 598911 457 623686 481 915819 505 1089582 529 771771 554 999549 578 1283683 602 2949000 626 3234552 651 3059391 675 3091604 676 0
1 245
247 1 609 59 0.9939116507728277 0.01434004255266168 0
31 0 0 1 1243573 26 655113 50 486612 75 717691 99 482180 124 477374 149 376008 173 457950 198 298541 222 232805 247 199047 272 188306 296 176331 321 164629 345 196970 370 193533 395 336763 419 525826 444 502248 469 665537 493 633391 518 1000803 542 1574241 567 2024671 592 2588508 616 2003763 641 2430112 665 2497956 690 1044028 691 0
0
248 1 1429 78 0.997216553699607 0.14731879004098916 0
15 94 0 95 1002093 121 1290715 147 1777460 172 1356306 198 1080040 224 3254911 249 2813822 275 2388413 301 1876994 327 2098427 353 1038981 378 931855 404 906811 405 0
0
249 1 1486 369 0.9917631250732852 0.09269830780310163 0
25 2 0 3 3824682 28 2176111 54 2277514 79 1423191 105 1314019 130 815638 156 1461583 181 1535713 207 1995803 232 2014288 258 1855050 283 1670161 308 1497370 334 1393212 359 2096395 385 2765213 410 2491676 436 1417180 461 1155840 487 1162213 512 1608106 538 1153530 563 1406224 564 0
1 248
250 3 1156 36 0.9849488822478727 0.048987589064248625 0
22 44 0 45 600186 70 833071 95 690543 119 718858 144 1127990 169 2229806 194 1700934 219 1809855 243 1808912 268 1884440 293 1337041 318 1999763 342 2629751 367 2120367 392 1443554 417 1605380 442 1113943 466 1578827 491 1108817 516 1904678 517 0
1 249
7 7 738735684803755127
0.98922632047529435 0.010772893081372545 7.8644333311045697e-07 0 0 0 0 
0.0089200006047319529 0.82084573547428608 0.17014975024161058 8.4513679371500254e-05 0 0 0 
0.00032472656255418781 0.42525637760150153 0.54726696567928534 0.027118825099963675 3.3105056695357375e-05 0 0 
0 2.1071624926509264e-06 0.0088247165752158799 0.97239821780546065 0.018752904064297013 2.2054392533978276e-05 0 
0 0 4.0831341991025342e-08 0.05709228986146922 0.91687433277577179 0.025980548067743438 5.2788463673516503e-05 
0 0 0 5.7211382554397352e-06 0.11572455964624589 0.85229561869238235 0.03197410052311643 
0 0 0 0 8.6627955780469427e-05 0.14807353929616543 0.85183983274805408 
7 0 0 0 0 0 0 0
0.022415751705962515 0.9742082339101621 0.22807152469617334
