A
1000
444 767
1 30.0 17.0
2 30.0 18.0
3 28.0 16.0
4 28.0 17.0
5 27.0 22.0
6 28.0 22.0
7 28.0 21.0
8 28.0 20.0
9 26.0 22.0
10 24.0 29.0
11 24.0 30.0
12 23.0 29.0
13 23.0 30.0
14 22.0 29.0
15 22.0 28.0
16 23.0 28.0
17 21.0 32.0
18 22.0 32.0
19 21.0 31.0
20 22.0 31.0
21 22.0 30.0
22 20.0 32.0
23 20.0 31.0
24 21.0 30.0
25 21.0 29.0
26 20.0 29.0
27 20.0 28.0
28 21.0 28.0
29 19.0 32.0
30 19.0 31.0
31 19.0 30.0
32 20.0 30.0
33 18.0 32.0
34 18.0 31.0
35 18.0 30.0
36 17.0 32.0
37 16.0 32.0
38 17.0 31.0
39 18.0 29.0
40 18.0 28.0
41 16.0 30.0
42 16.0 31.0
43 17.0 30.0
44 16.0 28.0
45 16.0 29.0
46 19.0 28.0
47 18.0 27.0
48 19.0 27.0
49 19.0 26.0
50 17.0 28.0
51 18.0 26.0
52 17.0 27.0
53 27.0 20.0
54 27.0 21.0
55 18.0 25.0
56 17.0 25.0
57 16.0 25.0
58 16.0 26.0
59 24.0 28.0
60 24.0 23.0
61 24.0 24.0
62 23.0 22.0
63 23.0 23.0
64 24.0 22.0
65 23.0 21.0
66 24.0 21.0
67 17.0 24.0
68 24.0 20.0
69 23.0 20.0
70 20.0 24.0
71 21.0 24.0
72 21.0 23.0
73 22.0 21.0
74 22.0 22.0
75 21.0 21.0
76 19.0 23.0
77 20.0 23.0
78 18.0 24.0
79 19.0 24.0
80 18.0 23.0
81 19.0 22.0
82 28.0 18.0
83 29.0 18.0
84 20.0 22.0
85 20.0 26.0
86 20.0 27.0
87 20.0 21.0
88 19.0 21.0
89 20.0 20.0
90 18.0 21.0
91 17.0 23.0
92 18.0 22.0
93 22.0 23.0
94 16.0 24.0
95 16.0 23.0
96 26.0 21.0
97 17.0 22.0
98 16.0 22.0
99 17.0 26.0
100 17.0 20.0
101 17.0 21.0
102 19.0 20.0
103 19.0 19.0
104 20.0 19.0
105 18.0 18.0
106 19.0 18.0
107 17.0 29.0
108 32.0 15.0
109 32.0 16.0
110 32.0 14.0
111 29.0 17.0
112 30.0 16.0
113 31.0 16.0
114 31.0 15.0
115 31.0 14.0
116 31.0 13.0
117 31.0 12.0
118 29.0 16.0
119 30.0 14.0
120 30.0 15.0
121 29.0 15.0
122 29.0 14.0
123 29.0 13.0
124 30.0 13.0
125 28.0 13.0
126 29.0 12.0
127 32.0 11.0
128 32.0 12.0
129 31.0 11.0
130 32.0 10.0
131 32.0 13.0
132 30.0 12.0
133 30.0 11.0
134 31.0 10.0
135 32.0 9.0
136 32.0 8.0
137 31.0 8.0
138 31.0 9.0
139 30.0 9.0
140 29.0 11.0
141 28.0 12.0
142 29.0 8.0
143 30.0 8.0
144 29.0 9.0
145 29.0 10.0
146 28.0 9.0
147 27.0 16.0
148 27.0 15.0
149 28.0 15.0
150 28.0 8.0
151 27.0 14.0
152 28.0 14.0
153 26.0 16.0
154 26.0 15.0
155 25.0 15.0
156 24.0 16.0
157 25.0 16.0
158 24.0 15.0
159 24.0 14.0
160 25.0 14.0
161 26.0 14.0
162 25.0 13.0
163 26.0 13.0
164 25.0 12.0
165 26.0 12.0
166 24.0 13.0
167 27.0 12.0
168 28.0 11.0
169 28.0 10.0
170 27.0 11.0
171 26.0 10.0
172 26.0 11.0
173 27.0 8.0
174 26.0 9.0
175 27.0 9.0
176 26.0 8.0
177 25.0 9.0
178 27.0 10.0
179 25.0 8.0
180 24.0 10.0
181 25.0 10.0
182 23.0 14.0
183 23.0 13.0
184 22.0 14.0
185 22.0 13.0
186 22.0 12.0
187 22.0 15.0
188 22.0 16.0
189 21.0 14.0
190 20.0 15.0
191 20.0 16.0
192 21.0 15.0
193 23.0 24.0
194 24.0 11.0
195 24.0 12.0
196 23.0 12.0
197 23.0 11.0
198 22.0 11.0
199 24.0 9.0
200 23.0 9.0
201 22.0 9.0
202 23.0 8.0
203 18.0 20.0
204 20.0 12.0
205 21.0 12.0
206 21.0 11.0
207 20.0 11.0
208 21.0 10.0
209 22.0 10.0
210 21.0 22.0
211 21.0 9.0
212 20.0 10.0
213 20.0 9.0
214 21.0 8.0
215 20.0 8.0
216 19.0 11.0
217 18.0 12.0
218 19.0 12.0
219 18.0 11.0
220 17.0 11.0
221 18.0 10.0
222 17.0 10.0
223 16.0 12.0
224 17.0 12.0
225 24.0 8.0
226 24.0 7.0
227 23.0 7.0
228 20.0 0.0
229 21.0 0.0
230 23.0 10.0
231 10.0 1.0
232 11.0 1.0
233 10.0 12.0
234 11.0 12.0
235 11.0 3.0
236 11.0 4.0
237 12.0 2.0
238 13.0 2.0
239 11.0 10.0
240 12.0 10.0
241 16.0 4.0
242 17.0 4.0
243 16.0 3.0
244 17.0 3.0
245 16.0 27.0
246 14.0 24.0
247 15.0 24.0
248 26.0 20.0
249 23.0 3.0
250 24.0 3.0
251 9.0 8.0
252 10.0 8.0
253 16.0 14.0
254 16.0 15.0
255 14.0 10.0
256 15.0 10.0
257 15.0 14.0
258 14.0 16.0
259 15.0 16.0
260 16.0 21.0
261 15.0 15.0
262 14.0 14.0
263 13.0 16.0
264 14.0 15.0
265 12.0 16.0
266 10.0 2.0
267 10.0 3.0
268 18.0 4.0
269 19.0 4.0
270 24.0 4.0
271 13.0 14.0
272 13.0 15.0
273 11.0 9.0
274 12.0 9.0
275 14.0 12.0
276 14.0 13.0
277 12.0 13.0
278 13.0 13.0
279 15.0 12.0
280 23.0 6.0
281 24.0 6.0
282 16.0 10.0
283 15.0 11.0
284 22.0 8.0
285 21.0 7.0
286 14.0 11.0
287 13.0 10.0
288 11.0 16.0
289 12.0 14.0
290 12.0 15.0
291 11.0 14.0
292 16.0 11.0
293 13.0 3.0
294 13.0 4.0
295 10.0 15.0
296 10.0 16.0
297 10.0 14.0
298 8.0 11.0
299 9.0 11.0
300 12.0 11.0
301 12.0 12.0
302 11.0 11.0
303 12.0 8.0
304 9.0 12.0
305 10.0 10.0
306 19.0 1.0
307 20.0 1.0
308 19.0 2.0
309 20.0 2.0
310 10.0 9.0
311 11.0 17.0
312 12.0 17.0
313 10.0 17.0
314 10.0 18.0
315 10.0 0.0
316 11.0 0.0
317 11.0 8.0
318 13.0 12.0
319 14.0 1.0
320 14.0 2.0
321 21.0 16.0
322 8.0 2.0
323 9.0 2.0
324 15.0 21.0
325 16.0 1.0
326 16.0 2.0
327 17.0 2.0
328 9.0 1.0
329 24.0 5.0
330 18.0 3.0
331 22.0 2.0
332 22.0 3.0
333 14.0 3.0
334 14.0 4.0
335 11.0 2.0
336 19.0 10.0
337 13.0 1.0
338 8.0 8.0
339 11.0 15.0
340 13.0 17.0
341 14.0 17.0
342 12.0 3.0
343 10.0 4.0
344 12.0 1.0
345 15.0 2.0
346 22.0 4.0
347 22.0 5.0
348 9.0 9.0
349 21.0 2.0
350 8.0 12.0
351 22.0 24.0
352 13.0 11.0
353 21.0 1.0
354 16.0 16.0
355 9.0 10.0
356 10.0 11.0
357 22.0 7.0
358 13.0 18.0
359 13.0 19.0
360 21.0 20.0
361 19.0 0.0
362 15.0 3.0
363 12.0 0.0
364 21.0 6.0
365 22.0 6.0
366 15.0 0.0
367 15.0 1.0
368 22.0 0.0
369 22.0 1.0
370 20.0 18.0
371 20.0 14.0
372 9.0 0.0
373 23.0 4.0
374 22.0 20.0
375 20.0 5.0
376 20.0 6.0
377 16.0 0.0
378 14.0 18.0
379 12.0 4.0
380 13.0 0.0
381 8.0 17.0
382 9.0 17.0
383 18.0 0.0
384 24.0 2.0
385 21.0 3.0
386 23.0 0.0
387 24.0 0.0
388 14.0 0.0
389 18.0 19.0
390 9.0 18.0
391 30.0 10.0
392 8.0 9.0
393 21.0 5.0
394 18.0 2.0
395 15.0 4.0
396 8.0 10.0
397 15.0 22.0
398 19.0 3.0
399 12.0 18.0
400 20.0 7.0
401 14.0 22.0
402 23.0 5.0
403 8.0 16.0
404 9.0 16.0
405 23.0 2.0
406 20.0 4.0
407 11.0 18.0
408 18.0 1.0
409 15.0 23.0
410 12.0 19.0
411 21.0 4.0
412 20.0 3.0
413 16.0 20.0
414 14.0 23.0
415 23.0 1.0
416 24.0 1.0
417 30.0 24.0
418 32.0 24.0
419 30.0 22.0
420 32.0 22.0
421 28.0 24.0
422 30.0 20.0
423 32.0 20.0
424 32.0 18.0
425 26.0 24.0
426 24.0 32.0
427 24.0 26.0
428 22.0 26.0
429 18.0 16.0
430 14.0 8.0
431 18.0 8.0
432 16.0 8.0
433 8.0 4.0
434 8.0 14.0
435 12.0 26.0
436 14.0 26.0
437 18.0 14.0
438 16.0 18.0
439 14.0 28.0
440 12.0 28.0
441 12.0 32.0
442 4.0 16.0
443 32.0 32.0
444 32.0 0.0
439 440 2
436 439 2
435 436 2
431 432 2
430 432 2
429 437 2
427 428 2
426 443 8
423 424 2
422 423 2
421 425 2
420 423 2
419 422 2
419 420 2
418 443 8
418 420 2
417 419 2
417 421 2
417 418 2
415 416 1
409 414 1
406 412 1
406 411 1
405 415 1
403 442 4
403 434 2
403 404 1
399 410 1
399 407 1
398 412 1
397 409 1
397 401 1
394 408 1
393 411 1
387 444 8
387 416 1
386 415 1
386 387 1
385 412 1
385 411 1
384 416 1
384 405 1
383 408 1
382 404 1
382 390 1
381 403 1
381 382 1
380 388 1
377 383 2
376 400 1
375 393 1
375 406 1
375 376 1
373 402 1
371 437 2
369 415 1
368 386 1
368 369 1
366 388 1
366 377 1
366 367 1
364 376 1
364 393 1
364 365 1
363 380 1
362 395 1
361 383 1
360 374 1
358 378 1
358 399 1
358 359 1
357 365 1
355 396 1
354 429 2
354 438 2
353 369 1
351 428 2
350 434 2
349 385 1
349 353 1
348 392 1
348 355 1
347 393 1
347 402 1
347 365 1
346 411 1
346 373 1
346 347 1
345 367 1
345 362 1
344 363 1
343 433 2
342 379 1
341 378 1
340 358 1
340 341 1
337 344 1
337 380 1
334 395 1
333 362 1
333 334 1
332 346 1
332 385 1
331 405 1
331 369 1
331 349 1
331 332 1
330 398 1
330 394 1
329 402 1
327 394 1
326 345 1
326 327 1
325 367 1
325 377 1
325 326 1
324 397 1
323 328 1
322 323 1
320 333 1
320 345 1
319 388 1
319 367 1
319 337 1
319 320 1
318 352 1
316 363 1
315 372 1
315 316 1
313 382 1
313 314 1
312 340 1
312 399 1
311 407 1
311 313 1
311 312 1
310 348 1
309 412 1
309 349 1
308 394 1
308 398 1
308 309 1
307 309 1
307 353 1
306 308 1
306 408 1
306 361 1
306 307 1
305 310 1
305 356 1
305 355 1
304 350 1
303 379 4
303 430 2
303 317 1
302 356 1
301 318 1
300 302 1
300 352 1
300 301 1
299 356 1
299 355 1
299 304 1
298 299 1
297 434 2
296 404 1
296 313 1
295 339 1
295 297 1
295 296 1
294 379 1
294 334 1
293 342 1
293 333 1
293 294 1
291 339 1
291 297 1
290 339 1
289 291 1
289 290 1
288 296 1
288 339 1
288 311 1
287 352 1
286 352 1
285 364 1
285 400 1
285 357 1
284 357 1
283 286 1
283 292 1
282 432 2
282 292 1
281 329 1
280 402 1
280 365 1
280 281 1
279 283 1
278 318 1
277 289 1
277 301 1
277 278 1
276 278 1
275 318 1
275 279 1
275 286 1
275 276 1
274 303 1
273 317 1
273 310 1
273 274 1
272 290 1
271 278 1
271 289 1
271 272 1
270 373 1
270 329 1
269 398 1
269 406 1
268 330 1
268 269 1
267 343 1
266 323 1
266 335 1
266 267 1
265 290 1
265 312 1
265 288 1
264 272 1
263 272 1
263 340 1
263 265 1
262 271 1
262 276 1
262 264 1
261 264 1
260 413 1
260 324 1
259 261 1
259 354 1
258 264 1
258 341 1
258 263 1
258 259 1
127 130 1
127 129 1
127 128 1
126 132 1
126 140 1
126 141 1
125 152 1
125 141 1
124 132 1
123 126 1
123 125 1
123 124 1
122 152 1
122 123 1
121 149 1
121 122 1
120 121 1
119 122 1
119 124 1
119 120 1
118 121 1
117 128 1
117 129 1
117 132 1
116 124 1
116 131 1
116 117 1
115 119 1
115 116 1
114 120 1
114 115 1
113 114 1
112 120 1
112 118 1
112 113 1
111 118 1
110 115 1
110 131 1
109 424 2
109 113 1
108 114 1
108 110 1
108 109 1
106 370 1
105 429 2
105 106 1
104 370 1
103 389 1
103 106 1
103 104 1
102 203 1
102 103 1
101 260 1
100 101 1
98 397 1
98 260 1
97 101 1
97 98 1
96 248 1
95 409 1
95 98 1
94 247 1
94 95 1
93 351 1
92 97 1
91 97 1
91 95 1
90 92 1
90 101 1
90 203 1
89 360 1
89 104 1
89 102 1
88 102 1
88 90 1
87 89 1
87 88 1
85 428 2
85 86 1
84 210 1
84 87 1
83 111 1
82 83 1
81 92 1
81 88 1
81 84 1
80 92 1
80 91 1
78 80 1
78 79 1
77 84 1
76 79 1
76 81 1
76 80 1
76 77 1
75 210 1
75 360 1
75 87 1
74 210 1
74 93 1
73 374 1
73 75 1
73 74 1
72 210 1
72 93 1
72 77 1
71 351 1
71 72 1
70 85 2
70 77 1
70 79 1
70 71 1
69 374 1
68 156 4
68 248 2
68 69 1
67 94 1
67 91 1
67 78 1
66 68 1
65 69 1
65 73 1
65 66 1
64 66 1
63 93 1
63 193 1
62 65 1
62 74 1
62 64 1
62 63 1
61 427 2
61 425 2
61 193 1
60 63 1
60 64 1
60 61 1
29 30 1
29 33 1
27 86 1
27 46 1
27 28 1
26 27 1
26 32 1
25 28 1
25 26 1
24 32 1
24 25 1
23 32 1
23 30 1
22 23 1
22 29 1
21 24 1
20 21 1
19 24 1
19 23 1
19 20 1
18 426 2
18 20 1
17 19 1
17 22 1
17 18 1
16 59 1
15 428 2
15 28 1
15 16 1
14 15 1
14 25 1
14 21 1
1 111 1
1 112 1
1 2 1
253 437 2
253 257 1
253 254 1
2 424 2
2 422 2
2 83 1
254 354 1
254 261 1
3 118 1
3 149 1
3 147 1
3 4 1
255 430 2
255 287 1
255 286 1
255 256 1
4 82 1
4 111 1
256 283 1
256 282 1
5 54 1
5 9 1
5 6 1
257 262 1
257 261 1
6 421 2
6 419 2
6 7 1
7 54 1
7 8 1
8 422 2
8 82 2
8 53 1
9 64 2
9 425 2
9 96 1
10 59 1
10 12 1
10 11 1
11 426 2
11 13 1
12 16 1
12 14 1
12 13 1
13 21 1
30 31 1
30 34 1
31 35 1
31 32 1
33 34 1
33 36 1
34 38 1
34 35 1
35 43 1
35 39 1
36 38 1
36 37 1
37 441 4
37 42 1
38 42 1
38 43 1
39 107 1
39 40 1
40 46 1
40 47 1
40 50 1
41 45 1
41 43 1
41 42 1
43 107 1
44 245 1
44 50 1
44 439 2
44 45 1
45 107 1
46 48 1
47 52 1
47 51 1
47 48 1
48 86 1
48 49 1
49 85 1
49 51 1
50 107 1
50 52 1
51 99 1
51 55 1
52 245 1
52 99 1
53 248 1
53 54 1
54 96 1
55 78 1
55 56 1
56 99 1
56 67 1
56 57 1
57 94 1
57 58 1
58 436 2
58 245 1
58 99 1
59 427 2
128 131 1
129 134 1
129 133 1
130 135 1
130 134 1
132 133 1
133 391 1
133 140 1
134 391 1
134 138 1
135 138 1
135 136 1
136 444 8
136 137 1
137 138 1
137 143 1
138 139 1
139 143 1
139 391 1
139 144 1
140 168 1
140 145 1
141 168 1
141 167 1
142 144 1
142 150 1
142 143 1
144 146 1
144 145 1
145 391 1
145 169 1
146 175 1
146 150 1
146 169 1
147 148 1
147 153 1
148 154 1
148 151 1
148 149 1
149 152 1
150 173 1
151 161 1
151 152 1
153 157 1
153 154 1
154 161 1
154 155 1
155 160 1
155 157 1
155 158 1
156 188 2
156 158 1
156 157 1
158 159 1
159 166 1
159 182 1
159 160 1
160 162 1
160 161 1
161 163 1
162 164 1
162 166 1
162 163 1
163 165 1
164 195 1
164 165 1
165 172 1
165 167 1
166 195 1
166 183 1
167 170 1
168 170 1
168 169 1
169 178 1
170 172 1
170 178 1
171 178 1
171 181 1
171 174 1
171 172 1
173 175 1
173 176 1
174 176 1
174 177 1
174 175 1
175 178 1
176 179 1
177 199 1
177 179 1
177 181 1
179 225 1
180 230 1
180 199 1
180 194 1
180 181 1
182 183 1
182 184 1
183 196 1
183 185 1
184 187 1
184 189 1
184 185 1
185 186 1
186 205 1
186 198 1
186 196 1
187 192 1
187 188 1
188 321 1
189 371 1
189 192 1
190 371 1
190 192 1
190 191 1
191 429 2
191 370 2
191 321 1
192 321 1
193 351 1
194 197 1
194 195 1
195 196 1
196 197 1
197 230 1
197 198 1
198 209 1
198 206 1
199 225 1
199 200 1
200 230 1
200 202 1
200 201 1
201 284 1
201 211 1
201 209 1
202 284 1
202 227 1
202 225 1
204 371 2
204 207 1
204 218 1
204 205 1
205 206 1
206 208 1
206 207 1
207 212 1
207 216 1
208 211 1
208 212 1
208 209 1
209 230 1
211 213 1
211 214 1
212 336 1
212 213 1
213 215 1
214 215 1
214 285 1
214 284 1
215 431 2
215 400 1
216 336 1
216 219 1
216 218 1
217 437 2
217 224 1
217 219 1
217 218 1
219 221 1
219 220 1
220 292 1
220 222 1
220 224 1
221 431 2
221 336 1
221 222 1
222 282 1
223 253 2
223 292 1
223 279 1
223 224 1
225 226 1
226 281 1
226 227 1
227 357 1
227 280 1
228 307 1
228 361 1
228 229 1
229 368 1
229 353 1
231 328 1
231 315 1
231 266 1
231 232 1
232 335 1
232 344 1
232 316 1
233 297 2
233 356 1
233 304 1
233 234 1
234 301 1
234 302 1
235 342 1
235 267 1
235 335 1
235 236 1
236 379 1
236 343 1
237 335 1
237 344 1
237 342 1
237 238 1
238 337 1
238 293 1
238 320 1
239 273 1
239 305 1
239 302 1
239 240 1
240 274 1
240 300 1
240 287 1
241 432 4
241 243 1
241 395 1
241 242 1
242 244 1
242 268 1
243 362 1
243 326 1
243 244 1
244 330 1
244 327 1
246 436 2
246 247 1
247 409 1
249 373 1
249 405 1
249 332 1
249 250 1
250 384 1
250 270 1
251 348 1
251 338 1
251 252 1
252 310 1
252 317 1
2
298 32 2 2 3
115 34 3 1 2 3
250
1 1 1284 304 0.9800565800738013 0.040272720957648535 0
14 482 0 483 791576 508 1142297 534 1746706 559 2329714 584 2435131 610 2484660 635 2030110 661 1019544 686 1310375 711 1473300 737 1492722 762 2191492 763 0
0
2 2 718 28 0.9914482645300715 0.04857260029379608 0
27 351 0 352 3307299 377 2647395 402 2760023 427 2181751 453 2120180 478 1657576 503 1105932 528 1143216 553 1795370 579 1383029 604 846768 629 712602 654 469220 679 548242 704 522045 729 483390 755 711132 780 940891 805 734105 830 608177 855 653246 881 343224 906 399683 931 154740 956 119816 957 0
1 1
3 3 1274 412 0.9999805160889088 0.10464004991992112 0
32 83 0 84 3102109 109 2491747 134 1802943 160 923414 185 1606170 210 852919 235 805248 261 778797 286 1149940 311 659755 336 833433 362 665232 387 516969 412 899697 437 1206438 463 1556124 488 1165834 513 643510 538 1290814 564 907052 589 789160 614 555505 639 995516 665 1255737 690 989686 715 1155391 740 1469538 766 1607980 791 1612403 816 1352676 817 0
0
4 3 1117 147 0.9890796970138662 0.0383676098928634 0
38 2 0 3 746923 28 781537 53 445433 79 546003 104 740808 129 888585 154 651914 180 814287 205 759076 230 757146 255 858130 281 1109965 306 1022639 331 1037086 356 863262 381 719730 407 639303 432 481078 457 360589 482 560311 508 1080403 533 1746968 558 2146405 583 2339835 608 1716439 634 2410231 659 2185094 684 3521878 709 4444534 735 4301418 760 4927699 785 3846013 810 2141287 836 942172 861 756179 886 1377404 887 0
1 3
5 1 1341 204 0.9829278896794136 0.13513603620293788 0
14 120 0 121 1339139 146 850799 172 1549558 197 1828401 222 2061702 248 1857505 273 2535949 299 2377003 324 2299681 349 1519744 375 1592850 400 1508645 401 0
2 4 6
6 3 790 269 0.9970792142158393 0.005826731622087078 0
32 44 0 45 775667 70 931673 94 513201 119 769028 143 801349 168 665731 193 733587 217 885869 242 640290 266 716461 291 898320 315 637639 340 895410 365 1312452 389 625438 414 1490180 438 1134232 463 1548458 488 2702499 512 2171369 537 2520286 561 2659742 586 3374958 610 2383093 635 1605852 660 1146821 684 1133526 709 989361 733 1233600 758 1199170 759 0
0
7 1 787 328 0.9957962010108286 0.07920105203330767 0
40 45 0 46 1587737 71 1213685 96 1957628 121 2054894 147 2532537 172 1853114 197 4163761 222 2582302 247 1527739 272 1420317 297 928791 322 694084 348 1073649 373 783258 398 719794 423 940411 448 939979 473 950234 498 1234743 524 996467 549 744635 574 928044 599 953688 624 1294448 649 2766640 674 3215320 700 3206342 725 2919687 750 3518881 775 2243254 800 2460517 825 2050659 850 2328768 875 1206825 901 1440350 926 653767 951 714593 976 669566 977 0
0
8 2 1301 336 0.9915875245208272 0.0006994218711929123 0
10 718 0 719 1029332 744 1226193 769 918726 794 932373 820 1150401 845 1345782 870 1084238 895 1025724 896 0
1 7
9 2 1325 362 0.986845327092324 0.003102052119544818 0
21 148 0 149 2544116 174 3993276 198 1748266 223 1706710 247 1213813 272 1485210 297 1104945 321 1064218 346 1636296 371 1740708 395 1188849 420 1218408 444 1336136 469 1186618 494 1327400 518 1554332 543 1898161 567 1851622 592 1179356 593 0
0
10 1 1274 86 0.9809702369132298 0.05570439646928969 0
27 333 0 334 25193 359 37812 383 43188 408 77867 432 102010 457 182626 481 167938 506 184328 531 217762 555 735548 580 756568 604 1218093 629 1151519 654 1633153 678 1474725 703 1945886 727 1739195 752 3511749 777 2776426 801 1640183 826 1774094 850 1512516 875 2620137 899 2031944 924 1979336 925 0
2 9 11
11 3 509 81 0.9888516173615919 0.12129035238015223 0
28 79 0 80 3015750 105 4886687 130 2679476 154 3002581 179 3382871 204 3769777 229 3009816 254 1836480 278 1484246 303 1459244 328 810877 353 346302 378 543074 402 643489 427 483536 452 457510 477 387392 502 359807 526 487026 551 209222 576 284548 601 347962 626 358137 650 398321 675 343211 700 154490 701 0
0
12 2 1496 401 0.9964918993787621 0.001957801536822962 0
20 410 0 411 978376 436 882094 461 513795 486 335088 511 434665 536 276478 561 588465 586 517971 611 393435 635 689256 660 586092 685 1101484 710 1474040 735 1555235 760 2961931 785 2549018 810 4858146 835 4793233 836 0
0
13 1 1247 53 0.9879283030961611 0.014399537367488429 0
18 201 0 202 1003663 227 1234465 252 1039851 276 1213368 301 1424591 326 1271671 351 2058081 376 2902963 400 1393557 425 2022747 450 828315 475 1019134 500 1278346 524 899021 549 475035 574 1087851 575 0
1 12
14 3 1352 102 0.9949682734065125 0.01331232507665867 0
41 43 0 44 3989421 69 3965918 93 4609004 118 3235276 143 3959971 168 3026154 192 2811724 217 1321986 242 1306339 267 1048772 291 568861 316 621821 341 647054 366 519265 390 509045 415 606897 440 594151 465 706998 489 648657 514 353845 539 187072 563 196597 588 140211 613 158486 638 184422 662 168461 687 184506 712 352882 737 434734 761 331542 786 293579 811 203205 836 156734 860 131889 885 144061 910 85642 935 124541 959 107739 984 245671 985 0
1 12
15 2 728 286 0.9881869048537261 0.12071852582037726 0
17 635 0 636 399459 661 494019 687 895209 712 1640215 738 1569197 763 1511988 789 1126430 814 1128696 839 1020814 865 958082 890 968288 916 1135857 941 1345644 967 1574283 992 2701487 993 0
2 12 13
16 1 1428 146 0.9915849114453686 0.05936980057966694 0
38 5 0 6 1273355 31 1898861 56 1600085 81 1960627 106 2052158 131 1619423 156 1093549 181 1108525 206 1116991 230 863245 255 577187 280 456190 305 387157 330 396945 355 334509 380 557186 405 667932 430 733828 455 707467 480 720026 505 902999 530 555134 555 572754 580 575413 605 834347 630 578370 655 509762 679 360742 704 511216 729 394891 754 606671 779 531696 804 1059012 829 1728701 854 1301425 879 1113850 880 0
0
17 3 1341 200 0.9993882050019685 0.10064281212507806 0
8 201 0 202 1881338 229 1396029 255 1071618 282 577377 308 443846 335 811936 336 0
1 16
18 1 971 279 0.9855792760520776 0.0007951235330995287 0
42 15 0 16 1460329 41 1381669 66 1484016 91 1291301 116 1843223 140 1695627 165 1336449 190 1211837 215 2018042 240 1310599 265 1229892 290 1155877 315 938052 340 770030 365 894217 389 1087135 414 1120454 439 1515341 464 1301022 489 1724244 514 2391801 539 2484678 564 1867923 589 1616400 614 932028 638 991191 663 1339288 688 1040237 713 711191 738 805279 763 942490 788 1169548 813 1002632 838 1528588 863 2338509 887 2086344 912 2622826 937 1955881 962 2747943 987 3121537 988 0
1 16
19 2 628 177 0.990668584947668 0.107850800938919 0
16 162 0 163 1087411 188 1357596 212 1526095 237 2279236 261 3614513 286 2709579 311 3249358 335 1906212 360 761833 385 684899 409 659262 434 635088 458 737025 483 826054 484 0
1 17
20 3 1082 134 0.9936501843213498 0.061155587859171516 0
35 50 0 51 513303 76 688343 101 819411 126 871617 152 1284852 177 1469645 202 1764344 227 2609481 252 2133058 277 3279598 303 2624378 328 3313017 353 4470280 378 3619088 403 3357427 428 3180229 453 1815327 479 1774136 504 1358650 529 1469167 554 1168640 579 1430535 604 1365560 630 1074721 655 648250 680 844650 705 767694 730 698732 755 469688 781 325606 806 183366 831 176548 856 238474 857 0
0
21 2 1299 34 0.9955707551611706 0.12907320893481108 0
14 226 0 227 2317480 251 1843454 276 1467974 300 562254 324 682029 349 1156726 373 1343996 398 932047 422 517929 446 488133 471 216343 495 138668 496 0
0
22 2 1054 170 0.9964921527903358 0.08317848325191048 0
42 24 0 25 194352 50 229845 75 267598 100 242775 125 309853 150 417994 175 377883 200 485589 225 617285 250 772611 275 1032304 300 598137 325 798305 350 418565 375 615899 400 975439 425 991476 450 1128633 475 734797 500 607262 524 510635 549 1383150 574 2153645 599 2200971 624 1998899 649 2117500 674 1519575 699 836095 724 601778 749 1222257 774 2140764 799 2868522 824 1354465 849 1207166 874 1964169 899 1635276 924 1188331 949 1511071 974 1769348 999 1775407 1000 0
0
23 3 1405 238 0.9880580795503765 0.08638905208608995 0
28 114 0 115 558093 140 770857 165 712504 190 762179 215 1089232 240 1570309 265 2296181 291 3157107 316 3057850 341 2462392 366 2256795 391 2614217 416 1695138 441 1265037 466 1669185 491 564867 516 782517 541 546026 566 836986 592 1310621 617 886570 642 1496059 667 2555651 692 2870106 717 1685561 742 2050932 743 0
2 22 25
24 1 1239 54 0.9992107369712646 0.012514673979401836 0
38 88 0 89 1354951 114 1766915 140 1784505 165 2448501 190 2772948 216 1017463 241 1149855 266 1019784 292 1952993 317 1526723 342 1350930 367 1528849 393 1318466 418 1065191 443 914703 469 945312 494 1269548 519 1688833 545 2457632 570 2395782 595 1462318 621 1253414 646 1328543 671 1602034 697 1006079 722 2498697 747 2645259 772 1749303 798 2054552 823 2475952 848 4366522 874 2485642 899 1924556 924 1354922 950 1116872 975 1121737 976 0
2 22 23
25 1 913 278 0.9844797649335222 0.08054890160850221 0
16 399 0 400 1029575 425 1565855 450 1546088 475 1230943 500 585088 525 478715 550 597597 575 690126 600 791160 625 1029475 650 1936625 675 1952040 700 1366312 725 2152840 726 0
0
26 1 691 100 0.9940856563689356 0.12163454162387864 0
35 174 0 175 855659 200 1104617 226 1060339 251 970082 276 1600940 301 3524444 327 3919444 352 2926414 377 1679871 403 1022752 428 720111 453 805768 478 901417 504 567929 529 658152 554 649339 579 863433 605 736877 630 519053 655 902377 681 889190 706 2424339 731 1827984 756 3418279 782 3019103 807 2183796 832 2021142 858 2144138 883 1624528 908 1504831 933 928893 959 1714285 984 1506197 985 0
0
27 1 1179 74 0.9894418959801404 0.006271432607985683 0
20 501 0 502 1544828 527 2002153 552 1583287 577 2173676 602 2140478 628 1956578 653 1371946 678 1578955 703 1258723 728 1162386 753 1099536 778 1165254 803 1272401 829 1054971 854 995203 879 1441666 904 1570392 929 1206072 930 0
0
28 1 1055 412 0.9893715967295362 0.06621514317369699 0
18 502 0 503 952730 528 1332176 553 797304 578 1071756 604 1643820 629 1123669 654 1622102 679 1384858 704 1440772 729 1795872 754 1553128 779 2175438 805 1649007 830 1577942 855 1313446 880 962429 881 0
0
29 2 590 388 0.989163152954441 0.07727628506220792 0
24 302 0 303 156260 328 163078 353 182183 379 292881 404 261237 429 206362 454 202841 480 179567 505 271059 530 199526 555 272990 581 769961 606 800415 631 787395 656 880513 682 932886 707 1106246 732 1365705 757 1353317 783 2285756 808 3038133 833 2010160 834 0
1 28
30 2 862 73 0.9844107966771006 0.13175597957289556 0
42 9 0 10 2528098 35 2217972 60 1708495 84 1867663 109 1565409 134 891833 159 862723 184 1544912 209 2038812 233 1844010 258 1314606 283 956163 308 1569467 333 1637312 357 1552735 382 1379657 407 3294104 432 3024813 457 3093866 482 2331554 506 804019 531 594458 556 811858 581 764632 606 745499 631 621474 655 1185942 680 864984 705 985405 730 1983743 755 3029068 779 2324508 804 1583193 829 1342178 854 925300 879 741946 904 259459 928 235341 953 235101 978 154370 979 0
1 28
31 1 644 281 0.986820198211161 0.02204154671605016 0
32 236 0 237 2095322 262 3383822 287 2782395 313 2288438 338 1584279 363 1530531 388 1906484 413 2374795 439 2833093 464 2596459 489 2352206 514 1889490 539 1886087 565 1822983 590 1948456 615 1634596 640 761369 666 774137 691 748715 716 354856 741 486449 766 811682 792 750023 817 321464 842 321502 867 361840 892 296521 918 363269 943 298401 968 207040 969 0
1 30
32 1 1254 206 0.9884335024278131 0.08679532730476727 0
17 595 0 596 1296420 621 1449146 647 970960 673 1179781 698 1222832 723 1626468 749 1130061 775 1400062 800 1573084 825 1235582 851 954282 877 757952 902 740850 927 757079 953 1366630 954 0
0
33 3 1445 202 0.9855260870580373 0.10075369385962024 0
19 102 0 103 1431527 128 1976344 153 2431990 179 1236095 204 1722206 229 2744899 254 2678624 279 1329875 305 1908386 330 2432631 355 2445005 380 2026785 405 1150252 430 1228138 456 1890803 481 1434402 506 2343942 507 0
1 32
34 3 777 337 0.9968338301074741 0.12328780776524262 0
25 158 0 159 801745 183 1499604 208 2154411 232 1949253 257 1337419 281 1191576 305 1292080 330 1170357 354 1122414 379 1980978 403 2361053 427 3066013 452 2372552 476 2037063 501 2140751 525 1670520 550 1355213 574 1559905 598 2027698 623 1151058 647 1537010 672 1796598 696 2327843 697 0
0
35 1 1444 288 0.9821615379710258 0.0484660289679145 0
25 394 0 395 811486 420 773180 445 930789 470 670853 495 955284 520 1577501 544 1872490 569 1581812 594 1099027 619 1290130 644 981302 669 1451539 694 1157770 719 1210736 744 925266 769 945659 794 944032 818 406809 843 607085 868 711970 893 1057609 918 1339227 943 1097842 944 0
1 34
36 3 902 338 0.9972837896294572 0.10255723633574747 0
33 44 0 45 576883 70 883393 94 2291595 119 1456966 144 1639700 168 2810973 193 2533363 218 2045004 242 2423122 267 1622801 292 1557395 316 930849 341 899883 366 607374 390 873362 415 488821 440 419517 464 401439 489 837457 514 1067075 538 1410952 563 1701953 588 1426452 612 1082037 637 940322 662 1274428 686 1575424 711 2309723 736 2908286 760 2047265 785 1536455 786 0
0
37 3 1111 303 0.9809423047152597 0.10880540904423219 0
42 7 0 8 1552364 33 1052224 58 982551 83 1092259 107 1049229 132 1039135 157 863239 182 877343 207 1010348 232 1129140 256 1150977 281 1155646 306 1169717 331 1691929 356 1800914 381 1666889 406 1864750 430 1865511 455 1777262 480 1664889 505 1962168 530 1316153 555 1125846 579 669715 604 739949 629 901108 654 632502 679 515287 704 632092 729 591408 753 796139 778 1029310 803 762044 828 1155735 853 1057421 878 1604129 902 1989797 927 1272798 952 1764092 977 1754656 978 0
1 36
38 1 818 291 0.9834614376961486 0.13477978383110864 0
27 34 0 35 366980 60 314037 85 368339 111 410919 136 664326 161 527401 187 785167 212 769345 237 979281 262 801653 287 1355646 313 1910356 338 2587297 363 2408464 389 3788894 414 2011900 439 1653086 464 2061156 489 2409498 515 2361691 540 3090693 565 2696230 591 969331 616 883698 641 811559 642 0
0
39 3 727 14 0.9987353572444271 0.056890145902064156 0
9 290 0 291 1855235 317 1927505 343 1400411 369 1988892 396 2329565 422 1756865 448 1843287 449 0
1 38
40 2 980 439 0.9833462550565157 0.09285480254727381 0
11 547 0 548 2168526 572 2160637 595 2153992 619 1415461 643 781604 667 855200 691 877113 714 639854 738 811269 739 0
1 38
41 3 755 87 0.9814224201517017 0.10260866484635899 0
16 29 0 30 2521188 54 1314212 79 970600 103 871733 127 1398411 152 1429256 176 1517017 200 1584459 224 1501166 249 1286642 273 1621679 297 2903109 322 1883025 346 2333798 347 0
2 38 40
42 1 1497 265 0.9922477485698605 0.10563196903094856 0
27 331 0 332 321359 357 344808 383 345002 408 300255 434 209926 459 366598 485 202431 510 282042 535 458810 561 487441 586 292260 612 375231 637 518634 662 882257 688 1452732 713 1237478 739 1528130 764 1671523 789 2263940 815 2870229 840 3901864 866 4933848 891 3799171 917 3677836 942 1373821 943 0
0
43 1 1255 88 0.9923959505707483 0.1197028141084305 0
33 135 0 136 717504 161 819969 185 807130 210 794871 235 393019 259 568870 284 561282 309 494761 334 433000 358 498232 383 496388 408 483616 432 959092 457 1284029 482 1256167 507 815345 531 855814 556 655284 581 884003 605 979189 630 1257044 655 2216446 679 1949074 704 1493665 729 1197619 753 1385115 778 1209312 803 1279504 828 1051578 852 1193448 877 1316910 878 0
2 42 44
44 1 635 171 0.9910036139451082 0.060477039299348355 0
8 231 0 232 3743518 255 1783504 279 1163003 302 1406834 326 1035827 349 710415 350 0
0
45 3 1490 331 0.9863365131817761 0.04981165915448206 0
19 392 0 393 2843070 418 2422749 443 2378754 469 1521460 494 3175237 519 2225492 545 1837534 570 2363977 595 1911265 620 1085189 645 1047813 671 925547 696 728479 721 965915 747 830354 772 621934 797 544937 798 0
1 44
46 1 545 233 0.9914482000543633 0.1363808864232401 0
31 29 0 30 1407408 55 1570902 80 1098819 105 1560272 130 1496757 154 1368202 179 1686321 204 1250460 229 1237798 254 1438063 279 2048223 304 2153590 329 1587134 354 1600544 379 1873602 403 1219963 428 1004631 453 1170938 478 770569 503 1201784 528 1490824 553 1682601 578 1344974 603 1469993 627 1336482 652 1438595 677 1076809 702 752889 727 651334 728 0
0
47 2 1012 83 0.9851852562478968 0.14852569885496966 0
27 17 0 18 1216508 43 978281 67 1131083 92 1513353 116 1446775 141 1892245 165 1451267 190 1419160 215 1656228 239 1243834 264 1090690 288 1247472 313 555588 338 589380 362 491202 387 684706 411 684510 436 359105 461 369976 485 302439 510 206315 534 237836 559 140773 583 155248 608 235407 609 0
0
48 3 1231 231 0.9967348375576716 0.1442630070102036 0
14 399 0 400 248414 426 271579 452 363324 478 521170 504 743122 530 676007 556 1202567 582 1842418 608 1497642 634 2454356 660 2091303 686 2147273 687 0
1 47
49 1 541 274 0.9885283353411951 0.023152831212234205 0
41 17 0 18 2766694 43 2226388 68 2664763 93 3043691 119 2529724 144 2327832 169 1510627 194 1477847 219 1620085 244 1046898 269 967798 294 1095712 320 1196306 345 1485648 370 1096089 395 944837 420 1689810 445 1475637 470 1023650 495 701067 521 630840 546 599183 571 994882 596 1389918 621 1650592 646 1321190 671 995581 697 1607296 722 861478 747 958730 772 1428730 797 1052275 822 868159 847 1639494 872 1018520 898 1547900 923 1312268 948 1190981 973 2041289 974 0
0
50 2 1076 291 0.9970405204965634 0.04643083251891607 0
38 19 0 20 2660291 45 3288194 70 1919425 95 1792700 120 1225935 145 1002508 170 912588 195 1177411 220 1059587 245 666391 270 437420 295 424132 320 467976 345 489133 370 552238 395 597896 420 620671 445 598307 469 450992 494 336949 519 627956 544 824584 569 788104 594 1276763 619 618445 644 708671 669 1222922 694 1296702 719 1310359 744 2309505 769 2589675 794 1899255 819 1752824 844 1673411 869 1695384 894 1284906 895 0
1 49
51 1 528 389 0.9988062087095222 0.029343910592752667 0
33 83 0 84 917518 109 560589 134 815057 159 635649 184 657108 209 797128 235 1439499 260 1417409 285 1676146 310 1455818 335 1663622 360 1439617 385 1423195 410 1239764 435 2038926 461 1440488 486 1361761 511 880622 536 1566184 561 1241625 586 1753530 611 1769811 636 2005811 661 1792656 686 2337769 711 2263271 737 1785599 762 2095756 787 3722598 812 2204547 837 2645289 838 0
0
52 2 732 66 0.9999303534776922 0.11081283683497531 0
37 72 0 73 1607563 98 1113713 123 810462 148 650898 173 407283 198 196332 223 200365 248 256343 273 278887 298 322117 323 403937 348 516943 373 375336 398 485376 423 509601 448 563388 473 1008319 498 1456525 523 1945310 548 1611135 573 796172 598 862993 623 953860 648 1231419 673 1623923 698 2100720 723 1318873 748 2888839 773 5407628 798 2811302 823 3260451 848 2207144 873 2649874 898 4173092 923 3960353 924 0
1 51
53 3 827 83 0.9861138044511071 0.11363694065243116 0
35 44 0 45 852082 70 870271 95 1131294 120 1336145 146 1721146 171 1597423 196 1477535 221 1266091 246 1178659 271 1564997 297 2077391 322 3397309 347 3972103 372 4193074 397 2859974 422 3272716 447 2442949 473 1693817 498 1465371 523 1018857 548 1377802 573 798557 598 1065785 624 572346 649 587526 674 485906 699 307064 724 501051 749 538716 775 300173 800 250439 825 241674 850 219447 851 0
1 51
54 2 1346 405 0.9814942410938273 0.04387063531995919 0
34 149 0 150 2275033 175 2133705 200 1875314 225 1251074 250 1015752 275 1370624 301 1523682 326 1178955 351 2511980 376 1252952 401 1149842 426 1743814 451 1285014 476 1173948 501 1053222 526 972886 552 573225 577 328944 602 345586 627 406239 652 439607 677 423387 702 442635 727 646482 752 317014 777 320377 803 391694 828 249304 853 184351 878 230033 903 243434 928 138207 929 0
1 52
55 3 1340 309 0.9858771893742512 0.02522485777332025 0
13 673 0 674 942198 699 1710225 724 1667490 750 1155778 775 845563 800 947810 825 1097299 850 486137 876 383321 901 486004 926 521949 927 0
0
56 2 701 143 0.984507713318344 0.08926053810225251 0
33 140 0 141 285381 166 212216 191 445831 216 490140 241 398841 266 606225 291 1126206 316 870389 341 907820 366 1549520 391 1657630 416 2254051 441 4032544 466 5276421 491 2036210 516 1383694 541 2017840 566 1509216 591 670255 616 1052377 641 694946 666 827189 691 602629 716 390570 741 594934 766 431680 791 507030 816 575845 841 447902 866 444106 891 336390 892 0
0
57 1 1357 413 0.9805139466548168 0.015636124590809736 0
35 93 0 94 384137 119 714530 145 580860 170 596424 195 585059 220 630755 246 878089 271 910040 296 793080 322 522458 347 446656 372 950394 397 1211491 423 1462311 448 1463479 473 1901101 499 2020334 524 2315402 549 2103092 574 1742479 600 1822452 625 1526160 650 1712289 675 1042456 701 1299998 726 775569 751 551927 777 483185 802 597006 827 395446 852 234988 878 226109 903 210459 904 0
2 56 58
58 2 1472 18 0.9999417891922323 0.029085245690269206 0
25 187 0 188 416597 213 155640 238 295061 263 302211 288 295455 313 304404 338 428434 363 272171 388 197068 413 301461 438 298477 463 516221 487 1041726 512 1685870 537 1532262 562 1464392 587 1224624 612 816130 637 1107320 662 2355390 687 2531228 712 2805567 737 2284840 738 0
0
59 3 789 300 0.9988268217668054 0.061155650019144685 0
31 276 0 277 1220344 302 921560 326 694037 351 563756 376 671523 400 504000 425 662983 450 529450 474 498107 499 892661 524 626306 548 691164 573 1345784 598 1030508 623 1430494 647 1314877 672 1156863 697 1968021 721 2449281 746 2368719 771 3114333 795 2529881 820 1682007 845 1839574 869 2547910 894 2317344 919 2558162 943 2835146 968 3910147 969 0
0
60 1 1364 124 0.9954661349180017 0.0918681327600095 0
26 400 0 401 2883315 426 2485318 451 3629255 476 3345778 501 1819707 526 1368736 550 882099 575 1922512 600 2611741 625 1676499 650 1249184 675 1245753 700 901914 725 672637 750 629337 775 502887 800 498739 825 541700 849 404598 874 357495 899 393707 924 513727 949 362373 974 231166 975 0
1 59
61 3 1330 284 0.9946812372170304 0.004864029182253237 0
26 46 0 47 553474 72 885493 96 797567 121 441103 145 299927 170 346291 195 341541 219 218258 244 252913 268 173521 293 222796 318 181294 342 371706 367 310143 392 509220 416 547246 441 1276553 465 1943903 490 1892187 515 2539576 539 3505124 564 3755270 588 3571193 613 3929090 614 0
0
62 3 1292 246 0.9808548118438071 0.054613677422948335 0
22 308 0 309 1822837 334 1763915 359 955998 384 1045985 409 973679 434 904212 459 1312273 484 1260238 509 2088225 534 1174159 558 874950 583 821333 608 736857 633 1442870 658 2076287 683 1174141 708 1823737 733 1669253 758 1982514 783 1305398 784 0
1 61
63 2 1201 344 0.9975578209375392 0.09949372949823913 0
35 122 0 123 644779 148 564486 173 831150 197 982123 222 1172442 247 788315 272 858323 297 829880 321 598526 346 600450 371 1117349 396 1099669 421 1442817 446 2034288 470 1382557 495 1722640 520 1071833 545 1026042 570 1094562 594 1441088 619 1887775 644 3568958 669 2561382 694 2353824 719 2987049 743 2457529 768 1793408 793 2219265 818 1394508 843 1449575 867 1675650 892 1254022 917 771127 918 0
0
64 1 539 227 0.9813180274922262 0.08867360701062209 0
14 276 0 277 1015756 302 1145158 327 1147939 353 1067984 378 1667537 403 1524130 428 1642933 453 1722009 478 2490510 504 2086145 529 2569757 554 3221295 555 0
1 63
65 3 1471 336 0.9975063274527637 0.005784393501257551 0
32 80 0 81 1159041 106 2149253 130 1427948 155 2805327 179 2620416 204 4216176 229 3910449 253 3472865 278 1671112 303 801870 327 754024 352 1108720 376 958468 401 716390 426 812179 450 946282 475 1031490 500 1113448 524 620803 549 356848 573 487394 598 491997 623 416354 647 505222 672 645983 697 678044 721 567220 746 331623 770 476383 795 312694 796 0
1 63
66 3 586 423 0.9942719747851549 0.12533448254200422 0
8 114 0 115 1427627 141 1350071 168 1822665 194 791577 221 821283 247 773965 248 0
0
67 2 1149 228 0.9951833297388405 0.03277575905925848 0
25 55 0 56 3050705 81 2608997 107 2913888 132 3039313 157 2118166 183 1476238 208 1041588 234 662605 259 847554 284 777559 310 1278741 335 796598 360 689656 386 599131 411 420460 436 170526 462 176819 487 248298 513 214813 538 171900 563 141022 589 270677 614 295688 615 0
0
68 3 744 23 0.9816692708321193 0.10515776094110364 0
22 368 0 369 1568778 393 2366731 418 2316732 442 2242080 467 1705763 491 2095714 516 2171932 540 2125159 565 1969800 589 1397062 614 1426127 638 1460348 663 792960 687 1068294 712 1102293 736 1617274 761 1329255 785 1244740 810 1876321 834 1712566 835 0
0
69 2 1466 50 0.9932616664087769 0.0683269984528568 0
25 30 0 31 597353 56 428378 81 587545 105 879939 130 833306 155 716470 180 733009 204 675394 229 842529 254 1524957 279 2041276 303 1221166 328 1155731 353 1946797 378 2548512 403 1511508 427 1754091 452 2222226 477 2183028 502 2349029 526 1583218 551 2196810 576 3152858 577 0
1 68
70 3 696 391 0.9873633678652337 0.12592046405917498 0
36 131 0 132 1870965 157 1288785 182 837821 207 1563106 232 1144868 257 1358088 282 1437432 307 1747110 332 933870 356 1074335 381 1274904 406 1381158 431 1870334 456 2434082 481 2317823 506 2201958 531 1997402 556 1962817 581 1505322 606 1931903 631 1210732 656 1130845 681 1093914 706 903530 731 1513225 755 967232 780 682503 805 512098 830 333161 855 295750 880 325335 905 468875 930 394948 955 138386 956 0
0
71 2 1059 201 0.9982805764089682 0.03993042678468669 0
36 149 0 150 47654 175 63106 200 55554 226 149558 251 133102 276 265498 301 221582 326 308052 352 220275 377 652612 402 1015415 427 1395311 453 1845083 478 1665603 503 2117223 528 2669554 553 1590992 579 1582685 604 1837716 629 1584653 654 1187359 679 1570492 705 1484510 730 1451798 755 1230872 780 1451301 806 1283430 831 1283138 856 907245 881 778197 906 551436 932 948905 957 1164500 982 1289368 983 0
0
72 1 1048 243 0.9996511003417002 0.003856505645361513 0
37 111 0 112 3847505 137 2408586 162 2078121 188 1916136 213 1600985 238 972272 263 727232 288 707767 314 990111 339 843586 364 1282757 389 1218905 414 967613 440 1115450 465 816613 490 887447 515 537307 541 417898 566 532332 591 730714 616 460265 641 585971 667 829423 692 1190785 717 830003 742 607385 767 699400 793 713492 818 715318 843 380405 868 419570 893 328618 919 118222 944 150199 969 119514 970 0
0
73 2 1141 315 0.9911546643860001 0.0459008699428059 0
42 6 0 7 4759540 32 4097291 57 2900390 82 5376079 107 2414913 132 1166669 157 875376 183 1643197 208 978396 233 914015 258 805375 283 635600 308 988241 333 1206937 358 565003 383 1039837 408 790635 433 1108207 458 844883 483 752093 509 809337 534 822425 559 1093635 584 1042120 609 954868 634 1068092 659 1117263 684 813642 709 768341 734 852644 759 984348 784 1258248 809 1447488 835 2221006 860 1961832 885 3379170 910 3838456 935 2750052 960 1274384 985 1032632 986 0
0
74 2 1096 299 0.9898019467626685 0.12789388965733184 0
41 11 0 12 98598 37 151613 62 269332 87 369254 112 317265 137 414882 162 675710 187 455633 212 651771 237 384845 261 423305 286 793989 311 1872997 336 1341904 361 865452 386 829365 411 893133 436 1033368 461 1428214 486 1095591 511 1103932 536 896364 561 567318 586 316191 611 518516 636 316456 661 629383 686 1016690 711 725338 735 858710 760 1366425 785 2585937 810 2555959 835 1418972 860 2797927 885 4825834 910 6254493 935 2954094 960 3869456 961 0
2 73 75
75 3 815 308 0.9879081948367379 0.09942679152326589 0
43 0 0 1 6513679 26 4469622 51 3969516 76 4603986 101 1652018 126 1481298 151 1329256 176 912719 201 939139 226 719900 251 567576 276 868826 301 883038 326 531818 351 419636 376 196493 401 229301 426 347529 451 521639 476 422181 501 405069 525 229610 550 203294 575 153933 600 295874 625 356864 650 309301 675 391387 700 337543 725 413435 750 384189 775 322843 800 329403 825 209279 850 224130 875 177486 900 337748 925 468476 950 1304389 975 1065061 1000 587291 1001 0
0
76 2 1245 294 0.9985978620838367 0.11790943321191816 0
33 192 0 193 453969 218 913780 243 1167480 267 1016927 292 1394399 317 1392537 342 2140780 367 2572574 392 2635542 417 2483627 441 2890510 466 2175657 491 2215927 516 2194124 541 1885498 565 2252036 590 1979102 615 2047551 640 1642705 665 1394129 690 1715335 715 1663221 739 2219779 764 2491980 789 1742511 814 1677299 839 2287233 863 1659021 888 860744 913 1038111 938 1058673 939 0
1 75
77 1 1310 289 0.9895628059766893 0.04528043910226679 0
43 8 0 9 1106536 34 1121547 58 1006524 83 478355 108 508933 133 564217 157 564684 182 1249220 207 1464338 231 1934986 256 3446250 281 4296407 305 2553194 330 1397641 355 1538149 379 1009807 404 847913 429 1074664 454 677440 478 722473 503 482963 528 544012 552 387085 577 474698 602 603260 627 605496 651 630543 676 605112 701 688327 725 822971 750 611530 775 716047 799 742758 824 625480 849 537822 873 375689 898 260621 923 148612 948 204073 972 286638 997 293232 998 0
0
78 2 786 11 0.9844639354389841 0.1261560048886862 0
30 169 0 170 819209 195 667550 220 759292 244 1210735 269 1735230 294 1419963 319 2593565 343 1494274 368 933143 393 927535 418 724199 443 456869 467 490510 492 731692 517 1019259 542 874138 566 1361939 591 1519826 616 2460330 641 2785948 666 3472137 690 3028187 715 2070073 740 3010162 765 2896305 789 2771782 814 2269830 839 1755829 840 0
0
79 3 1420 388 0.9979954314919166 0.14852738275977503 0
35 134 0 135 2172266 160 1340595 185 905739 210 784389 235 1266243 259 667585 284 817066 309 517792 334 1378209 359 1428503 384 1337921 409 793592 433 999325 458 1232127 483 2266185 508 1216710 533 1052421 558 1172536 583 953839 608 1017664 633 1207973 657 1078957 682 1126210 707 1461282 732 1234599 757 1809707 782 1132452 807 454889 831 556495 856 519076 881 347753 906 401787 931 348813 932 0
2 78 80
80 3 1491 99 0.9904304241392999 0.03278744990468172 0
23 279 0 280 1234050 305 1351437 331 1925104 356 3349714 382 3102279 407 2612432 432 1072187 458 1594565 483 1370952 509 1378407 534 1178183 559 1432285 585 1944826 610 1741594 636 1779088 661 2354924 686 1730482 712 2325904 737 1634265 763 1428730 788 1321407 789 0
0
81 2 1052 82 0.9954297417625573 0.07096852029181616 0
10 75 0 76 2151232 100 2875388 123 2130942 147 1578643 170 1403210 194 1670917 217 890614 241 774838 242 0
0
82 2 658 233 0.9921529067788881 0.026376207802448363 0
40 28 0 29 220387 54 128787 79 143300 104 155428 129 192411 153 339545 178 403010 203 466877 228 625977 253 1141827 278 1179084 303 1451219 328 1748960 353 1510078 377 2043843 402 1307080 427 1298648 452 999332 477 1468894 502 1095226 527 695556 552 708381 577 760971 602 798330 626 685902 651 1056429 676 837694 701 1612237 726 1232080 751 2107459 776 2180321 801 2951549 826 2780709 850 2085349 875 3183512 900 2346245 925 2108770 950 3034708 951 0
1 81
83 3 955 66 0.9894460726274215 0.14180147174050092 0
33 12 0 13 64732 38 47803 63 31949 89 32101 114 26946 139 20394 164 19819 190 18965 215 35285 240 28103 265 42924 291 33210 316 43075 341 83798 366 103270 391 97071 417 169746 442 310917 467 413877 492 479974 518 618740 543 637562 568 771817 593 918010 619 1170501 644 1529011 669 1298355 694 1481237 720 3205746 745 2281390 770 4068705 771 0
1 82
84 1 1075 121 0.9833672984895706 0.05513974985350251 0
25 226 0 227 77524 252 133700 278 141147 303 154475 329 201212 354 232221 379 400327 405 693195 430 528036 456 882209 481 986952 507 1029601 532 1452058 557 996398 583 998703 608 1335911 634 1178073 659 1006822 684 1069525 710 1033135 735 2222512 761 2471356 786 1995045 787 0
0
85 3 769 412 0.9856491241571538 0.08195328344572213 0
19 69 0 70 733896 95 894980 121 848780 147 565287 172 406962 197 811779 223 714587 249 1406405 274 2098388 299 1790795 325 2057000 351 2263415 376 2415577 401 3256047 427 3323921 453 2603341 478 2505185 479 0
1 84
86 3 551 63 0.9974684249329946 0.09930955954415195 0
22 226 0 227 3616903 252 1603512 278 1078762 303 1275800 329 1187604 354 1131691 380 2152247 405 925053 430 574526 456 221543 481 257254 507 295766 532 295030 557 276605 583 200715 608 262886 634 292446 659 499632 685 348881 710 326803 711 0
1 84
87 3 1152 31 0.9839342425311516 0.08426158333031182 0
37 31 0 32 2228304 57 1337699 83 1119507 108 1280017 133 1123654 158 1690661 184 1322063 209 1308349 234 2046798 259 2443903 285 2730286 310 1926434 335 1084600 360 823612 386 1635340 411 950479 436 673089 461 807857 487 917272 512 1005214 537 990296 563 746961 588 943913 613 995019 638 1219048 664 1154579 689 950598 714 1292126 739 782845 765 1080940 790 1750546 815 2523134 840 5088656 866 3927893 891 3884497 892 0
1 86
88 3 1335 415 0.9902783968973843 0.049014198436834036 0
8 574 0 575 1258945 602 1889945 628 1990579 655 1752802 681 1789269 708 2711684 709 0
0
89 2 1266 160 0.9990496339936272 0.037389321261682776 0
10 778 0 779 604393 802 974304 825 1173173 848 2004794 872 2152337 895 2695462 918 1791895 941 1685530 942 0
0
90 3 517 250 0.9961873986574721 0.12506695075544721 0
26 99 0 100 2731209 125 2017347 150 2521796 175 1611764 201 1607166 226 1720631 251 1422671 276 1297265 301 1097919 326 683677 351 640203 376 351792 402 333547 427 407241 452 466128 477 521431 502 783446 527 416747 552 193192 577 192431 603 302406 628 268501 653 214801 678 295854 679 0
2 89 91
91 2 1084 350 0.9892368691817748 0.05192209819567573 0
17 501 0 502 1762547 527 1253707 551 1782343 576 1268159 601 1525346 626 1128824 650 635905 675 758564 700 809905 724 944609 749 1374941 774 1958962 799 2511996 823 2872012 848 3806490 849 0
0
92 1 569 333 0.9889856101058055 0.054384352376872176 0
8 296 0 297 2286912 322 1165686 347 1426258 371 1973179 396 3121125 421 1304769 422 0
1 91
93 2 913 49 0.9822704303052117 0.08063693994179738 0
20 306 0 307 716062 332 976585 357 1022421 383 1149237 408 1150023 433 2024110 458 1918370 484 1821536 509 1166922 534 916919 559 695232 585 1122350 610 1191525 635 1101265 660 2695728 686 1996734 711 2030434 736 1707522 737 0
0
94 1 1217 308 0.9994707180803892 0.11926380487097 0
8 189 0 190 1065992 216 784749 242 1494633 267 1129852 293 1243112 319 2203198 320 0
0
95 3 1295 401 0.9860221420273809 0.03805245936000517 0
26 223 0 224 3276466 249 2543662 274 1896172 299 1017979 325 1255340 350 2201267 375 1120603 400 1428858 425 1709032 450 1594577 475 1105564 500 727580 526 494517 551 906643 576 1000950 601 1122654 626 1168105 651 998233 676 1083493 701 1159489 727 1690218 752 1794783 777 2144444 802 1350518 803 0
0
96 3 751 31 0.9960874211912674 0.09729179455191163 0
33 161 0 162 434857 187 389734 211 345245 236 531141 261 522427 286 898632 310 1137123 335 1033306 360 577768 385 545398 409 570867 434 882217 459 872618 484 1001161 508 929603 533 956610 558 759296 582 923328 607 1527249 632 2004727 657 1686199 681 1442166 706 1775677 731 2372292 756 2925050 780 2585978 805 3647770 830 3827351 855 3890269 879 3640653 904 4030669 905 0
0
97 1 820 166 0.9982816363701185 0.05152930213368771 0
24 169 0 170 3192282 195 1465284 220 1924544 244 2529344 269 1210558 294 1613401 319 2225292 344 2908986 368 2127846 393 2009957 418 1440248 443 1485396 468 1155061 493 1137540 517 897331 542 747431 567 598547 592 677045 617 575123 641 466519 666 456606 691 814176 692 0
1 96
98 3 577 35 0.9936405637982579 0.09165075187194212 0
15 487 0 488 278290 513 353757 539 400569 565 618461 590 939406 615 946480 641 1058474 667 803282 692 747747 717 1278051 743 1935713 769 2090851 794 2358892 795 0
0
99 3 812 156 0.9980427222948662 0.12872787095725283 0
15 170 0 171 3030461 195 2319283 220 2234376 244 1855143 269 1158629 293 1452485 317 1728913 342 1305103 366 870587 391 526335 415 595658 440 542677 464 622279 465 0
1 98
100 1 1053 336 0.9840404365378449 0.09390984987782346 0
40 58 0 59 980629 84 1260761 109 1208601 134 648879 159 714261 184 923040 209 907578 234 1432417 259 752525 284 992053 309 952130 334 1393024 359 2319468 384 1752193 409 1482202 434 754518 459 536501 484 1144433 509 1652663 533 2419768 558 2679870 583 3562885 608 4063513 633 2214926 658 1324952 683 1328200 708 1588694 733 1023630 758 355367 783 612344 808 687560 833 495267 858 416775 883 345609 908 145880 933 294158 958 323087 983 296877 984 0
1 99
101 2 1458 421 0.9995006362993948 0.0824470184888076 0
25 113 0 114 1174435 139 610118 163 1464564 187 2253525 212 3336754 237 3080300 261 1974889 285 1873829 310 2289130 335 1355010 359 1957245 383 2202309 408 1387850 433 1471516 457 1489471 481 1399597 506 1298754 531 1444092 555 1455416 579 1013545 604 1411356 629 1401585 653 1450855 654 0
0
102 2 1304 106 0.9849326295341588 0.010985529173061575 0
32 115 0 116 1707812 141 1096702 165 2709918 190 2566065 214 1947795 239 2382046 263 2746333 288 1724239 312 2602794 337 2387454 362 1326518 386 844392 411 1049886 435 956788 460 1438018 484 760246 509 556194 533 739733 558 523107 582 404909 607 498434 632 434469 656 333260 681 316635 705 409380 730 263108 754 237122 779 345029 803 237293 828 238068 829 0
0
103 3 1117 14 0.9877670524056499 0.0282602848576769 0
27 270 0 271 271522 295 540244 320 533699 345 498066 369 645676 393 460230 418 708332 443 565416 467 480337 491 583622 516 952099 541 775561 565 1297868 589 783458 614 914883 639 642416 663 907247 687 1105693 712 1555063 737 2023324 761 2459419 785 2100139 810 2644712 835 2612106 859 1879647 860 0
1 102
104 1 570 103 0.9994218439755199 0.021058223391725518 0
21 206 0 207 561593 232 887486 256 1313754 281 969603 305 725299 330 610844 355 591886 379 760762 404 990810 429 1407857 453 2401958 478 1852988 502 963121 527 701483 552 1125599 576 1312657 601 1255079 625 1634264 650 1140302 651 0
0
105 3 688 320 0.9826235072168996 0.14339669489197793 0
17 554 0 555 1184856 580 1193508 605 1179151 630 992847 656 891614 681 776661 706 840534 731 725669 756 736039 781 715085 806 628604 832 941783 857 813188 882 1151020 907 2289817 908 0
1 104
106 2 1369 52 0.9948471357684024 0.01684022192772251 0
38 68 0 69 425282 94 615254 119 610253 144 639064 169 536220 194 427149 218 457357 243 578606 268 437108 293 594215 318 512562 343 461715 368 474932 393 463468 418 663098 443 748328 468 822645 493 689268 517 1048881 542 1513327 567 1021389 592 867242 617 1099541 642 733222 667 1571951 692 1602442 717 2152529 742 1436412 767 1164104 792 1140751 816 858855 841 1452981 866 1100701 891 1240209 916 1286473 941 3720444 942 0
0
107 1 992 120 0.9830504189222452 0.08713260276592523 0
12 474 0 475 1987946 500 2074730 526 1872615 551 2428304 577 1184143 602 1351068 628 1274338 653 917299 679 545562 704 461627 705 0
2 106 108
108 2 749 170 0.9816688237372382 0.13313593680022512 0
22 182 0 183 3430449 208 1789121 232 1991893 257 1755233 281 1723006 306 1566361 330 808007 355 635812 380 747048 404 431509 429 309776 453 295680 478 331411 503 433418 527 448131 552 317382 576 459031 601 325795 625 365695 650 306063 651 0
0
109 1 807 311 0.9928317084578129 0.05120037015917182 0
36 30 0 31 2261564 56 3096042 80 2599958 105 1740871 129 1448903 154 1171826 179 1511857 203 1610893 228 1550424 252 1340949 277 1431938 302 1143938 326 1142126 351 1312174 375 775657 400 620071 425 343387 449 328190 474 266054 499 214266 523 161973 548 111887 572 146591 597 147109 622 151443 646 126675 671 75515 695 38093 720 41591 745 40429 769 58052 794 41589 818 44492 843 42009 844 0
1 108
110 1 888 6 0.9811722970874046 0.06530186975310916 0
34 147 0 148 963157 173 663192 198 848686 223 1071405 248 1523669 273 1311491 298 1491689 323 1142778 347 1609081 372 1262833 397 1402634 422 1220934 447 1061209 472 2073122 497 1591859 522 918264 547 1291389 572 1038002 597 1173150 622 768017 647 512947 672 626074 697 646080 722 678297 746 905122 771 516164 796 519987 821 1260046 846 1138380 871 531173 896 715042 921 909893 922 0
0
111 3 1019 443 0.9884142487244055 0.07843676631049663 0
39 55 0 56 565796 81 758298 106 1225784 131 2017651 156 3101678 181 2749800 206 3262335 231 2608769 256 1968045 281 1719066 306 1748067 331 1560199 356 1327899 381 1293693 406 857145 431 780278 456 696372 481 994344 507 1355002 532 1324904 557 1311820 582 1050240 607 604787 632 582488 657 558821 682 343470 707 318995 732 534618 757 607257 782 622692 807 749212 832 829144 857 698024 882 969566 907 956389 932 981996 957 800565 958 0
1 110
112 2 550 258 0.9851728397934617 0.12860229289718844 0
11 760 0 761 804452 784 950063 808 975942 831 839873 855 857206 878 870239 901 1459191 925 1067835 948 1138641 949 0
2 110 111
113 3 1045 125 0.9982153627711924 0.00964622717079182 0
41 7 0 8 501660 33 547537 58 397838 84 322722 109 247787 134 219132 159 138758 184 110685 210 110711 235 219121 260 136005 285 131609 311 241524 336 353939 361 233082 386 458554 411 417954 437 483039 462 448739 487 406367 512 869620 537 714622 563 676030 588 1003662 613 1007356 638 1190646 663 912133 689 1051666 714 1099323 739 1514011 764 2500776 790 4964125 815 4373696 840 3580697 865 2118235 890 2239977 916 3346560 941 3508667 966 2913843 967 0
1 112
114 2 958 245 0.9956769454306805 0.09030597353682028 0
39 67 0 68 494377 93 489675 118 621452 142 580836 167 876746 192 1399948 217 1037360 241 735469 266 517565 291 602625 316 583559 341 1029376 365 728369 390 757029 415 619505 440 689044 464 860666 489 1342735 514 672168 539 976359 564 769705 588 458825 613 514454 638 1041731 663 1162173 687 929181 712 1489825 737 1713611 762 1276524 787 918068 811 696967 836 983576 861 2113792 886 2739014 910 1359515 935 910319 960 647261 961 0
0
115 1 758 48 0.99923088172323 0.1322682632636549 0
20 26 0 27 2187778 51 2257557 76 2954102 100 2084459 125 2689150 149 3360620 174 2314631 198 2513532 223 1506637 247 1241084 272 1824438 296 1283200 321 1288726 345 1501828 370 1626742 394 997988 419 1113520 443 904829 444 0
1 114
116 3 701 237 0.9923872204043477 0.13347839909731282 0
35 95 0 96 1582602 121 1428946 147 1159965 172 872285 197 1214167 222 1050785 248 1191693 273 1799614 298 1905777 324 1347781 349 1648350 374 1592361 399 1743608 425 1891768 450 1167369 475 1471945 501 1094867 526 1305170 551 1738699 576 2349033 602 3649987 627 3191676 652 1574627 677 2281835 703 2327879 728 1599880 753 1914399 779 2328057 804 2704976 829 2229847 854 1647202 880 850095 905 601969 906 0
2 114 115
117 3 1454 418 0.987645444083284 0.012151244922217823 0
41 3 0 4 808478 29 985950 55 1260435 80 1127652 105 1018283 130 721987 156 891041 181 751790 206 765686 231 760114 257 1222522 282 581383 307 462104 332 380049 358 486217 383 429522 408 732284 433 507535 459 615513 484 885285 509 936138 535 1824593 560 1713742 585 2780216 610 1262686 636 2010188 661 1579330 686 1325529 711 1311550 737 1654849 762 924460 787 843920 812 722215 838 373004 863 336409 888 341881 913 579825 939 540867 964 486877 965 0
0
118 2 1154 170 0.9909313415859287 0.09591646774436087 0
19 443 0 444 3143572 468 4167764 492 1960919 517 2352237 541 1444913 565 1057625 589 1251639 613 1034893 637 2009563 662 1671561 686 1162249 710 764850 734 549379 758 923258 783 1795259 807 1334153 831 712939 832 0
0
119 1 524 101 0.9842917050699277 0.11322918515890532 0
39 1 0 2 381541 27 627853 52 285828 77 225411 102 230128 127 212143 152 320647 177 411778 202 464166 227 534417 252 761319 277 655448 302 1103005 327 800982 352 859655 377 1003722 402 1268496 427 1149885 452 1597941 477 1418397 502 1657585 527 2602389 552 1944790 577 2199671 602 2663839 627 2063291 652 1671293 677 1663736 702 1906579 727 1938703 752 2089810 777 1586914 802 1514315 827 1269371 852 1170565 877 1921465 902 1333676 903 0
1 118
120 3 1372 343 0.9858268264569132 0.08324464233112727 0
9 846 0 847 1748690 870 2697551 893 2098665 915 964471 938 871367 961 944996 984 1196995 985 0
1 119
121 2 1448 174 0.9935046961137038 0.0469133543013749 0
33 141 0 142 6698727 167 5254407 191 2967134 216 3095429 240 1967526 265 1553022 290 1884473 314 1525934 339 1191401 363 1043082 388 809184 413 626550 437 334667 462 324077 486 324803 511 291723 536 289745 560 290878 585 211351 609 309162 634 291019 659 251813 683 283842 708 231507 732 358148 757 304490 782 173768 806 94028 831 41638 855 37950 880 35230 881 0
0
122 1 693 80 0.9801795791968122 0.11098700694667467 0
39 88 0 89 1908447 114 1470397 139 901639 165 689716 190 520773 215 665805 241 604481 266 945158 291 804131 316 586362 341 1052337 367 1004129 392 1393430 417 1226813 443 1095803 468 774570 493 1372636 518 1597176 543 1407989 569 950303 594 1505987 619 1820719 645 1150307 670 1133089 695 2151768 720 1628995 745 2502829 771 1681796 796 1523343 821 1050066 847 485493 872 902625 897 867743 922 631965 947 821134 973 1071860 998 1355206 999 0
0
123 2 904 46 0.9874433271273699 0.14681452413457186 0
12 147 0 148 1589756 173 1440531 198 845181 223 1248902 248 1341702 272 1099397 297 1197983 322 1549241 347 1431183 372 1790512 373 0
1 122
124 1 699 278 0.999907483862166 0.0011252100471785596 0
19 309 0 310 1969413 335 2252998 360 2526409 385 2660270 410 3122179 435 3359973 460 2144747 485 1083706 511 1307766 536 1134144 561 1216372 586 591851 611 927907 636 952097 661 787767 686 796257 711 828855 712 0
0
125 1 1479 217 0.990442341843642 0.10019895928356788 0
16 157 0 158 389049 183 547462 209 729311 234 691923 260 663722 285 841112 310 721956 336 1464803 361 1993931 386 1845863 412 3589906 437 2319065 463 2555693 488 1787289 489 0
0
126 3 1273 318 0.9945222880586512 0.14140856696884077 0
25 245 0 246 172857 271 327421 295 301957 320 537581 344 421949 369 388877 393 495033 418 532711 442 466664 467 360948 491 291281 516 250916 541 417353 565 511489 590 864995 614 1765757 639 1365953 663 1865796 688 1448703 712 3986467 737 2742104 761 2567790 786 3380387 787 0
1 125
127 3 820 292 0.9942697558019327 0.09359487312677772 0
11 574 0 575 460993 599 833344 623 1422566 646 1651712 670 942857 694 1080435 717 779295 741 670795 765 1043053 766 0
1 125
128 2 1110 237 0.9935073022901828 0.018759302477076942 0
25 50 0 51 455924 76 478243 101 647950 126 984644 151 972923 176 658971 202 811991 227 1327560 252 2605988 277 2449623 302 1961560 327 1514289 352 1214609 377 1640752 402 2277025 427 1245896 452 2000424 478 2597019 503 2232586 528 1904528 553 1980650 578 3163565 603 2535450 604 0
0
129 2 1105 77 0.9988395743346585 0.13399756205143545 0
27 251 0 252 268779 277 308343 302 299394 327 264360 353 403321 378 277924 403 377146 428 699188 453 1020562 479 1754419 504 2190703 529 2402487 554 2192081 579 2009675 604 1775292 629 2172971 655 1729515 680 2349087 705 2704084 730 2352630 755 1558184 781 1319563 806 903891 831 976622 856 1430599 857 0
1 128
130 2 946 168 0.9888308242890169 0.07207741289538008 0
11 227 0 228 437072 254 848860 280 958682 306 1259113 331 1038226 357 1683597 383 1059047 409 1363953 435 1152763 436 0
0
131 2 1238 208 0.9817210601537657 0.0342029103619321 0
11 382 0 383 4018417 408 1944149 433 2127031 458 1869902 483 1947864 508 1126806 533 1169295 558 899133 583 724904 584 0
1 130
132 3 1341 129 0.9897757857652859 0.12201914802540353 0
19 341 0 342 170759 367 240619 391 252507 415 351609 440 362079 465 465048 489 444933 513 578820 538 945884 563 473451 587 594524 611 672970 636 791389 661 1215800 685 2285273 709 2330301 734 2111247 735 0
1 130
133 1 1228 223 0.9915577314157458 0.13631103040537443 0
11 94 0 95 227069 121 306562 147 360192 174 842041 200 1581708 226 1105364 253 1335706 279 1429834 305 1889490 306 0
0
134 2 808 391 0.9914088225234532 0.004569771226633696 0
29 147 0 148 3041476 173 2593155 198 1957959 223 1433964 247 1578754 272 2049809 297 1356545 322 1498305 347 1133602 372 1319420 396 1561562 421 1373938 446 1105217 471 1011232 496 848221 521 1035543 546 1728971 570 2153756 595 2115232 620 2365627 645 3240716 670 3576543 695 1914461 719 1121789 744 1761698 769 1952386 794 1279400 795 0
1 133
135 2 1005 176 0.9863425942280419 0.14766348981724817 0
17 459 0 460 1229480 485 2331566 509 2489706 534 2215289 559 2163817 583 2002168 608 1050958 633 1087796 657 1214146 682 1526486 706 911003 731 1841090 756 1710933 780 569993 805 643074 806 0
2 133 134
136 3 603 377 0.980722711321916 0.03995416827018675 0
38 66 0 67 4035107 92 2968226 117 1714694 142 1134052 167 1551075 192 1385540 217 579747 242 443611 267 405669 293 715563 318 493975 343 634519 368 492555 393 630663 418 712692 443 557734 468 1095677 493 953421 518 472779 543 454832 568 455992 593 356189 618 383734 643 429551 668 371525 693 349249 718 434482 744 403139 769 269399 794 316401 819 330817 844 163648 869 216922 894 212353 919 316510 944 384814 945 0
0
137 3 837 75 0.9943821925421686 0.12836147475631707 0
39 91 0 92 1977415 117 1566724 142 1345872 167 1623547 192 1096335 217 1195733 242 1114709 267 1008864 292 813185 317 397585 342 517467 367 991883 392 1157497 417 1146926 442 1025305 467 1732853 492 2084748 517 1423148 542 1418168 567 2377185 592 2000118 617 2215008 642 2441055 667 2953835 692 1801016 717 1328781 742 709402 767 453376 792 453634 817 246999 842 178732 867 192234 892 280141 917 367604 942 282245 967 372454 992 389645 993 0
1 136
138 3 566 441 0.989220916307456 0.047783129810692444 0
32 152 0 153 3577662 178 3674859 204 3267925 229 3245516 255 1816566 280 1547264 305 1517023 331 1467850 356 1620775 381 995326 407 636055 432 543143 458 505403 483 505122 508 1063812 534 862039 559 811395 584 1389761 610 1977378 635 2117432 661 1280966 686 1819755 711 2703767 737 2449229 762 1309293 787 933753 813 932847 838 692525 864 632492 889 552508 890 0
1 136
139 3 1312 143 0.9886990129300783 0.07290541485239121 0
20 436 0 437 4381168 461 2929961 486 1811238 510 2379162 534 3018300 559 1464589 583 885048 607 511509 632 223099 656 107966 681 97483 705 84613 729 37468 754 49425 778 33407 802 69400 827 58780 851 73098 852 0
0
140 1 915 174 0.9997708024162949 0.016117006120578863 0
10 39 0 40 447486 65 590032 90 727346 115 1035495 141 1179665 166 1490095 191 1543131 216 1926719 217 0
1 139
141 1 681 155 0.9893912136285132 0.07243988153062172 0
35 10 0 11 522352 36 521531 61 427385 87 410246 112 521171 137 649601 162 663387 187 1335303 213 1161357 238 1438088 263 1337300 288 1632256 313 1537537 338 942000 364 985730 389 945994 414 1507716 439 1057980 464 1313384 490 657467 515 834897 540 456129 565 493727 590 1001029 615 994665 641 690626 666 963106 691 1430827 716 2920928 741 2446258 767 3699634 792 4515278 817 5107501 818 0
0
142 1 1134 423 0.9869379007932054 0.14570780357831078 0
19 503 0 504 2298165 528 1168784 552 1528920 577 957704 601 1078372 625 966948 649 503955 673 764976 697 763527 722 528711 746 1077573 770 1752741 794 1142416 818 1214350 843 962932 867 1382248 891 1047172 892 0
1 141
143 1 1424 202 0.9822672790413763 0.07660394692508041 0
26 3 0 4 824888 29 1085230 54 1348675 78 1217408 103 1090250 128 1257863 153 756556 177 597008 202 788986 227 2041457 252 1273373 277 886845 301 2047511 326 2755783 351 2883901 376 2177584 401 1819622 425 2006143 450 2117514 475 2098745 500 2264335 524 2867891 549 1730426 574 1790025 575 0
0
144 3 1393 112 0.9850221177300571 0.09615679792983707 0
36 139 0 140 1502703 165 1168075 190 1431673 215 1863798 240 2134972 265 1546378 289 1483208 314 820326 339 1303376 364 1121249 389 1404160 414 1401045 439 1348643 464 1091783 489 996509 514 1118715 539 680822 563 462723 588 431712 613 464781 638 379894 663 278430 688 231298 713 316812 738 489221 763 1041872 788 776462 813 1155521 837 1114480 862 1410352 887 841878 912 1019948 937 1354850 962 1508341 963 0
0
145 1 1055 442 0.9940707706601278 0.01520650953500427 0
15 576 0 577 2530939 602 2031192 627 1891410 652 1580605 677 2307650 702 1331675 727 1580602 753 2124354 778 1138745 803 1153629 828 1418953 853 1199567 878 1427111 879 0
0
146 2 696 304 0.9994027432606877 0.09884348188317893 0
10 575 0 576 2838256 602 2565323 629 1564638 655 1854597 681 1318643 707 1736077 734 1629242 760 1186480 761 0
1 145
147 1 1081 46 0.9807485847879989 0.12227309745219551 0
37 35 0 36 1299047 61 1304021 85 870440 110 1330770 134 916271 159 662898 184 994550 208 1008258 233 776174 258 1168896 282 2180430 307 2519020 331 2041937 356 1695753 381 1991767 405 2035085 430 1427301 455 3276558 479 2586152 504 2347496 528 2628720 553 1599431 578 1904153 602 2369112 627 2669823 651 2321957 676 2062562 701 3118139 725 1835704 750 916295 775 859343 799 1364544 824 1866275 848 1012545 873 1408050 874 0
0
148 1 1307 54 0.9933286700002905 0.14442726351690327 0
9 351 0 352 2109785 377 1591046 402 997891 427 1038810 452 1112270 477 631394 502 615012 503 0
1 147
149 3 780 131 0.9959509759596242 0.11927430140401675 0
12 661 0 662 1101353 687 1862890 711 1787230 736 1367794 760 896851 785 619714 809 817763 834 973147 858 895137 883 765219 884 0
0
150 3 1164 362 0.9834068496873459 0.06722442332595 0
14 550 0 551 825262 576 1251934 601 1433735 625 1047937 650 456590 675 516030 700 646596 725 890476 750 904530 774 1524903 799 1063662 824 2668342 825 0
1 149
151 3 538 9 0.9980925983528633 0.05655685573873128 0
20 97 0 98 2258226 123 2110858 147 1988795 172 2822199 196 2506778 221 3036044 246 2761418 270 1417911 295 1642673 319 948136 344 765527 368 654903 393 698889 418 616714 442 1313610 467 1025264 491 1394505 516 1115422 517 0
0
152 3 1355 244 0.9839887808398622 0.05099887804309045 0
18 176 0 177 962663 202 1782355 227 1306455 251 1069654 276 1283276 301 1303324 326 1059246 351 631221 375 697984 400 1057446 425 1472729 450 1492592 475 1199145 499 1508480 524 2161653 549 2310206 550 0
1 151
153 2 510 279 0.9914682617823468 0.14866037343185573 0
26 233 0 234 1205610 259 795527 284 1064274 309 1300694 334 1253009 359 2258811 383 2045948 408 1452166 433 1210463 458 995754 483 687663 508 650880 533 1037294 558 1047923 583 1325222 608 1240144 633 1785124 658 2118281 682 2322244 707 2385281 732 2910677 757 2485663 782 2406393 807 2553671 808 0
0
154 1 1110 269 0.9990847598832999 0.003384322647118759 0
26 164 0 165 426228 190 383989 214 293352 239 405316 264 607212 289 437601 313 1102614 338 1436107 363 1710915 388 1911016 412 1248724 437 846909 462 1480879 487 1351967 511 2017393 536 2252798 561 3492919 586 3460403 610 1839076 635 680840 660 693064 685 637661 709 811189 734 736711 735 0
1 153
155 3 1226 365 0.9930380549462053 0.057449937907048616 0
42 14 0 15 523042 40 601650 65 491069 90 437392 115 480958 140 358753 165 194383 190 130060 215 160393 240 134611 265 155946 290 142786 315 197843 340 176330 365 224238 390 130064 415 128119 440 203578 465 229476 490 233456 516 264907 541 329526 566 412235 591 475232 616 691511 641 432373 666 569429 691 1004816 716 1361256 741 1696307 766 838559 791 1083391 816 1377612 841 1316547 866 1741507 891 1794386 916 2955924 941 3302134 966 3010360 991 2547709 992 0
0
156 2 546 238 0.9831599390514936 0.03745021802164186 0
27 267 0 268 2542462 292 2562054 317 1349177 341 1000377 366 861523 390 846720 415 543084 439 401903 464 752774 488 1207526 513 1015152 537 806994 561 1381275 586 2397031 610 2545841 635 3245311 659 2302785 684 2078431 708 1236180 733 997124 757 1414335 782 1124517 806 1491237 831 1040564 855 1182912 856 0
1 155
157 1 1435 364 0.9961737810888596 0.051809841227297704 0
15 288 0 289 2064841 314 2377092 338 2094194 363 1759550 387 1166687 412 1568838 437 1261487 461 1249924 486 1313630 510 1558654 535 2158279 559 2312710 584 3384618 585 0
1 155
158 3 1032 133 0.9948850949456914 0.00950093537191997 0
42 17 0 18 1326361 43 1249485 68 1072091 93 745801 117 834332 142 794263 167 934022 192 1135905 217 1095157 242 828046 267 1037804 292 1109396 316 740955 341 1037238 366 776204 391 1089851 416 971973 441 942200 466 1362052 491 1382205 515 1702710 540 1914670 565 1808299 590 2620031 615 2392720 640 1668721 665 1521674 690 1156569 714 1628176 739 1247641 764 1645549 789 1386061 814 951608 839 706151 864 811579 889 394626 913 266130 938 318418 963 410877 988 332625 989 0
0
159 1 702 178 0.9922971505967995 0.006303512810048417 0
25 11 0 12 808055 37 469706 62 685287 87 762448 112 1059900 137 1224082 163 1094049 188 1295780 213 1224518 238 1121074 263 1192923 288 1043620 313 1199268 338 1181313 363 657339 388 973081 413 898617 439 1002665 464 1621434 489 1548064 514 1969214 539 2444688 564 3031030 565 0
1 158
160 1 765 317 0.9955216020745026 0.13614478842486744 0
40 68 0 69 1522160 94 1304013 119 909319 144 1115591 170 1457782 195 1427639 220 1552070 245 2278776 270 2413283 295 2713523 320 2790335 345 3134934 371 2034076 396 2247480 421 2258337 446 2338219 471 2664610 496 2936466 521 3063360 547 2688742 572 2560101 597 2778089 622 2120237 647 972154 672 1403182 697 1507114 723 1810206 748 1363548 773 1424163 798 1209329 823 939247 848 905688 873 611829 898 613023 924 598974 949 600580 974 461778 999 547252 1000 0
0
161 2 1002 268 0.9803327054334685 0.013889715212315884 0
42 4 0 5 714769 30 615985 55 499768 80 308049 104 582536 129 926442 154 1380466 179 892643 204 1199290 229 1773314 254 1119184 279 835028 303 341977 328 315436 353 429657 378 256111 403 275414 428 487836 453 385230 478 608955 502 564305 527 1325293 552 2141263 577 3209288 602 5329264 627 2960433 652 3617239 677 3190830 701 3633069 726 2624642 751 1808592 776 1703764 801 1146168 826 1289547 851 1150267 876 1047335 900 1105303 925 1025671 950 1033151 975 1181974 976 0
0
162 1 1300 144 0.9823493710781307 0.052348896715259365 0
14 122 0 123 905710 148 771567 173 1113245 198 1095214 223 687776 248 812853 272 1237129 297 1512070 322 1294316 347 921829 372 754549 397 431938 398 0
1 161
163 3 955 29 0.9958257533491929 0.05772559796440714 0
39 44 0 45 904092 70 728475 95 500510 121 425820 146 555998 171 338426 196 358262 221 158561 246 175864 271 124701 297 113099 322 113503 347 160338 372 77232 397 100399 423 96820 448 88655 473 131477 498 133301 523 116332 548 100123 573 150403 599 249794 624 688003 649 764550 674 1112146 699 839543 725 863262 750 1224117 775 1619616 800 2633706 825 2104990 850 3078104 875 3171943 901 3390960 926 6512887 951 4797238 952 0
0
164 2 742 184 0.9907734853638247 0.07701043347265475 0
8 392 0 393 1584921 419 2255623 445 1391160 470 1979836 496 1248591 522 1463143 523 0
1 163
165 2 520 160 0.9908498161062236 0.08024151810043689 0
42 2 0 3 520656 28 690973 53 554014 77 584855 102 554680 127 712005 152 563950 177 465269 201 407740 226 320215 251 309125 276 306605 301 321230 325 447149 350 625542 375 720138 400 943581 425 1104091 449 1365175 474 1783704 499 3163552 524 2574354 548 3812582 573 2124972 598 2267167 623 2911846 648 2435894 672 3056301 697 3270526 722 2683632 747 2174663 772 996883 796 453300 821 501484 846 435671 871 326742 896 218984 920 254130 945 137547 970 140116 971 0
0
166 1 932 234 0.9892288848521443 0.11639370678560287 0
9 273 0 274 1815648 299 1302929 323 896668 347 947151 372 1459298 397 1933009 421 1593408 422 0
1 165
167 1 1346 118 0.9919262023810138 0.011289811224541656 0
31 15 0 16 346846 41 558830 66 686880 91 464153 116 564173 141 568282 166 710647 191 492698 215 791923 240 914707 265 1496772 290 1340935 315 1804756 340 1147189 365 1048673 390 1585284 415 3047154 440 2293016 465 1975972 490 3396215 515 3671224 539 2673987 564 3100336 589 3138998 614 3010784 639 1761610 664 2426366 689 2634213 714 1473437 715 0
0
168 3 951 261 0.9867580548431433 0.03926065311817488 0
14 259 0 260 1343165 284 1362745 308 1216693 333 797675 357 649558 381 565571 405 575242 429 568468 453 498207 478 736282 502 1920118 526 1522285 527 0
1 167
169 3 1177 220 0.9852169927081443 0.09039705814435843 0
8 528 0 529 925630 553 1905986 577 1378043 600 2299598 624 1772485 648 1363448 649 0
1 168
170 2 1339 56 0.9838849274369821 0.11437107548124835 0
25 124 0 125 2281876 150 3988990 175 2722158 200 1578998 225 1201344 250 1297284 274 1349507 299 1309799 324 1550996 349 1673460 374 1081255 399 1673369 424 2014807 449 1321175 474 924411 499 931580 524 620687 548 429526 573 164959 598 157618 623 181524 648 235709 673 370687 674 0
0
171 2 538 335 0.9999707394128963 0.1418940662442875 0
14 508 0 509 620112 533 719340 558 852235 582 798921 606 484000 631 1436734 655 605397 680 922512 704 1388031 728 1872612 753 902988 777 683374 778 0
1 170
172 1 725 354 0.98844689389778 0.07575641463429279 0
32 104 0 105 556217 130 1226858 155 985080 181 757081 206 469772 231 259907 256 447016 281 462275 307 542794 332 800950 357 725035 382 607595 407 1204537 433 1453984 458 1683011 483 954089 508 1304155 534 1204610 559 1005438 584 1152688 609 1255073 634 1429844 660 1015069 685 1462601 710 2398028 735 3944886 760 4932011 786 3587992 811 3421675 836 3827889 837 0
0
173 1 764 259 0.9947137102550023 0.13713332276790566 0
14 223 0 224 791130 249 982186 275 1243781 300 1698177 326 1582529 351 2382964 377 1664276 402 1187470 428 999195 453 783987 479 830214 504 526839 505 0
1 172
174 2 1100 265 0.980280127222776 0.11292922521789703 0
22 423 0 424 1934122 448 2318941 473 1958037 497 1788415 521 2894060 546 1412566 570 1173320 595 2151351 619 1787425 643 1147650 668 754451 692 869550 716 981028 741 1177077 765 1287678 790 2225285 814 3340109 838 3259270 863 1932720 887 1539136 888 0
2 172 173
175 2 725 347 0.9928149531093806 0.08268969241922748 0
17 499 0 500 2355751 524 1701118 549 918195 573 1536417 598 1323543 622 1686228 647 2734769 671 3144712 695 1120445 720 955376 744 520886 769 379610 793 283129 818 364017 842 430386 843 0
2 172 174
176 1 1329 117 0.9936889105919589 0.09287604977340982 0
17 16 0 17 1575481 43 2087096 68 2461821 94 2822188 119 3282513 145 2153462 170 1631597 196 996584 222 1267581 247 1151542 273 683701 298 515603 324 465669 349 399114 375 329018 376 0
0
177 3 724 133 0.9899636060680077 0.0772246478345089 0
14 308 0 309 1090999 334 1151685 359 1334804 383 822881 408 572147 433 1087312 458 1727456 483 1406586 508 988402 532 1448777 557 1143496 582 1243731 583 0
0
178 3 814 69 0.9944739987226326 0.07171883352587778 0
28 187 0 188 823716 213 939180 239 965572 264 999588 290 1380592 315 1253578 340 1371387 366 1338646 391 1027957 417 1148083 442 1589525 467 1878286 493 1837578 518 2050915 544 2652699 569 1937332 594 2950413 620 1724729 645 1568934 671 1450614 696 1154868 721 924557 747 819533 772 771277 798 1111270 823 1294809 824 0
2 177 179
179 2 744 194 0.9888910441603193 0.10569075812707793 0
19 459 0 460 2376980 485 2933768 510 2218459 536 2222876 561 1584418 586 1299803 611 1443346 636 716579 661 635759 687 431778 712 461935 737 432094 762 306810 787 242452 813 435023 838 383203 863 559526 864 0
0
180 2 703 121 0.9810551733639794 0.02619121690083561 0
28 26 0 27 3075466 52 2797342 77 3165065 103 4188162 128 2081606 153 2565897 178 2014498 203 1582105 229 1803612 254 1352523 279 1658066 304 1328119 329 671706 355 647449 380 640573 405 912237 430 623030 455 585395 481 517204 506 304825 531 411614 556 440509 581 374174 607 240435 632 231553 657 240653 658 0
0
181 2 1378 286 0.9824377390878886 0.033443666816041565 0
38 63 0 64 4138534 89 5098724 114 4512446 139 3022039 164 3523869 190 3056286 215 3335394 240 3964859 265 2257140 290 1000241 315 867965 340 535581 365 466065 390 453156 416 357855 441 268213 466 179515 491 113407 516 271607 541 140874 566 168057 591 153276 617 132267 642 367940 667 212363 692 168325 717 246803 742 244038 767 204179 792 420551 817 244562 843 408650 868 598333 893 935314 918 652516 943 749125 944 0
2 180 182
182 2 675 309 0.9874915630868198 0.014037375571858695 0
10 429 0 430 2991258 455 2021182 481 2081176 506 1501258 532 1418260 557 1603263 583 1453962 608 2021400 609 0
0
183 3 1344 90 0.9898406552618029 0.1384260168868444 0
42 5 0 6 336487 31 314785 56 374301 81 443159 106 367259 131 646510 156 1317472 181 1612965 206 1129871 231 1900963 256 1403150 281 1035178 306 1137075 331 1549873 356 1571981 381 1751640 406 2308899 431 1850434 456 1949761 481 2909027 507 2178390 532 1380618 557 1139506 582 1032350 607 1066387 632 1696871 657 2098995 682 2388730 707 2414418 732 1170997 757 981147 782 838348 807 893377 832 484706 857 248008 882 428822 907 362775 932 282132 957 295149 982 622824 983 0
0
184 3 553 294 0.991721899932899 0.11676619338543148 0
40 27 0 28 1224618 53 1520566 78 1181908 103 1931455 129 1549974 154 1679557 179 1164130 204 752475 229 792591 254 702694 280 1460887 305 2351483 330 1889406 355 1838187 380 1545824 405 1237882 431 1475090 456 1522457 481 1718576 506 2189646 531 2107324 556 2393567 582 1849897 607 2330756 632 1991810 657 2538132 682 2787741 707 3782855 733 2673806 758 2812526 783 1979421 808 1265221 833 1010293 858 1139537 884 761194 909 1440009 934 1773495 959 1612224 960 0
1 183
185 3 846 74 0.9984939215491417 0.05322148340962029 0
37 157 0 158 2018956 183 1440389 207 1391775 232 2522593 257 3593696 282 3904271 306 3241475 331 4839321 356 2383164 381 1567632 405 1645122 430 993861 455 1161895 480 1255702 504 968331 529 1044724 554 903894 579 515355 603 498114 628 580157 653 410661 677 618174 702 535199 727 473143 752 612641 776 619296 801 721269 826 953532 851 1701030 875 2806111 900 1689400 925 1752405 950 1450328 974 1137776 999 840780 1000 0
1 183
186 3 561 154 0.9974248228969607 0.041246386055229144 0
17 204 0 205 2840290 230 2810657 255 2541703 281 1396406 306 981872 331 562297 356 396041 381 381506 407 527676 432 456220 457 367606 482 288083 508 318885 533 290817 558 334425 559 0
0
187 3 676 48 0.9856946151458271 0.03316651543276149 0
23 491 0 492 1855764 517 3122109 542 2233078 567 1674437 592 1591212 617 1780409 643 1873106 668 901328 693 772892 718 891620 743 790085 768 761252 793 683215 818 670935 843 643453 869 732368 894 466974 919 227914 944 343570 969 183230 994 132572 995 0
1 186
188 1 932 403 0.9995936450364714 0.02829193443584567 0
41 13 0 14 1054342 39 1069994 63 1027011 88 1292170 113 1441991 137 2182095 162 1283454 187 643945 211 568598 236 834502 261 559679 285 305108 310 379747 335 364821 359 298090 384 435696 409 636066 433 1170835 458 1318506 483 1907367 507 1114934 532 1344709 556 1596397 581 2238016 606 1720940 630 808769 655 688035 680 546384 704 693062 729 462235 754 564690 778 315309 803 134704 828 108556 852 131416 877 96937 902 88667 926 122192 951 88756 952 0
1 187
189 1 824 51 0.9887511931021836 0.11669394902779787 0
20 213 0 214 1159601 239 1759476 265 1583661 290 1331575 315 977490 341 695763 366 618340 391 688751 417 726926 442 704513 468 795430 493 958984 518 1057750 544 1200330 569 1350564 594 1984467 620 2348338 645 4069166 646 0
1 187
190 1 537 270 0.9800829329246057 0.09137968944694234 0
25 217 0 218 3133977 243 2337347 269 3084076 294 2720114 320 1787061 345 2260193 370 1459379 396 2047474 421 1597018 447 1879469 472 1661936 497 1438714 523 1716466 548 1587501 574 1149420 599 1191547 625 1382805 650 1829713 675 1353347 701 1251889 726 2583496 752 1679396 777 1496717 778 0
0
191 2 1423 267 0.9928709544177596 0.11008599093710023 0
28 142 0 143 491857 168 716061 193 691928 217 513728 242 582223 267 395049 292 642231 316 594167 341 906616 366 1027232 391 1284886 415 1573111 440 1489194 465 1466713 490 1275697 514 1321193 539 1163535 564 965861 589 809625 613 2033876 638 2246431 663 3294866 688 3404310 712 2345859 737 1620270 762 2043612 763 0
1 190
192 3 1040 8 0.988671214683553 0.1301172417413961 0
24 91 0 92 1297945 117 1506148 141 2051932 166 1404201 191 1696766 216 2591942 240 1856888 265 3257982 290 1573820 314 1379709 339 1676763 364 3037531 389 2396293 413 2708569 438 1560829 463 1161646 487 825706 512 539390 537 670283 562 797182 586 1588253 611 738673 612 0
0
193 1 1137 128 0.9994396588117352 0.035897881532428275 0
37 115 0 116 3584411 141 4204820 167 4385658 192 3845196 217 3842592 242 1074293 268 1813958 293 2407034 318 2417098 343 1973582 369 1960205 394 2908716 419 1904618 444 1294926 470 1118381 495 534538 520 553263 545 516717 571 661087 596 681419 621 579402 647 685350 672 618573 697 1282107 722 943286 748 446612 773 392673 798 560849 823 476952 849 267659 874 286677 899 683404 924 737594 950 582831 975 664972 976 0
0
194 1 635 188 0.9944561826563604 0.03222048274514875 0
25 291 0 292 324360 317 320513 343 908892 368 1219709 394 1926513 419 2426087 445 1604175 470 2240607 496 1144329 521 958378 547 1298872 572 1696348 597 822062 623 951571 648 771123 674 821273 699 1323235 725 1058456 750 1681896 776 2259765 801 2245812 827 1493415 852 1356201 853 0
0
195 2 613 355 0.9981284359182867 0.03252410590488357 0
36 162 0 163 71314 188 65746 213 80788 238 162137 263 227829 288 214426 313 171254 338 198966 363 182531 388 196717 413 198370 438 230388 463 215898 488 211146 513 440238 538 427784 563 444985 588 443488 613 392814 638 348836 663 381807 688 922646 713 876441 738 1231895 763 2218384 788 1504970 813 1560487 838 1892267 863 1869224 888 1206891 913 1155702 938 1239131 963 1925023 988 2219796 989 0
1 194
196 3 590 420 0.991682151523989 0.11392803228529202 0
11 383 0 384 602570 408 1297987 432 1754463 456 1125894 479 1585689 503 1359057 527 3252334 551 2197446 575 2038808 576 0
1 195
197 1 818 245 0.9978467075198619 0.0527643841310449 0
22 24 0 25 3946934 50 2779673 76 2638895 101 2051099 126 2374006 151 2242260 177 2234619 202 2241562 227 1216329 252 1024205 278 942821 303 1435072 328 1008102 353 1134009 379 1407578 404 837343 429 981056 454 814919 480 1755125 505 988816 506 0
0
198 1 1302 203 0.987403091544032 0.02731386198727893 0
31 202 0 203 1127099 228 2072252 252 1875891 277 3338005 302 1972652 326 1377647 351 1190903 375 979860 400 677947 425 1016529 449 1347120 474 1388572 499 1010870 523 437802 548 430550 573 368480 597 610389 622 964863 647 712700 671 599134 696 203599 721 202945 745 211277 770 135939 794 85409 819 136423 844 101085 868 30358 893 21407 894 0
0
199 1 1330 69 0.9950233061012212 0.003039506002177017 0
36 160 0 161 2135752 186 2498293 211 1103245 237 946465 262 775918 287 494194 312 652916 338 563572 363 434200 388 809412 413 897413 439 619218 464 442860 489 474439 514 779051 540 692100 565 784145 590 667380 615 440199 641 806028 666 1210031 691 1113133 716 783123 742 1069965 767 809913 792 762093 817 953666 843 1185595 868 1326304 893 1748023 918 985422 944 1921560 969 2372848 994 2670343 995 0
0
200 2 503 396 0.994209024492916 0.013222944695592325 0
31 68 0 69 4206712 94 2623979 119 1879286 144 1216284 169 1546456 195 1125362 220 586231 245 542454 270 591307 295 640592 320 614523 345 461671 370 213398 395 238393 421 246117 446 298394 471 231032 496 248667 521 247055 546 455437 571 332968 596 424996 621 783585 646 1234408 672 1662199 697 3322876 722 3554773 747 3625962 772 3812137 773 0
0
201 3 1343 55 0.9922024507379508 0.014553618191162292 0
15 537 0 538 1792459 563 1399429 588 1518776 613 910033 637 1106871 662 1140369 687 1342066 712 2140663 737 2498723 761 2093537 786 1310532 811 1058687 836 980453 837 0
0
202 1 1319 209 0.9826394764619096 0.08645436109405621 0
10 354 0 355 1380065 380 1296721 405 1720507 430 1187389 456 623202 481 402339 506 413433 531 821587 532 0
1 201
203 3 840 419 0.9889482726888726 0.03595464757210663 0
36 175 0 176 3172227 201 2004681 226 3734877 250 3096100 275 3646069 300 2560712 325 3676838 349 2206032 374 850470 399 534319 424 559465 448 441167 473 568163 498 429277 523 344619 547 398721 572 335700 597 316202 622 239376 646 216102 671 207991 696 174846 721 265075 745 331813 770 142285 795 307190 820 345816 844 515011 869 836568 894 824990 919 463814 943 262479 968 313547 993 340406 994 0
1 201
204 1 1147 335 0.9866267039823594 0.017166983651718492 0
18 156 0 157 687577 181 1169106 206 943268 230 655685 254 674668 279 619589 303 1246983 327 873108 352 771660 376 1633225 400 1934445 425 1919621 449 2054107 473 1694158 498 2792570 522 1703469 523 0
1 202
205 2 591 398 0.9819503122836043 0.018806678430527874 0
41 15 0 16 2695569 41 2427563 66 2724730 91 2174980 116 1853416 141 1908446 166 1793263 192 1847680 217 1646074 242 2231743 267 2541954 292 2080924 317 1285407 342 1193381 367 1227077 392 1444272 417 1180201 442 1359840 467 1225626 493 1255297 518 647638 543 721847 568 552795 593 683292 618 783448 643 788277 668 851963 693 1224391 718 1736013 743 2585361 768 1587500 793 1026150 819 1175423 844 1353172 869 3129474 894 2411150 919 1851843 944 2436924 969 2345136 970 0
0
206 1 1345 161 0.9991439516992675 0.1403820822432103 0
15 27 0 28 1514867 53 1845206 79 1356680 104 1087129 130 1254110 155 1217641 181 780551 206 1103676 231 827345 257 1018895 282 1219994 308 872406 333 981650 334 0
2 205 207
207 2 1165 25 0.9935546395034285 0.12934438050201927 0
35 84 0 85 1611680 110 2242673 135 2128400 160 2051723 185 1117815 209 743339 234 666636 259 717812 284 690571 309 874885 334 886419 359 1284428 383 992333 408 1190433 433 1164529 458 1463462 483 1909214 508 1927927 533 892066 558 823527 583 837141 607 895569 632 917448 657 660346 682 810317 707 989824 732 868002 757 608570 781 700312 806 914658 831 833768 856 887679 881 917892 882 0
0
208 3 1053 15 0.9840819854937807 0.07775071524784834 0
36 133 0 134 700478 159 837947 184 1001793 208 1808316 233 1889058 258 853469 283 811992 307 711750 332 714961 357 1204718 382 1341976 406 1189291 431 884696 456 767886 481 493962 505 343718 530 305255 555 302247 580 380622 604 671778 629 884761 654 1169896 679 968047 703 1198278 728 881559 753 1800343 778 1582323 802 1967225 827 1799289 852 1241841 877 2301410 901 2244987 926 1500245 951 2204657 952 0
0
209 1 1072 43 0.9833758216417992 0.09312237012574795 0
17 189 0 190 2101733 215 1275662 239 1433520 264 1646418 288 1448113 313 1485228 337 1002421 362 1033616 387 1105842 411 1560136 436 1413981 460 874573 485 951558 509 1541753 534 1362880 535 0
1 208
210 3 1413 296 0.9941781169094067 1.7127759107604667e-05 0
27 387 0 388 2539345 413 2312438 437 2240547 462 2784710 487 4065182 511 4147400 536 2766747 561 1902637 585 1409066 610 724231 635 602263 659 352348 684 284739 709 279405 733 327316 758 407290 783 394997 807 475770 832 361386 857 656813 881 600796 906 687410 931 963308 955 1239453 980 921706 981 0
0
211 1 1490 412 0.9890343635773787 0.03040978175815858 0
8 553 0 554 978985 579 1787722 605 1588517 630 1264637 656 1709818 681 1643943 682 0
0
212 2 806 220 0.9811852925894711 0.11976327524494355 0
12 151 0 152 1745689 177 2120233 202 1870067 226 1687347 251 2369280 276 2049496 301 2079668 325 2009105 350 1624035 375 2033824 376 0
0
213 1 907 317 0.9976315885771779 0.08270480175033781 0
26 119 0 120 1143342 145 870120 171 892191 196 894457 222 934219 247 1064709 273 1536615 298 713624 324 720101 349 513063 375 511851 400 354534 426 640898 451 549442 477 1121265 502 1241378 528 1486771 553 2377835 579 2971172 604 2606081 630 1806589 655 3205591 681 2244865 706 1915509 707 0
0
214 1 862 310 0.987904150579323 0.10653608747534611 0
34 68 0 69 1078645 94 944862 118 1958820 143 1375854 167 841989 192 1109060 216 700334 241 514679 266 633301 290 650665 315 985399 339 805062 364 835587 389 1243562 413 1921228 438 2062303 462 3839796 487 2791665 511 3784113 536 3668694 561 2320493 585 1365132 610 809934 634 912947 659 806932 684 1012192 708 996038 733 1633771 757 2443750 782 3220613 806 2464506 831 2456570 832 0
2 213 215
215 1 542 138 0.9942608461597651 0.036532969528925076 0
34 61 0 62 523275 87 574488 113 884835 138 741321 163 1721679 188 2410909 214 2518528 239 1409413 264 922894 290 1602430 315 1679482 340 2586711 365 2535174 391 1365838 416 1349454 441 1085637 467 856662 492 636452 517 1134627 543 1299478 568 531247 593 804623 618 767021 644 381811 669 579940 694 773125 720 774356 745 572125 770 746135 795 758888 821 921523 846 1422838 847 0
0
216 2 1401 10 0.981021530636317 0.07132636984116371 0
15 413 0 414 2518228 438 2070387 463 1458543 487 1965176 512 1038072 536 1317813 561 1419181 585 1010441 609 1105573 634 1105602 658 1200432 683 814716 707 461385 708 0
0
217 1 1107 155 0.9995371840537672 0.09980115522654028 0
39 3 0 4 1020597 29 1724653 55 1265064 80 1270977 105 997257 130 1208331 155 1530544 181 1256335 206 1408815 231 1611475 257 1786961 282 1489690 307 1208461 332 1372064 357 649025 383 575892 408 399563 433 445634 459 729076 484 787981 509 987706 534 1020260 559 1370734 585 1250744 610 682877 635 1093738 661 942654 686 401994 711 487106 736 587595 761 668826 787 1444844 812 1700465 837 1408464 863 1664573 888 1424405 913 1553741 914 0
1 216
218 2 907 323 0.9940165012888148 0.10079013547155034 0
13 603 0 604 3131971 628 2688016 652 2268473 676 1662949 700 950934 724 946725 748 722308 772 482639 796 380117 820 452761 844 456156 845 0
2 216 217
219 3 746 9 0.9803928752570814 0.08440654156133336 0
16 238 0 239 841412 263 817704 287 478283 311 553093 335 577968 359 1098228 383 950187 407 797309 431 778019 455 1504154 479 1176904 503 3414278 527 3967943 551 3706390 552 0
0
220 1 1280 377 0.9833842036335694 0.05582090968787772 0
35 42 0 43 509462 68 697426 92 898366 117 820923 141 658450 166 1002342 191 786468 215 1382725 240 1357005 264 999721 289 515246 314 626183 338 593621 363 319607 387 376316 412 494492 437 565565 461 634685 486 739657 510 1305717 535 1215887 559 1398888 584 1623153 609 1409787 633 1236052 658 1929626 682 1953660 707 2025627 732 2127757 756 2891738 781 1741771 805 1788171 830 1895703 831 0
2 219 221
221 2 1117 329 0.9943718145218113 0.09331474136108112 0
10 263 0 264 1044448 288 1302876 313 1758906 337 1213908 362 978027 386 696154 411 711920 435 310389 436 0
0
222 2 694 157 0.9864557728794643 0.14722189143767664 0
19 465 0 466 1308630 490 1616554 515 1788878 539 1879811 563 2281012 587 2263022 611 2399045 636 1341624 660 1503825 684 1853080 709 2008866 733 1139614 757 795732 781 603472 805 512005 830 551259 854 582021 855 0
0
223 3 628 412 0.9871377398709741 0.050085637824490034 0
38 64 0 65 653876 90 888399 116 1284351 141 1124357 166 1233591 191 1436362 217 978423 242 1298790 267 995576 293 753195 318 1519046 343 1021977 368 1476168 394 2135437 419 1014811 444 1581090 470 1191909 495 1478958 520 827840 545 909034 571 1267307 596 1546224 621 3072568 647 3212797 672 2983340 697 3615161 722 2988933 748 1509037 773 1739279 798 732328 824 330912 849 233139 874 398926 899 771793 925 1145575 950 2260096 951 0
1 222
224 2 770 264 0.9829871056818693 0.015629427688138974 0
10 362 0 363 1304915 389 2632694 414 1811562 440 2005197 465 2017226 491 2055686 516 2210948 542 1642414 543 0
0
225 1 595 252 0.9829748539946277 0.0315599535825758 0
21 400 0 401 369755 426 470987 451 396273 476 603744 501 729084 527 1096298 552 1325557 577 1492423 602 1220174 627 1185095 652 1555516 677 1964773 702 1556484 727 1639782 753 1903237 778 2279718 803 3068437 828 3329579 853 3451021 854 0
1 224
226 2 1302 116 0.993618884200065 0.05350060797942216 0
7 20 0 21 1519399 47 2082068 72 2109010 97 1356734 123 1881729 124 0
0
227 2 826 380 0.9931407744601932 0.041006781015444554 0
17 224 0 225 1978887 251 1780912 276 1651453 302 2869150 328 3014408 353 2046757 379 2266337 405 1719287 430 1453828 456 1374992 481 1086059 507 807246 533 661576 558 424311 584 303327 585 0
0
228 3 815 343 0.9809008209660687 0.005501833693218111 0
39 52 0 53 155771 78 190180 102 256007 127 273151 152 229808 177 194593 201 214347 226 289138 251 238669 275 233842 300 294872 325 403714 350 417228 374 205527 399 257978 424 390925 449 386590 473 708701 498 718801 523 714529 547 744535 572 1142082 597 842979 622 926567 646 1053375 671 1251825 696 1276687 721 1574245 745 1629806 770 2337443 795 2222019 819 2234705 844 3505557 869 2026917 894 4364453 918 4381794 943 3570227 944 0
0
229 1 1223 126 0.9847953581421465 0.05218054410223593 0
18 27 0 28 492589 53 575131 78 544626 103 532249 128 904095 153 826551 178 844897 203 730660 228 599951 253 877619 278 817727 303 1464338 328 1605309 353 2512829 378 2405057 403 1707307 404 0
1 228
230 3 1252 39 0.9826387625747267 0.14567167540651096 0
33 221 0 222 724835 247 955195 272 416376 296 459650 321 548905 346 637374 371 774648 396 862441 420 517555 445 407205 470 536162 495 821054 520 1819127 544 2349920 569 2800018 594 5367374 619 3644240 644 2068038 668 1408688 693 813851 718 781102 743 629750 768 1224757 792 1260896 817 1235931 842 841673 867 695885 892 571578 916 441768 941 318343 966 408835 967 0
0
231 2 698 23 0.9979982455436379 0.13930552286457049 0
25 337 0 338 1154039 363 934676 389 613422 414 933803 439 908504 465 793618 490 1632661 516 1409430 541 1805759 566 2443033 592 2278292 617 1818357 642 1354612 668 859028 693 1245841 718 1210402 744 1045942 769 728875 795 409179 820 455242 845 555271 871 731394 896 998886 897 0
0
232 3 725 374 0.9910581478343856 0.054825299195741604 0
40 2 0 3 260420 28 203641 53 236428 78 300196 103 346254 128 239159 153 230882 178 359323 203 535993 228 509468 253 713574 278 640805 303 515824 328 813526 353 886364 378 1161241 403 990764 428 1513241 453 1623528 479 916673 504 807912 529 800580 554 1154572 579 1873126 604 1387740 629 1850578 654 1724525 679 2403675 704 4274782 729 2508561 754 4859483 779 4292062 804 2063949 829 2175704 854 1878607 879 1719970 904 1290462 929 877541 930 0
0
233 3 1461 234 0.9955117363289397 0.1241388662177675 0
9 555 0 556 1992928 579 845734 602 682618 625 1237684 647 1886801 670 1550404 693 2685350 694 0
0
234 2 1070 368 0.9897551218417501 0.02148579847036857 0
28 116 0 117 212659 142 145837 168 268561 193 300474 219 302664 244 558889 269 322076 295 419098 320 670360 346 614105 371 1065098 396 1175547 422 1778637 447 2067208 473 2338375 498 3574007 523 3524093 549 2612310 574 1338489 600 1131221 625 1699456 650 2132650 676 1995650 701 2545703 727 1193180 752 838962 753 0
0
235 1 1162 416 0.9866892068024069 0.14255164996876254 0
19 143 0 144 2355804 169 1786920 194 1857653 218 1584682 243 1164356 268 1716407 293 1219837 318 1246523 343 1495106 367 1233745 392 711625 417 596434 442 411224 467 498390 491 761228 516 914299 541 1777969 542 0
0
236 2 966 245 0.9902252797601244 0.13296145172734 0
12 326 0 327 1688796 352 1273496 377 1872353 401 1042397 426 814504 451 570912 476 549641 500 529752 525 255398 550 490860 551 0
1 235
237 2 1426 86 0.9958341448162349 0.07666959667205742 0
35 100 0 101 2363671 126 2199639 151 1772932 177 1265807 202 1521181 227 1596413 252 1354915 278 1526195 303 1324609 328 1067577 353 739906 378 813345 404 965415 429 727392 454 1021569 479 479101 505 381559 530 533314 555 434737 580 388090 605 361178 631 507683 656 480936 681 641854 706 811106 731 506520 757 191263 782 208918 807 270410 832 171794 858 161798 883 176497 908 179392 909 0
1 235
238 1 1156 185 0.9807636670710779 0.0678596895747541 0
29 233 0 234 2288357 259 2306202 285 2099505 310 3513281 335 4457134 361 3453420 386 2774932 411 2382313 436 2155973 462 1935016 487 1737603 512 1428700 538 789092 563 677013 588 592992 614 570013 639 666484 664 840285 690 842255 715 806021 740 770329 765 413176 791 263687 816 243994 841 250382 867 288933 892 273777 893 0
0
239 3 1078 25 0.9811723359458672 0.11492834044692941 0
34 169 0 170 326719 195 404512 219 347544 244 885344 269 610234 294 794310 318 640485 343 594755 368 845508 393 1656306 417 1335298 442 1343981 467 991562 492 668167 516 697976 541 723150 566 1062314 591 958273 615 1998987 640 1605652 665 1877475 690 2467633 714 1833776 739 1650441 764 1930204 789 2765189 813 1962829 838 2959718 863 2747176 888 1788024 912 1583897 937 1393313 938 0
1 238
240 2 1210 176 0.9832471473156619 0.07442979945874394 0
24 126 0 127 3005191 153 1958671 178 2159830 204 1478321 229 1102376 255 1225756 280 765167 306 1835934 331 1668757 357 1064579 382 1455816 408 1428428 433 1065153 459 1646674 484 1638191 510 1716731 535 1902603 561 655812 586 807380 612 475670 637 450931 663 224472 664 0
0
241 3 1301 94 0.9959334949631534 0.06095662503554624 0
36 18 0 19 2125252 44 1028139 69 1091797 93 1156733 118 1659854 143 2026887 168 2424247 193 1111688 218 826313 242 613063 267 911434 292 856969 317 713767 342 883776 366 913531 391 1096096 416 1477175 441 2223954 466 1681280 491 1240098 515 1655683 540 2162059 565 2262288 590 2806927 615 2973590 639 2546383 664 2484118 689 2112754 714 1621816 739 1404336 764 1181231 788 746817 813 737987 838 664114 839 0
1 240
242 1 1128 296 0.9944866615589008 0.14748467380587774 0
12 490 0 491 1457903 516 1113385 541 1042919 567 960812 592 1070198 617 1234747 642 1649866 668 2314669 693 2961137 718 3514491 719 0
2 240 243
243 2 550 52 0.9867704943219381 0.004899489212384589 0
26 84 0 85 1301544 110 1631120 135 1816645 159 1169056 184 639490 209 531384 234 500136 258 589427 283 471435 308 254345 333 423859 358 381726 382 513709 407 722380 432 1608611 457 1665821 482 1869410 506 1391112 531 1224526 556 1857821 581 3091771 605 2791723 630 2524972 655 4295283 656 0
0
244 1 1163 194 0.9960037435097886 0.06204597802134147 0
11 685 0 686 1434643 710 1365195 734 1675337 758 1146266 783 1435217 807 1892872 831 2562462 855 1396297 879 1916682 880 0
0
245 1 1254 65 0.9973886649232714 0.08908397665008665 0
12 416 0 417 1036242 443 943526 469 919147 496 717131 522 884257 548 1894302 574 2037997 601 1828259 627 1540758 653 1415335 654 0
1 244
246 2 1212 192 0.9842053536032964 0.07877988171271012 0
33 213 0 214 1918140 239 2590857 265 2166182 290 1610485 315 1054296 341 1334729 366 983247 392 899105 417 575166 442 536736 468 543763 493 515874 518 302544 544 320897 569 599081 595 695382 620 532030 645 373471 671 295022 696 305266 721 320787 747 535602 772 853739 797 1522097 823 1535479 848 2115388 874 2178592 899 1649862 924 1571646 950 1760377 975 1460318 976 0
0
247 2 1181 185 0.9933025441134841 0.05016438718481094 0
15 34 0 35 333843 59 593579 83 322976 107 242136 132 287383 156 306333 180 586254 204 785901 228 1065737 253 1508702 277 1114013 301 2563300 325 1224523 326 0
1 246
248 3 991 439 0.9898179528655018 0.00028225869721193453 0
27 207 0 208 2654904 233 1597870 259 1838467 284 1888738 310 2584109 335 2555988 361 2396486 386 2026604 411 1654584 437 1543365 462 1545734 488 2589672 513 2117288 538 1792933 564 1153782 589 778263 615 437268 640 382884 665 284502 691 187241 716 226311 742 330012 767 553526 793 649257 818 739280 819 0
2 246 247
249 1 1244 344 0.9974338011387012 0.03327790243769716 0
36 65 0 66 99055 91 155636 116 210159 142 132200 167 184713 192 266589 217 287799 242 414825 267 401266 293 414566 318 422298 343 434465 368 540872 393 693938 419 599989 444 635679 469 950999 494 1005368 519 1062616 544 908045 570 734159 595 874841 620 1899042 645 1317588 670 1235214 696 1525799 721 2327001 746 3588661 771 4236666 796 3923542 821 3285000 847 2682089 872 3955483 897 2535568 898 0
0
250 2 1072 130 0.991500678257095 0.07213805060583693 0
31 229 0 230 2704455 255 2435400 280 2905645 305 1826115 330 2688793 355 2291267 380 2130683 405 1353165 430 1614415 455 1238410 480 1054445 505 945995 530 651948 555 722834 580 816759 605 533805 630 447572 655 368370 680 339194 705 221493 730 283426 755 583205 780 604899 805 677657 830 816773 855 783206 880 1038680 905 868943 930 1286478 931 0
1 249
7 20 3189363599659986534
0.65038945819291305 0.34563956882504965 0.0039709729820371362 0 0 0 0 
0.29367291714300131 0.5797862507438768 0.11253142456916909 0.014009407543952867 0 0 0 
1.4131189430426344e-09 0.18905960051799561 0.44909739165434842 0.32239542530231813 0.039447581112218938 0 0 
0 0.043752041690362654 0.079271361143687852 0.87011603340370036 0.0033077052290538069 0.0035528585331954204 0 
0 0 0.015190350742277408 0.044334491311077411 0.90080171493640016 0.039640375730251982 3.3067279992976463e-05 
0 0 0 2.9123680876183852e-09 0.21976983161374733 0.68711791872304939 0.093112246750835195 
0 0 0 0 0.018677162951541051 0.41030647336908055 0.57101636367937847 
7 0 0 0 0 0 0 0
0.015363394698165143 0.992684679341074 1.0103530415484598
