A
300
159 249
1 18.0 10.0
2 19.0 10.0
3 18.0 9.0
4 17.0 11.0
5 18.0 11.0
6 17.0 10.0
7 16.0 12.0
8 17.0 12.0
9 16.0 10.0
10 20.0 2.0
11 21.0 2.0
12 20.0 1.0
13 21.0 1.0
14 17.0 6.0
15 17.0 7.0
16 16.0 6.0
17 16.0 7.0
18 18.0 6.0
19 17.0 5.0
20 18.0 5.0
21 18.0 4.0
22 16.0 5.0
23 17.0 4.0
24 19.0 4.0
25 20.0 4.0
26 20.0 3.0
27 19.0 3.0
28 18.0 3.0
29 19.0 2.0
30 2.0 5.0
31 2.0 6.0
32 19.0 1.0
33 14.0 4.0
34 14.0 5.0
35 12.0 6.0
36 13.0 6.0
37 12.0 1.0
38 12.0 2.0
39 12.0 5.0
40 13.0 5.0
41 10.0 5.0
42 10.0 6.0
43 14.0 6.0
44 14.0 7.0
45 15.0 4.0
46 16.0 4.0
47 15.0 3.0
48 16.0 3.0
49 14.0 3.0
50 14.0 2.0
51 15.0 2.0
52 12.0 7.0
53 13.0 7.0
54 16.0 11.0
55 13.0 3.0
56 13.0 4.0
57 12.0 3.0
58 14.0 1.0
59 13.0 2.0
60 13.0 1.0
61 18.0 1.0
62 15.0 0.0
63 15.0 1.0
64 6.0 2.0
65 6.0 3.0
66 13.0 0.0
67 11.0 4.0
68 11.0 5.0
69 16.0 0.0
70 1.0 1.0
71 1.0 2.0
72 0.0 0.0
73 0.0 1.0
74 9.0 6.0
75 9.0 7.0
76 9.0 8.0
77 8.0 7.0
78 17.0 3.0
79 14.0 0.0
80 4.0 4.0
81 4.0 5.0
82 7.0 6.0
83 7.0 7.0
84 16.0 2.0
85 17.0 2.0
86 5.0 2.0
87 5.0 3.0
88 5.0 1.0
89 2.0 4.0
90 3.0 4.0
91 3.0 5.0
92 3.0 6.0
93 1.0 3.0
94 2.0 3.0
95 1.0 4.0
96 15.0 11.0
97 16.0 1.0
98 10.0 4.0
99 12.0 4.0
100 0.0 5.0
101 0.0 6.0
102 15.0 9.0
103 15.0 10.0
104 1.0 5.0
105 6.0 6.0
106 3.0 2.0
107 3.0 3.0
108 20.0 0.0
109 21.0 0.0
110 10.0 7.0
111 10.0 8.0
112 2.0 1.0
113 6.0 4.0
114 4.0 1.0
115 2.0 0.0
116 2.0 2.0
117 4.0 6.0
118 0.0 2.0
119 1.0 0.0
120 8.0 6.0
121 13.0 8.0
122 0.0 3.0
123 12.0 0.0
124 5.0 4.0
125 4.0 3.0
126 11.0 6.0
127 4.0 0.0
128 3.0 7.0
129 5.0 0.0
130 4.0 2.0
131 6.0 0.0
132 6.0 1.0
133 19.0 0.0
134 1.0 6.0
135 18.0 12.0
136 0.0 4.0
137 5.0 6.0
138 5.0 7.0
139 18.0 2.0
140 14.0 8.0
141 18.0 0.0
142 12.0 8.0
143 17.0 0.0
144 17.0 1.0
145 4.0 7.0
146 14.0 9.0
147 15.0 12.0
148 15.0 8.0
149 16.0 8.0
150 16.0 9.0
151 14.0 10.0
152 6.0 7.0
153 16.0 16.0
154 18.0 16.0
155 8.0 0.0
156 8.0 2.0
157 8.0 4.0
158 16.0 18.0
159 14.0 16.0
156 157 2
155 156 2
153 159 2
153 158 2
153 154 2
149 150 1
148 149 1
143 144 1
141 143 1
140 148 1
140 146 1
137 138 1
133 141 1
131 155 2
131 132 1
129 131 1
53 121 1
52 142 1
52 53 1
51 63 1
51 84 1
50 59 1
50 58 1
50 51 1
49 55 1
49 50 1
48 84 1
48 78 1
47 51 1
47 49 1
47 48 1
46 48 1
45 47 1
45 46 1
44 140 1
44 53 1
43 44 1
42 110 1
42 126 1
42 74 1
41 68 1
41 98 1
41 42 1
40 56 1
39 68 1
39 99 1
39 40 1
38 59 1
38 57 1
37 60 1
37 123 1
37 38 1
36 53 1
36 43 1
36 40 1
35 126 1
35 39 1
35 52 1
35 36 1
34 40 1
34 43 1
33 56 1
33 49 1
33 45 1
33 34 1
32 133 1
32 61 1
31 92 1
30 104 1
30 89 1
30 91 1
30 31 1
12 32 1
12 108 1
12 13 1
10 26 1
10 12 1
10 29 1
10 11 1
118 122 1
9 150 1
9 54 1
9 103 1
8 135 1
7 153 4
7 147 1
7 54 1
7 8 1
115 127 2
115 119 1
59 60 1
6 9 1
114 130 1
114 127 1
58 79 1
58 60 1
58 63 1
5 135 1
113 157 2
113 124 1
57 99 1
4 6 1
4 54 1
4 8 1
4 5 1
112 116 1
112 115 1
29 139 1
29 32 1
56 99 1
28 139 1
28 78 1
55 59 1
55 57 1
55 56 1
110 111 1
27 29 1
27 28 1
120 157 2
54 96 1
1 6 1
1 5 1
1 3 1
1 2 1
26 27 1
14 19 1
14 16 1
14 18 1
14 15 1
123 155 4
16 22 1
16 43 2
16 17 1
18 20 1
19 23 1
19 22 1
19 20 1
125 130 1
20 21 1
21 23 1
21 28 1
21 24 1
22 46 1
127 129 1
23 78 1
23 46 1
24 27 1
24 25 1
25 26 1
60 66 1
61 144 1
61 141 1
61 139 1
62 79 1
62 69 1
62 63 1
63 97 1
64 156 2
64 132 1
64 86 1
64 65 1
65 87 1
65 113 1
66 123 1
66 79 1
67 98 1
67 99 1
67 68 1
68 126 1
69 97 1
69 143 1
70 119 1
70 73 1
70 112 1
70 71 1
71 118 1
71 116 1
71 93 1
72 119 1
72 73 1
73 118 1
74 75 1
74 120 1
75 110 1
75 77 1
75 76 1
77 120 1
78 85 1
80 124 1
80 125 1
80 90 1
80 81 1
81 91 1
81 117 1
82 120 1
82 105 1
82 83 1
84 97 1
84 85 1
85 139 1
85 144 1
86 130 1
86 88 1
86 87 1
87 125 1
87 124 1
88 132 1
88 129 1
88 114 1
89 94 1
89 95 1
89 90 1
90 107 1
90 91 1
91 92 1
92 128 1
92 117 1
93 95 1
93 122 1
93 94 1
94 107 1
94 116 1
95 136 1
95 104 1
96 103 1
97 144 1
98 157 2
100 136 1
100 104 1
100 101 1
102 150 1
102 146 1
102 148 1
102 103 1
103 151 1
104 134 1
105 113 2
105 152 1
105 137 1
106 130 1
106 116 1
106 107 1
107 125 1
108 133 1
108 109 1
117 137 1
117 145 1
121 140 1
122 136 1
5
147 39 1 2
71 99 2 1 2
12 74 2 1 2
38 88 1 1
56 54 3 1 2 3
501
1 3 1383 93 0.9190274229299824 0.05087365427964326 0
7 83 0 84 1408228 111 1597641 137 2231474 164 2270410 191 1886506 192 0
0
2 3 1304 146 0.9213074435159828 0.05350009054101632 0
13 50 0 51 1150525 75 1638421 100 921088 124 1177316 149 1250742 173 1483655 197 1655913 222 1677243 246 1901985 271 1658998 295 1620898 296 0
1 1
3 1 691 153 0.9293489400632008 0.005037248556678864 0
14 0 0 1 249121 27 261103 53 337575 79 321679 105 407621 131 571232 156 512977 182 703971 208 1195484 234 2137762 260 1610861 286 1468053 287 0
2 1 4
4 3 1248 90 0.9298165529005065 0.14481348341746533 0
11 51 0 52 3606352 77 3524989 102 1621221 127 1061210 153 1546604 178 1402053 203 666792 228 519143 253 436779 254 0
0
5 1 1265 19 0.9206111332156257 0.09335559474380772 0
9 1 0 2 1970459 27 1729034 51 2855084 76 1645482 101 815162 125 779692 150 501455 151 0
0
6 3 627 68 0.9253690388362665 0.009005303667555592 0
12 40 0 41 556417 65 752264 89 947164 112 1308789 136 1155968 160 1511652 184 1186216 207 2018533 231 1710273 255 2637960 256 0
1 5
7 1 948 45 0.9286420355120503 0.03424351710997009 0
14 11 0 12 1610046 38 1213176 64 996682 89 1188215 115 1504193 141 1278966 167 1607818 193 1234531 219 1055341 244 1193151 270 954176 296 1293844 297 0
0
8 3 962 101 0.9103028413919223 0.0551575984777171 0
11 63 0 64 1100523 89 1059512 115 1216834 140 917680 165 1445403 191 1967396 216 2193946 242 1956590 267 1180568 268 0
1 7
9 3 1478 82 0.9115812292408515 0.10648135904334995 0
9 101 0 102 636550 127 593876 151 745650 176 640737 201 1492906 225 1185464 250 1612496 251 0
0
10 3 725 138 0.917940753718961 0.04199549310280671 0
11 59 0 60 210790 84 277589 108 470567 132 934186 156 841638 180 1463117 204 1906617 228 1516415 252 1991172 253 0
1 9
11 1 1309 62 0.9111900532181154 0.11117664109637707 0
12 25 0 26 1124417 50 1524794 74 1570071 98 1209751 122 1188182 146 1795275 170 1353827 194 1276913 218 1355265 242 1913958 243 0
2 9 10
12 1 1272 18 0.9133199651307935 0.010639622182956327 0
8 18 0 19 1025794 45 1167294 71 1225099 97 1579704 123 2745025 149 1724451 150 0
1 10
13 3 841 101 0.9167894488831781 0.06169906051634633 0
13 12 0 13 668392 37 967233 60 1042872 84 1274352 108 1090501 131 597572 155 815347 179 1485213 203 2492846 226 1699368 250 1058165 251 0
0
14 2 1346 106 0.9187009588561411 0.04997074725707706 0
12 66 0 67 976407 92 994813 117 935661 142 1030702 167 1054842 192 1993096 217 1951826 242 1011380 267 791371 292 725511 293 0
2 13 15
15 3 1095 145 0.9185946859242206 0.13037580227404374 0
15 4 0 5 955951 29 1330614 54 1203170 78 1111002 103 766910 127 841194 151 710506 176 753112 200 1329198 225 1296359 249 911812 274 713683 298 890696 299 0
0
16 3 1323 141 0.9198170901198612 0.02963960584352544 0
11 88 0 89 791487 113 1008367 137 1206035 161 1859124 185 2162239 208 2601936 232 1762400 256 1294176 280 1293676 281 0
0
17 2 1142 105 0.9141302040978163 0.12855652627155872 0
11 103 0 104 808735 127 1118233 151 1314298 175 986286 198 1999537 221 2701628 245 2171325 269 1773272 292 1824803 293 0
1 16
18 3 1438 64 0.9129227651059358 0.05010853632020982 0
14 4 0 5 2986473 30 2510837 56 1333724 81 1471907 106 1124391 132 930716 157 1175461 183 623500 208 642252 233 640961 259 928313 284 1244049 285 0
0
19 1 575 141 0.9147183061903396 0.07063416229514109 0
10 71 0 72 1287041 95 1157085 118 1097599 141 876864 165 1332258 188 734897 211 1189676 234 1392909 235 0
1 18
20 1 1365 121 0.9210324079436565 0.1372573948191015 0
13 6 0 7 2007134 33 1536879 58 1557390 83 2023890 109 919505 135 717852 160 520003 185 561186 211 647933 237 704196 262 1028888 263 0
0
21 1 569 13 0.9156686302506527 0.06119666066883105 0
13 44 0 45 699734 69 508564 94 587299 118 788863 143 773646 167 1413015 191 1842063 216 1220546 240 2199213 265 2199828 289 3787591 290 0
1 20
22 3 862 46 0.9159178363399014 0.009715528921504258 0
14 2 0 3 440127 29 670560 54 972670 80 1090113 106 1425100 131 1148999 157 1478199 182 1250554 208 1168312 234 820978 259 610750 285 711707 286 0
2 20 21
23 3 810 81 0.912764157248231 0.05856717481867507 0
9 70 0 71 3055783 97 2147351 122 2083582 148 1312967 174 1269562 199 1062513 225 815459 226 0
0
24 2 820 35 0.9213328463280829 0.05322349655831687 0
7 154 0 155 1701579 181 979041 208 1045630 235 1638269 261 1266645 262 0
1 23
25 1 1419 49 0.9146152434965458 0.028503602374578926 0
15 0 0 1 2687993 25 2268999 49 1137966 73 861428 97 971766 121 1173509 145 1925174 170 2050023 194 2414720 218 1736811 242 1419370 266 2230535 290 3211946 291 0
0
26 1 805 38 0.9253988307934313 0.07753666500205353 0
14 10 0 11 1083941 36 1322137 62 2164252 87 1682787 112 819922 138 517626 163 669707 189 491386 214 451931 239 329525 265 323177 290 250783 291 0
1 25
27 1 1121 6 0.9172219838010498 0.056668481637864594 0
8 100 0 101 1434410 128 698222 154 917022 181 866027 207 1256978 234 814228 235 0
2 25 26
28 3 795 133 0.9144204004586574 0.051770600725094346 0
13 42 0 43 1477376 68 1395711 93 1414221 118 1546801 143 1099468 167 1314576 192 1876217 217 1239514 242 1678682 267 2712404 292 3111703 293 0
3 25 26 27
29 1 755 94 0.9290161783198075 0.05239846679455672 0
15 6 0 7 312623 31 730353 56 1123447 80 1529970 104 1659750 129 1615376 153 1315905 177 1366163 202 979145 226 1175857 250 1409018 275 1289642 299 1087831 300 0
0
30 1 807 66 0.9200328287561442 0.08855042788275637 0
10 61 0 62 1105736 87 1051363 113 527053 138 469528 164 713147 189 675573 215 1548403 240 3813515 241 0
1 29
31 1 631 123 0.9118983932352339 0.06420804791277858 0
13 55 0 56 400333 80 430215 104 821157 127 1103817 151 1262415 175 2061510 199 1429667 223 1292864 246 1097110 270 982238 294 944931 295 0
2 29 30
32 1 1156 122 0.9220953055908454 0.0420085559933101 0
9 90 0 91 1220828 117 1127506 142 1077889 168 1758265 194 1446686 219 2049362 245 1377446 246 0
2 30 31
33 3 1002 7 0.9290874196845755 0.14291674279546698 0
9 99 0 100 3014081 125 2244714 151 1311856 177 1061641 202 987828 227 613937 253 789162 254 0
0
34 2 1391 7 0.9214761131683306 0.14169339723344426 0
14 6 0 7 2335108 33 1157686 59 1291397 84 828253 110 699252 136 1008413 162 1264938 188 1378666 214 2082537 239 3460603 265 2828592 291 1787321 292 0
1 33
35 3 816 133 0.9243793694996513 0.060369153360526145 0
12 78 0 79 903483 104 909615 128 978445 153 892898 177 852010 202 751126 226 580877 251 826192 275 1119197 300 1761359 301 0
2 33 34
36 2 1097 148 0.9142373181396345 0.14100420090826407 0
13 3 0 4 810581 28 955580 52 1249266 76 1335313 100 1191602 125 1319898 149 1763496 173 1466344 197 2572299 221 3289595 245 3090228 246 0
1 35
37 2 528 158 0.9230351137057843 0.013794294933150292 0
10 4 0 5 1386235 31 1014738 57 1033009 83 1460006 108 1048687 134 1334524 160 1530672 186 1651228 187 0
0
38 2 594 39 0.9240793641383146 0.10847817780271038 0
8 29 0 30 794514 57 1414551 83 1461607 110 1152221 136 1240622 163 1086934 164 0
1 37
39 3 1240 70 0.9136738024411718 0.08972216850747243 0
14 9 0 10 613535 34 492187 58 764400 81 572334 105 1008262 129 1033960 153 1511287 177 2110627 201 1923685 224 1490568 248 2056327 272 2719411 273 0
0
40 3 529 121 0.9114106720533546 0.004471340290212705 0
11 20 0 21 1673410 45 1158513 70 1318526 95 2027450 119 1788477 143 1885669 168 1157059 193 1361464 217 843604 218 0
1 39
41 3 523 70 0.9137162804354566 0.015375572662790193 0
11 87 0 88 1606534 112 2073637 135 1396915 159 1868597 183 2407005 206 1460074 230 1606456 253 1729186 277 2819775 278 0
0
42 3 1464 154 0.9228357999177019 0.10987616020636029 0
10 14 0 15 698237 41 1051280 66 719909 92 816779 118 701134 144 1324251 169 2215284 195 2822127 196 0
0
43 3 829 123 0.9209275679412877 0.07870489217621562 0
9 59 0 60 1265346 85 1533685 110 2039738 135 3363196 160 1215455 185 1322086 210 1188787 211 0
2 42 44
44 1 1354 94 0.910287533897086 0.04088626793162059 0
11 23 0 24 1578837 50 571291 76 466518 102 803997 129 987266 155 1132322 181 1489740 207 2748081 233 2393879 234 0
0
45 1 572 12 0.9171825266374414 0.0016519873162111787 0
8 80 0 81 1923208 108 2400419 134 2224017 161 1383182 187 1744022 214 1572535 215 0
2 44 43
46 1 832 86 0.9147601582299412 0.11738620309056383 0
13 36 0 37 1317467 61 1753746 85 2205580 110 2612857 134 1060923 158 2295419 182 2122371 206 1583801 231 1456446 255 1028893 279 2671111 280 0
0
47 2 655 146 0.9168997160592218 0.054814977872836755 0
13 17 0 18 2896891 44 3269351 70 1786018 95 1399462 121 1133733 147 1259001 173 868261 199 694528 224 611969 250 650070 276 688007 277 0
1 46
48 2 881 90 0.9145588789979667 0.14493268447244395 0
11 10 0 11 2099510 36 2027381 60 1474380 85 1367649 109 1071184 134 1453142 159 2208146 183 1756211 208 1888436 209 0
1 47
49 3 935 94 0.9144486124815431 0.0722729612223087 0
8 44 0 45 1154215 72 1551095 99 1359024 125 566486 152 572874 179 569921 180 0
0
50 1 913 34 0.9207605574124549 0.12911592763875154 0
15 0 0 1 353638 26 316910 51 507453 76 359470 101 431564 126 666852 151 901642 175 1458814 200 1632372 225 2712271 250 4420211 275 3095231 300 2583404 301 0
1 49
51 1 700 88 0.9260749857643512 0.08790230458783324 0
12 4 0 5 2140554 31 2126212 57 2582886 83 2117175 109 1351797 135 1353427 161 1061546 187 988487 213 846725 239 1047412 240 0
1 49
52 3 650 60 0.9178474144152988 0.12954944034762503 0
14 3 0 4 1839127 30 1502398 56 1307330 81 876736 107 1346059 133 1142091 159 1970597 185 2211704 211 2249542 236 2065067 262 1167083 288 1168895 289 0
2 50 51
53 2 1296 119 0.9120225883308902 0.1190785087893662 0
13 7 0 8 939071 34 1286761 60 875686 86 712609 112 830185 137 1253188 163 1211295 189 789153 215 1002535 241 1651124 267 1847798 268 0
0
54 3 1459 150 0.9251886288317581 0.1249029164837664 0
12 29 0 30 1025090 55 1555488 81 2427044 106 2682262 131 1919591 157 1983868 182 1862120 207 1273433 233 1163140 258 896384 259 0
0
55 1 1347 59 0.9128969787860176 0.13782476456575024 0
9 39 0 40 666248 64 1200353 89 947153 113 1131422 137 1369146 162 2037714 186 2064268 187 0
1 54
56 1 1009 54 0.9208858189006905 0.11089260203690098 0
8 12 0 13 1982588 37 2185678 61 1738048 84 1501093 108 733493 132 1550469 133 0
1 54
57 3 812 57 0.9233121176434055 0.008685445151009713 0
13 8 0 9 1155661 34 1293017 58 1168516 83 1105839 107 1637264 132 1886917 157 1432578 181 713656 206 876720 230 1156260 255 1788748 256 0
2 55 56
58 3 632 5 0.9257416549098181 0.08761031340548334 0
7 83 0 84 1720402 109 2135398 134 2187852 159 1625301 184 1580041 185 0
0
59 3 1272 121 0.9264202683518645 0.007129775565976981 0
8 77 0 78 1167642 104 1710215 130 1013152 155 796202 181 469359 207 957523 208 0
1 58
60 1 949 148 0.9178525335689559 0.04537731044641958 0
13 5 0 6 446999 30 437358 54 539701 78 749307 102 793228 126 943809 150 1111653 174 1290213 198 1663908 222 1204563 246 1966317 247 0
0
61 2 1470 9 0.9216909165918677 0.13372383045560549 0
8 44 0 45 1493257 68 1845011 91 1657550 114 1014607 137 564424 160 840642 161 0
0
62 1 904 11 0.9280373474488649 0.14921923056277814 0
13 6 0 7 2383860 31 2211025 55 1402518 80 2432042 104 1713170 128 2197809 152 1711858 176 1707958 201 1577441 225 1048556 249 603587 250 0
0
63 1 1154 92 0.9123874187034148 0.10273620146096475 0
11 29 0 30 1294510 55 1598430 79 1052963 103 1057420 128 2022729 153 2102765 177 1532177 201 1503318 226 1901383 227 0
0
64 3 923 89 0.9276466089366229 0.14909320086634995 0
11 64 0 65 2076298 91 2244888 118 2106458 144 1831972 171 2161769 197 1050421 223 1212732 250 1041116 276 607459 277 0
0
65 1 1232 12 0.9190582663133977 0.08035862519276236 0
8 163 0 164 850992 188 1242707 212 1024132 235 1149148 259 1176120 283 1410429 284 0
1 64
66 2 1052 152 0.9173665341480524 0.11015620286052681 0
12 69 0 70 3040766 95 2491622 120 1974355 145 2681137 170 1867244 194 1265062 219 1255507 244 1649466 269 1098619 294 793589 295 0
0
67 3 1159 119 0.9160756512904161 0.06317593458264041 0
14 1 0 2 1832767 27 1006812 53 1048700 78 1173060 103 1129379 129 809769 154 1297016 180 1248952 205 1481606 230 1272133 256 2781426 281 2323580 282 0
0
68 3 833 111 0.9159051613821935 0.015257592651805013 0
11 92 0 93 3476768 117 2096240 141 1655191 164 1266271 188 944205 212 1130646 235 1096455 259 1255298 283 1625877 284 0
0
69 1 1208 74 0.9192274763154554 0.11756094452316472 0
15 4 0 5 1333799 30 2151373 54 1335194 79 1345729 103 1542791 128 1808404 153 2152611 177 2063160 202 1532193 226 994196 251 1510028 275 1177724 300 373030 301 0
0
70 2 670 126 0.9281443527780927 0.10445211514272358 0
10 114 0 115 2142089 138 1323490 162 905940 185 881788 208 889725 231 1037740 255 1088548 278 1257247 279 0
1 69
71 1 1089 86 0.9232983912572346 0.11234272240557398 0
13 42 0 43 1148825 69 2094319 94 1374446 120 1143526 146 1028604 171 850730 197 1027194 223 784979 249 771463 274 891215 300 1115060 301 0
0
72 2 502 118 0.9143632396432858 0.054486388346606074 0
12 5 0 6 1851077 31 2022783 57 1478875 82 1403491 107 1570215 133 1699983 158 2439960 183 2508306 209 1598145 234 1402608 235 0
1 71
73 3 564 25 0.9149336763461599 0.02368210771083427 0
15 2 0 3 1258133 28 901346 53 1002255 77 1443255 102 1886602 127 1240742 151 1589667 176 1374794 201 1589755 226 1157555 251 1405682 275 1305444 300 1742686 301 0
0
74 1 565 122 0.9122720497508077 0.060631201291683125 0
12 38 0 39 1459262 63 1661761 87 2970100 111 2236002 135 2044826 158 1974383 182 1877547 206 877778 230 761905 254 1237985 255 0
2 73 72
75 3 695 12 0.9187651073158737 0.0032838559606675364 0
13 23 0 24 2674986 49 3075822 74 2088855 99 1879793 124 1421852 149 1259245 173 1234646 198 1249012 223 1744848 248 2151338 273 1368057 274 0
0
76 2 1438 79 0.9128159012689272 0.10916405039521285 0
8 90 0 91 599434 116 793256 141 964190 165 1293437 190 1483743 215 1812697 216 0
2 75 77
77 3 1221 121 0.9168806961086884 0.12178798254786638 0
10 119 0 120 3101180 143 1800253 167 2235464 190 1514833 213 826503 236 907210 260 570566 283 595238 284 0
0
78 1 519 79 0.9193249792310729 0.05277276890726404 0
13 24 0 25 2393218 51 1836247 77 1501392 103 605439 129 740205 155 795188 181 805093 207 1102516 233 1002406 259 718153 285 817648 286 0
2 77 76
79 2 1156 33 0.9270902964098098 0.062333003754465516 0
9 140 0 141 2161793 164 1935436 187 1426117 210 773544 233 1486118 256 831114 279 1204745 280 0
0
80 3 1251 64 0.9237204384178826 0.14281826751082818 0
11 1 0 2 2564643 26 1977772 51 1716740 75 2278095 99 1797614 123 1470846 147 1120407 172 1451035 196 1984605 197 0
1 79
81 2 1311 32 0.9256260106157824 0.014042131451917083 0
11 50 0 51 1545925 75 1759012 100 1694077 124 1894865 149 2047160 173 1371028 197 1089072 222 831176 246 790798 247 0
0
82 1 620 55 0.9176618928961628 0.12041630015027664 0
14 24 0 25 1508043 49 3478290 73 2658676 97 2975459 121 1903016 145 1916247 168 1968966 192 1125932 216 854198 240 625143 264 422952 288 994385 289 0
1 81
83 3 1239 21 0.9292358053826821 0.08207401898624374 0
14 21 0 22 234268 47 221468 72 217789 97 173163 122 518709 147 753104 171 1190569 196 1315795 221 1344806 246 1502766 271 1300818 296 2011433 297 0
0
84 3 1394 91 0.923913792186923 0.10171792808681022 0
11 13 0 14 1148611 38 1271470 62 1670210 86 1036537 109 845776 133 668269 157 873665 181 709628 205 918934 206 0
1 83
85 1 977 22 0.9268801748689953 0.009842890667138187 0
14 14 0 15 600432 41 461556 66 700076 92 1218343 118 1127589 143 1226059 169 1347058 194 1306537 220 988216 246 1478080 271 844077 297 1148885 298 0
0
86 1 757 86 0.9268635595724908 0.05165173028853859 1
12 40 0 41 470941 65 387436 90 504080 114 537690 138 465421 163 981201 187 1478861 211 1628599 236 2036279 260 1800184 261 0
1 85
87 1 831 74 0.9202023395892923 0.09827506538864623 0
15 3 0 4 1348682 29 1831767 53 1961212 78 1418822 103 1038281 127 1130694 152 1025174 177 1099337 201 1113626 226 2281695 251 3256635 275 2937787 300 2099425 301 0
2 85 88
88 2 1324 27 0.9188045663993073 0.10412391545997872 0
14 10 0 11 798743 35 843700 59 848677 83 1216879 107 1485296 131 1232283 154 1247848 178 993989 202 1446657 226 1617997 250 3412629 274 2826367 275 0
0
89 3 1473 30 0.9148422576742637 0.018933507203111676 0
11 67 0 68 202349 93 338406 118 485961 143 491555 169 837012 194 1257719 219 1724173 244 2888920 269 1911198 270 0
0
90 3 895 83 0.9241701060553762 0.1027252034215158 0
14 1 0 2 728087 26 668076 50 506341 74 569817 98 1167793 122 1469727 146 1298682 170 1311240 194 1053493 218 1110085 242 1405124 266 2841968 267 0
2 89 91
91 1 1256 45 0.9272160482908766 0.0006980942606923613 0
10 32 0 33 984713 57 1088535 82 1044848 106 1220503 130 1754635 154 1857922 179 2192682 203 1450826 204 0
0
92 1 1464 67 0.9280718408406774 0.09798464153288736 0
8 113 0 114 1351866 141 1640565 168 1655341 196 1220479 223 2370738 250 1249781 251 0
1 91
93 1 1385 114 0.9112001419986394 0.11359735877418323 0
14 6 0 7 478975 32 531124 57 623083 83 672310 108 671428 133 1232492 158 1596910 183 1371218 208 2682036 234 1256826 259 1510390 284 2004945 285 0
0
94 3 817 18 0.9188895921946707 0.10838494708937683 0
15 5 0 6 2053123 30 2908767 55 2418263 79 1977441 103 1913489 128 1871147 152 2949280 176 1393591 201 1065823 225 1839636 249 917537 274 637347 298 528605 299 0
1 93
95 3 1450 144 0.9229637195560015 0.11799674572676805 0
7 40 0 41 923472 68 1335273 95 1026897 122 1099817 149 1127634 150 0
0
96 2 632 38 0.9280582799732742 0.04043125181129282 0
15 2 0 3 1008948 27 1109478 52 1000686 76 1114366 100 1474079 125 1060175 149 608994 173 859937 198 698688 222 857238 246 1222952 271 893405 295 948696 296 0
0
97 1 1459 122 0.9286750934054788 0.011581124978919626 0
14 32 0 33 1098075 57 864788 81 1517385 105 1919606 129 1854816 153 1629109 178 1218584 202 1390745 226 1529308 250 1801672 274 2429049 298 1938572 299 0
0
98 3 552 38 0.923100315300755 0.13052469432515107 0
14 17 0 18 1942309 42 1738629 66 1560575 90 1362796 114 1705942 138 871714 162 865006 186 764108 210 1011136 234 865746 258 913595 282 758203 283 0
0
99 2 700 108 0.9227650700439534 0.09856655988211789 0
15 3 0 4 1945951 28 1622799 53 678790 77 800007 101 710377 126 1229324 150 601297 174 796840 199 1050008 223 724029 247 635439 272 546593 296 571852 297 0
1 98
100 2 902 136 0.9265039734789574 0.08841892182790147 0
12 75 0 76 1020419 100 1612426 125 1359303 149 950487 173 1265175 198 918083 222 886978 246 1129643 271 1767121 295 1222198 296 0
2 98 99
101 1 1493 11 0.9173561654812998 0.017422702014083424 0
8 0 0 1 2084126 26 1873867 51 1435222 77 1348412 102 1686181 127 1505354 128 0
1 100
102 1 1284 64 0.9266162263913138 0.06317870655597764 0
8 134 0 135 1056539 158 1454881 181 1207067 204 1999739 227 1772632 250 1471715 251 0
0
103 3 1486 54 0.9269892673227441 0.12549428092229786 0
7 40 0 41 1577768 66 2593392 91 2116263 116 1129563 141 1885106 142 0
1 102
104 3 991 76 0.9298224539739173 0.09177007401652176 0
14 2 0 3 3086478 27 1513740 52 1246653 76 1289993 101 1038139 125 1191908 150 995476 174 998331 199 1186773 223 1002264 248 700737 272 838434 273 0
1 103
105 1 717 41 0.9130194075824676 0.11194382267938911 0
7 184 0 185 705118 212 1077198 239 1227204 265 1227592 292 928886 293 0
0
106 1 797 1 0.9119850119507815 0.00834494638006532 0
14 2 0 3 1407219 28 979679 53 571047 79 559210 104 996775 129 1228686 154 1034147 179 1345006 204 1368833 230 1368462 255 1852494 280 951843 281 0
1 105
107 3 1374 65 0.9178383684928969 0.0634942339981995 0
12 6 0 7 2710674 33 3325175 58 2337782 84 1459463 109 1356846 135 1378875 160 1111354 186 794019 211 649035 237 677320 238 0
0
108 3 1229 133 0.9117729426328454 0.022337904791704794 0
15 1 0 2 1543512 26 1868267 51 1809448 75 1644196 99 1325328 124 1056931 148 708378 172 626881 197 752240 221 459046 245 552489 270 652586 294 919411 295 0
1 107
109 3 1291 123 0.9108177081875654 0.033388878122838396 0
13 8 0 9 4577522 35 2866178 60 1192650 86 738134 112 1519614 137 811320 163 895678 189 572802 215 425036 240 438096 266 627108 267 0
1 108
110 1 985 114 0.9162448620142765 0.08702182591201553 0
12 54 0 55 1109134 80 2412489 104 1986324 129 1632385 153 1610423 178 1487869 202 1523668 227 1258118 251 1041299 276 1169588 277 0
0
111 2 641 46 0.9284406510300094 0.11042642052573272 0
15 7 0 8 1410542 32 2134367 57 2056229 81 1758437 105 1266057 129 1196069 153 773078 178 645973 202 555933 226 634537 251 429709 275 473785 299 348000 300 0
1 110
112 3 950 8 0.9163622679655817 0.14853038754705622 0
10 100 0 101 388803 125 580425 148 891465 172 1431623 195 1360399 219 1640660 242 2457344 266 2725845 267 0
0
113 2 786 7 0.9298500004081945 0.1329814426664531 0
14 15 0 16 2262460 42 1308847 67 1065500 93 727159 119 611914 145 812177 170 1119595 196 758365 222 791523 248 660466 273 762171 299 617032 300 0
1 112
114 3 1128 119 0.917438831832767 0.12089925747757099 0
15 8 0 9 737865 33 1186117 57 1081055 81 715773 105 963061 129 1140936 153 1398827 176 1156215 200 1078421 224 751518 248 1572113 272 2172817 296 1308019 297 0
1 112
115 1 868 25 0.9250116871039908 0.09376354451484861 0
8 135 0 136 1747478 159 1654163 182 1962959 204 2245054 227 1600909 250 2250763 251 0
1 114
116 1 944 159 0.9183562750681313 0.11499877575339726 0
11 85 0 86 1648552 112 1781298 139 3111200 165 1395784 191 2038214 218 1371103 244 1433142 271 1567783 297 1242263 298 0
0
117 3 708 119 0.9224176219247402 0.14536783057575683 0
14 2 0 3 1338146 28 1737766 52 2567664 77 2533850 102 2779870 126 2765424 151 2051686 175 1126046 200 1163876 225 892784 249 500466 274 265097 275 0
1 116
118 1 1407 125 0.9255937947190023 0.0007414772171145167 0
11 38 0 39 1208382 65 1316652 91 1304637 116 892413 142 1166483 168 726134 193 803203 219 776505 245 1212322 246 0
2 116 117
119 1 1050 106 0.9136462654252954 0.07643092072596071 0
14 14 0 15 2810171 40 1912138 65 3300691 90 1500097 115 1021563 140 1009397 164 1421520 189 1249446 214 1614621 239 727538 264 1117633 289 903554 290 0
0
120 3 1069 141 0.9285971086066263 0.13433108854895812 0
9 111 0 112 1706316 138 1537764 164 1613002 189 2521323 215 2175071 241 1458078 267 1613189 268 0
0
121 1 1071 99 0.9211209653567883 0.10578165225643778 0
10 30 0 31 1124005 58 1628387 84 1281531 111 876734 137 841591 164 1660686 190 2037530 217 1756725 218 0
1 120
122 3 893 131 0.9169025565141071 0.0014789930367696213 0
9 47 0 48 1534774 74 1363114 100 1456194 126 1637273 152 1351957 178 1259576 204 1885251 205 0
2 121 123
123 1 993 151 0.927532962944795 0.050613596113904744 0
10 78 0 79 1060083 105 1759712 131 664902 157 714464 182 542300 208 911431 234 1115740 260 896301 261 0
0
124 2 513 130 0.9217590795999109 0.11599926461757082 0
13 43 0 44 1842023 69 1935226 95 2269350 120 2427795 146 2205044 171 850536 196 976671 222 1343126 247 1736796 273 2047806 298 1429778 299 0
0
125 1 870 29 0.9133295428314726 0.07861429376951283 0
14 8 0 9 1184335 33 902991 57 877324 81 1105150 105 1389380 129 1512089 153 1495292 177 1807469 201 2929412 225 3297741 249 2654161 273 2321497 274 0
1 124
126 1 1454 118 0.9239721484879896 0.02056973650125782 0
15 0 0 1 427958 26 464833 51 293807 75 321846 100 323816 125 356499 149 416451 174 895282 199 1328086 224 1610937 249 1619162 273 2616749 298 2112810 299 0
1 125
127 2 1358 33 0.9219642562059204 0.1410167766173617 0
9 110 0 111 891507 137 1055510 163 1736479 189 1533350 216 2007054 242 1816308 268 1825204 269 0
0
128 3 1347 33 0.9195615592874028 0.023554562247971877 0
11 34 0 35 795517 61 903055 87 1097215 114 1164145 140 964026 166 1409134 193 2464522 219 2713977 245 1430540 246 0
1 127
129 2 1295 131 0.9101551004107016 0.00868616668400946 0
8 100 0 101 985669 128 1329049 155 1081004 182 1488482 209 853563 236 618268 237 0
0
130 2 1066 110 0.9161021789299583 0.14941684287820975 0
8 40 0 41 1210638 64 1450314 88 1808599 111 1562068 135 1227898 158 1202007 159 0
2 129 132
131 3 1280 21 0.9276640804777955 0.10636008227283318 0
11 79 0 80 332142 104 339431 128 498577 152 730934 175 860828 199 1432796 223 1682173 247 2673954 271 3590755 272 0
2 129 130
132 3 811 62 0.9248655725734491 0.08256636345006788 0
10 95 0 96 2024893 122 1720658 149 1669474 175 1324349 201 1378012 227 1090113 254 1829264 280 2218065 281 0
0
133 1 1068 57 0.9270001462410601 0.08604637308637669 0
10 91 0 92 937703 118 1375594 144 1589770 170 1353720 195 1539390 221 2442906 247 2495454 273 1656121 274 0
0
134 3 1235 35 0.9224921490870756 0.03276151257319635 0
13 9 0 10 1531424 35 1527144 59 1816548 83 1086491 108 1323889 133 1053123 157 1279575 181 607710 206 451141 231 425376 255 537275 256 0
1 133
135 2 843 127 0.9142243063979436 0.013886858758835169 0
13 9 0 10 747024 34 1179920 58 1302291 82 2073111 106 2043615 130 1690018 154 1268679 178 1244827 202 1336912 226 933247 250 844988 251 0
1 133
136 2 1144 30 0.9234657469500699 0.09047415931801502 0
10 65 0 66 367916 90 263969 115 468411 139 686159 163 1104067 187 1116887 212 1595302 236 2177158 237 0
2 133 134
137 2 1046 9 0.9114015795554563 0.05619296458104964 0
13 47 0 48 3738612 73 2316283 98 1292596 123 758359 148 1363251 173 1037276 197 896580 222 776155 247 666923 272 414576 297 438644 298 0
0
138 3 633 138 0.9107575591602922 0.10308461408580694 0
8 76 0 77 492090 101 920220 125 1317711 148 833991 172 1508566 196 1529975 197 0
2 137 140
139 1 1274 25 0.9242789874970614 0.08798845087826189 0
11 33 0 34 417803 59 746919 83 913346 108 875496 133 906036 157 1270589 182 1367529 206 795553 231 1541717 232 0
2 137 138
140 2 1498 8 0.9185002747467934 0.054427334814918106 0
14 8 0 9 901342 34 1264924 58 1186205 83 976616 108 840861 133 825358 157 1224525 182 1418730 207 1249740 232 1531411 256 1844612 281 1527207 282 0
0
141 2 714 140 0.9262119673193857 0.016140907276276643 0
10 13 0 14 1909146 39 1823796 64 1602851 89 1088293 114 1998910 139 2097801 164 1473241 189 1861445 190 0
0
142 3 520 21 0.9257471525400339 0.026365048673508418 0
8 16 0 17 1096359 40 849429 63 880786 87 1028543 110 1109679 133 1049015 134 0
1 141
143 3 1326 7 0.9182141537721226 0.020821620699643127 0
13 30 0 31 982709 56 1969721 81 1664428 105 699943 130 914118 155 1227719 180 1007629 205 966134 229 1266520 254 1769894 279 1713528 280 0
0
144 2 1300 84 0.9115493721678167 0.09047592254742176 0
12 3 0 4 1257596 29 2173701 54 2245109 80 1527537 105 1198091 130 1164770 155 870858 181 1004419 206 1227048 231 3429526 232 0
1 143
145 2 547 118 0.9290966168590077 0.13659688512640725 0
13 40 0 41 646936 67 1018376 92 922300 118 889608 144 764011 169 986561 195 1186505 221 1277830 247 1242015 272 1500116 298 2460557 299 0
3 143 144 146
146 1 1098 151 0.923610947921506 0.030378834379337277 0
13 5 0 6 2458839 32 2564331 57 2017408 83 1253880 108 2030177 134 1824988 160 1971944 185 1498661 211 1401216 236 1375250 262 1057660 263 0
1 144
147 1 1139 77 0.9187535179573705 0.14660838840227755 0
12 27 0 28 1524730 54 992534 80 1543167 107 1428154 133 1063167 159 1836578 185 1166399 212 1752853 238 1564880 264 2332303 265 0
0
148 2 938 150 0.9293819519075771 0.03462313738262268 0
8 91 0 92 970421 118 1419290 145 1102690 171 758496 198 1287359 224 1663043 225 0
1 147
149 1 676 140 0.9283384679480656 0.0745202629588886 0
7 161 0 162 1281599 190 1367458 217 1912061 245 2527226 273 1544342 274 0
0
150 1 1202 98 0.9140918717547261 0.023942079551358093 0
11 2 0 3 1021009 26 1089329 50 1342541 73 847432 97 1604179 120 1726810 143 1605770 167 1119550 190 1076612 191 0
0
151 3 1280 51 0.929793003685134 0.013264229772060276 0
7 111 0 112 1563837 138 1755464 165 1891992 191 1296002 217 1296141 218 0
1 150
152 1 554 56 0.9138424901367881 0.00492321013433526 0
12 24 0 25 1801877 51 1786736 77 1843537 103 2187016 129 1615810 156 1426271 182 1162934 208 1819189 234 1379515 260 1270115 261 0
0
153 2 1478 27 0.9256952054727215 0.13486705712425323 0
12 23 0 24 2653898 49 2471594 74 3047426 98 1739511 123 1406787 148 1217015 173 856629 197 710660 222 593451 247 899657 248 0
0
154 1 1021 84 0.9273999979237421 0.09904268066367074 0
13 13 0 14 630246 39 447877 65 696465 90 935879 116 1105571 141 1039912 166 1238242 192 1690529 217 2131122 243 2521750 268 3048960 269 0
1 153
155 3 729 108 0.9202240727134812 0.015654825419837346 0
10 21 0 22 633510 46 373978 69 531376 93 571418 117 872100 141 2191490 164 1843406 188 3144880 189 0
0
156 2 865 35 0.9215549872178238 0.07885009519521136 0
13 26 0 27 1935724 52 1696524 77 1446780 102 926690 127 945869 152 1456888 177 985788 202 913711 227 927948 252 972647 277 812165 278 0
0
157 1 1410 68 0.9287950701648469 0.10422830069656418 0
9 35 0 36 578153 59 736168 82 688706 105 670170 128 866221 151 1671007 174 1992781 175 0
1 156
158 2 1005 76 0.9276804754426853 0.04977147600651797 0
12 27 0 28 1405892 53 1708888 78 1564849 104 1411592 129 705660 154 359362 179 306110 205 832213 230 1310773 255 1262183 256 0
2 156 159
159 3 1436 72 0.9111489445789126 0.0038971077389098104 0
11 66 0 67 1622952 93 2116198 119 2345646 145 2193749 171 1723864 196 1489895 222 1086219 248 1127945 274 1405319 275 0
0
160 1 901 65 0.9195778241716199 0.07355572841972836 0
13 3 0 4 969666 30 1118610 56 1377129 82 1577289 108 1279839 135 1011842 161 1168978 187 774938 213 707600 239 882268 265 946989 266 0
0
161 2 802 131 0.9280439086757221 0.06658808061086756 0
15 1 0 2 690221 27 1040559 51 1196329 76 945198 101 1711068 126 1642190 151 2342112 175 1589652 200 2006428 225 1508374 249 1033489 274 796511 299 1197124 300 0
1 160
162 2 933 41 0.9250108069027203 0.06456573758129193 0
9 89 0 90 1818312 117 1332090 143 881690 169 1077387 196 1009612 223 1070447 249 1515625 250 0
0
163 1 542 59 0.9107474321960347 0.12074440949439505 0
15 3 0 4 1382174 28 2019728 53 1508473 77 1429793 101 1268201 126 1861867 150 1145542 174 926366 199 934979 223 854747 247 556011 272 769886 296 667328 297 0
0
164 3 1325 144 0.9240285316322506 0.0937980015909569 0
13 26 0 27 905440 52 618306 78 450111 103 548843 129 528358 154 1178629 179 1335650 205 1379563 230 2241476 256 2273599 281 3290369 282 0
1 163
165 1 689 41 0.9268619875553147 0.13132293581093443 0
8 31 0 32 1942779 59 1342082 86 1555434 112 1472279 139 1080773 166 680401 167 0
2 163 164
166 3 1448 146 0.9160111665964707 0.019408538710271105 0
14 15 0 16 1337532 41 736360 67 880176 92 1328714 117 1672704 142 1778232 168 1694195 193 1395287 218 1052244 243 1279610 269 1723161 294 1182326 295 0
0
167 3 953 92 0.9188424498956823 0.009105036242402541 0
15 7 0 8 749204 32 699628 57 683052 81 444265 105 294004 130 293895 154 338176 178 505894 203 897738 227 1432038 251 2189079 276 1826224 300 2126765 301 0
1 166
168 1 1042 96 0.9192925687234421 0.06914726565086472 0
7 145 0 146 1942546 173 2310621 201 1790909 229 1725049 256 1113519 257 0
1 166
169 3 673 82 0.923497153076644 0.12318011920077755 0
7 117 0 118 1489737 143 1377480 169 894971 194 912610 219 1061572 220 0
0
170 3 989 72 0.9216504225588199 0.06299334595718648 0
8 151 0 152 1447376 177 1303258 201 1395547 226 1634676 250 1399900 275 1111389 276 0
0
171 2 870 136 0.912381996071041 0.06141293633928552 0
14 5 0 6 2007554 32 2179867 58 2064495 84 1602092 110 978630 136 1196534 162 1500316 188 1635112 214 963887 240 717685 266 786435 292 728877 293 0
0
172 3 766 29 0.9109599953624133 0.017136516327238165 0
9 137 0 138 2440298 164 2493665 190 1808801 216 1737290 242 1257621 268 1353424 294 1429782 295 0
1 171
173 2 748 56 0.927440228219219 0.07270800009021838 0
9 44 0 45 1313128 69 1448708 94 1501377 118 2257010 142 1693068 167 2241625 191 2308943 192 0
0
174 2 637 87 0.9181852101701797 0.0017764921705608837 0
13 14 0 15 1373802 41 1179362 66 1041183 92 1771654 117 1642990 143 1688864 169 2116908 194 2197984 220 1495765 245 1829682 271 2288575 272 0
0
175 1 1197 19 0.9166474895373223 0.09738856446303933 0
13 43 0 44 1430776 68 1460456 92 2057747 116 1109890 140 1255226 165 1166268 189 988710 213 858038 237 1052021 261 1307073 285 668198 286 0
1 174
176 2 500 45 0.9204033289744026 0.04398048983971589 0
11 34 0 35 1441052 60 2014294 85 1857309 111 2210041 136 1332114 161 1185832 187 1343516 212 1593989 237 2098648 238 0
0
177 3 878 89 0.923496101281711 0.11280138605764137 0
13 43 0 44 2409537 69 1184235 94 1954914 119 1653032 144 1041926 169 1389691 194 939560 219 1063366 244 1530007 269 1192687 294 1413849 295 0
2 176 178
178 2 1286 102 0.9229616426706789 0.1254624331324518 0
13 29 0 30 1644317 55 944658 80 1190872 105 1188109 130 1238347 155 860455 179 1558373 204 1343349 229 939940 254 1012160 279 752397 280 0
0
179 3 1296 75 0.9167129345889844 0.1464523385843171 0
8 160 0 161 2075610 186 2990064 211 2240728 237 1313914 262 1130751 287 1097720 288 0
0
180 3 1309 133 0.9277961988804256 0.10201483508190666 0
11 20 0 21 567357 46 410491 71 482026 96 686593 121 1224248 146 1413973 171 874919 196 1553700 221 2423838 222 0
1 179
181 3 1404 67 0.9122127398346828 0.05370129305695214 0
7 132 0 133 2817230 161 1108057 189 984257 216 800363 244 823231 245 0
1 179
182 1 765 25 0.9119004651886823 0.041830627980432696 0
12 53 0 54 1298375 78 1037982 102 822832 126 1104623 150 1697811 174 2206777 198 2518137 222 1938965 246 2063264 270 1820218 271 0
0
183 3 1268 42 0.9299853329376926 0.1422774284054079 0
11 33 0 34 2646403 59 2764932 85 1191747 111 1228132 136 685942 161 588512 187 334742 213 520553 238 581780 239 0
0
184 3 1071 151 0.9140110546015654 0.04055826600578861 0
8 148 0 149 2831637 173 1769414 198 857509 222 1164360 247 1025308 271 1010522 272 0
1 183
185 1 1011 79 0.9211571087368942 0.09376752471517287 0
9 146 0 147 1836902 171 1247690 195 745251 219 783160 243 1984076 267 1706040 291 2808004 292 0
1 183
186 1 833 128 0.9285048942474324 0.1337904802658587 0
10 18 0 19 718411 43 908275 67 768336 91 1377688 115 1781186 139 967161 163 1026731 187 1139686 188 0
0
187 1 717 135 0.9248986749558181 0.003033512296423385 0
7 159 0 160 1378455 185 1670702 211 1079593 237 1223782 262 1751741 263 0
1 186
188 2 598 128 0.9220198893841599 0.012558194170444691 0
11 7 0 8 1368463 34 1729371 59 1586385 85 1989941 111 1748444 136 1525846 162 1345575 187 1362010 213 1329208 214 0
1 187
189 3 1351 34 0.9142006314655959 0.011426431497410067 0
10 52 0 53 1036405 79 1444447 106 1052466 132 1210706 158 1136753 184 1826737 211 1810379 237 2126485 238 0
1 188
190 1 1099 141 0.9141369872551114 0.10682668669011029 0
9 24 0 25 714737 48 741124 72 1257817 95 1123735 118 1205807 142 792778 165 1425154 166 0
0
191 1 609 112 0.9103887724179068 0.13641806443108134 0
12 42 0 43 1008430 67 1123376 91 1482613 115 1654845 139 2087861 162 1865067 186 1136795 210 828038 234 799981 258 701144 259 0
1 190
192 2 1143 119 0.9259019229158693 0.019963631785538703 0
11 41 0 42 1244327 66 1640424 90 2097278 114 2087286 137 1657345 161 1262762 185 1178144 209 1029670 233 1531934 234 0
0
193 1 837 50 0.9157834480548778 0.14887535588545342 0
10 67 0 68 2352415 92 1457656 115 952975 139 585844 162 466335 186 833360 209 566551 233 547833 234 0
0
194 3 1326 42 0.921426995799471 0.0516145157831637 0
10 119 0 120 1622568 144 2351947 168 2503145 192 2233363 217 1590691 241 1446581 265 1113934 289 842404 290 0
0
195 2 1264 120 0.9180916046819086 0.002490910496047066 0
7 187 0 188 1106702 214 1238170 240 2549770 266 1990947 292 1502424 293 0
1 194
196 3 613 50 0.9296693959501445 0.09673635690316411 0
8 50 0 51 1864364 76 1936437 102 2132076 127 1623218 153 1303619 178 2037459 179 0
0
197 1 1139 6 0.9139861302577477 0.07814792012237777 0
7 90 0 91 1529297 116 902575 141 967456 165 885048 190 1379747 191 0
0
198 3 1015 39 0.9194758641329184 0.14463071812623116 0
11 106 0 107 806665 131 757596 155 1296298 179 1843008 203 963668 228 1357246 252 1241804 276 1177458 300 1066003 301 0
1 197
199 1 1372 153 0.9128708753410408 0.09611943371134765 0
12 2 0 3 1824979 27 1292420 50 1448195 74 1160184 97 1239389 121 1233787 144 845210 168 2395920 191 2031366 215 1484761 216 0
0
200 3 708 99 0.9291489715098976 0.12728525530010984 0
14 0 0 1 2057793 27 1701210 53 1407152 78 1620789 104 2193285 130 2335070 156 1727852 182 1949751 208 2097162 233 1859358 259 1561494 285 2009896 286 0
2 199 201
201 2 521 144 0.928848622676495 0.10144167083815478 0
10 18 0 19 682106 43 1093339 66 1335850 90 1632785 114 1840803 138 1863832 161 2760380 185 2291634 186 0
0
202 3 1188 131 0.9117711191960837 0.11087794762848192 0
13 26 0 27 2634270 51 2616420 76 2127396 101 1869066 125 1765406 149 1701105 174 1463067 199 791907 223 736358 247 520061 272 441757 273 0
1 200
203 2 671 34 0.923912119198262 0.014321048413870724 0
14 26 0 27 1081273 51 1846359 75 1760602 99 1150419 123 1240913 147 1110604 172 1037875 196 1422591 220 1167622 244 593790 268 467297 292 298792 293 0
0
204 1 1450 78 0.9234773718667599 0.12569105568332173 0
11 25 0 26 1381662 51 1471575 75 1660298 100 1348955 125 1495744 149 1447872 174 2025896 198 2227097 223 3251394 224 0
1 203
205 3 1100 142 0.9205014710574937 0.11767367009455802 0
11 40 0 41 1954812 67 2480954 93 1338783 119 1478095 145 1730184 171 1841166 197 1527504 223 763486 249 1170931 250 0
3 203 206 204
206 2 573 59 0.9171515213916714 0.11272196103153699 0
15 6 0 7 669213 31 1265099 56 868510 80 874407 105 1001901 129 1448544 153 1232432 178 1052057 202 1205324 227 894248 251 1499217 276 2053635 300 1627799 301 0
0
207 3 847 109 0.9253419490103565 0.03576386513465293 0
7 77 0 78 1681715 105 1868691 131 1013724 157 873597 184 838682 185 0
0
208 1 804 150 0.9147092775165877 0.09283482316411948 0
8 114 0 115 684089 139 702235 163 534943 186 808520 210 990789 234 1952623 235 0
1 207
209 3 1097 63 0.9220930850683237 0.13583654044084703 0
8 68 0 69 1247123 92 2101751 115 1881413 138 2551626 161 1682851 184 1657793 185 0
0
210 2 1172 128 0.9121053280694469 0.08204624574479212 0
15 6 0 7 1496868 31 1606551 55 1019464 80 856671 104 1419266 128 973535 153 1155618 177 736349 201 785161 225 738122 249 630343 274 760724 298 1430868 299 0
0
211 3 659 29 0.9217012190919808 0.012457181163372128 0
15 0 0 1 521801 25 783318 49 1004992 73 832154 97 1548862 121 1149089 145 1628581 168 1661456 192 2027218 216 1691680 240 1531913 264 3615194 288 1937192 289 0
0
212 1 585 75 0.9125423774566529 0.05697112323111081 0
8 135 0 136 800980 163 677579 190 1059816 217 886357 244 1463061 271 2995264 272 0
1 211
213 3 1372 117 0.9256684951115068 0.06752123074918039 0
13 2 0 3 597766 28 814736 54 990164 79 1989912 105 1655835 130 2173657 155 2227149 181 2830321 206 2298763 232 1420452 257 1015444 258 0
2 211 212
214 1 932 130 0.9164199612640406 0.1160076863567164 0
10 5 0 6 908948 30 712687 53 851861 77 1047936 100 985450 124 1155183 147 894792 171 1349154 172 0
1 212
215 1 945 122 0.9265724047300468 0.02898056217713498 0
10 9 0 10 881944 33 1184366 56 900380 79 1270345 103 1208299 126 1730072 149 1813557 172 2771856 173 0
0
216 1 1009 98 0.913776170891861 0.03728457920352699 0
9 107 0 108 474299 132 535717 157 746942 181 1020246 205 1152033 230 1949301 254 2395909 255 0
1 215
217 3 1389 151 0.9283227274082874 0.1471862705625182 0
7 182 0 183 2576878 208 1186102 233 1724168 258 1688169 283 2138715 284 0
2 215 216
218 3 566 70 0.9193316914547329 0.028697363977544188 0
8 31 0 32 1146257 59 991461 86 1166624 113 1024540 140 1485267 167 1309368 168 0
0
219 3 1496 91 0.9189101733827475 0.12223975409733152 0
14 23 0 24 921774 48 900200 72 858352 97 565017 121 1000011 145 1769326 169 2251855 193 2260280 217 2526753 242 2585821 266 2982528 290 2918540 291 0
1 218
220 3 620 149 0.9195129612549872 0.10232165347261706 0
8 139 0 140 2897753 163 2024260 186 1237678 208 1084246 231 1130329 254 1119768 255 0
1 218
221 3 687 23 0.9250776070807769 0.1272751162006762 0
12 31 0 32 1170120 56 1256326 80 1627006 105 1601188 129 1089458 153 1320827 177 1362456 202 1133488 226 1094042 250 1013842 251 0
0
222 2 872 4 0.9229287536796393 0.09707534541139307 0
10 54 0 55 1179931 81 1446311 108 1256712 134 790120 160 930053 186 1330801 213 1567271 239 1474584 240 0
0
223 1 1466 126 0.9266363837532615 0.03937652201718661 0
9 36 0 37 2078584 63 2345257 88 1218193 114 774370 140 867417 165 880873 191 1351645 192 0
0
224 1 902 61 0.9192590175803012 0.14146126100047693 0
8 39 0 40 1278565 63 1032196 86 1102102 109 783923 132 1682238 155 2593464 156 0
0
225 2 793 68 0.9178800214462917 0.07540537207002568 0
11 50 0 51 2485479 75 2459315 100 1688209 124 1097680 149 1428821 173 1258832 197 993346 222 1126440 246 1047300 247 0
1 224
226 1 1301 85 0.9126809116886996 0.07062245215074876 0
7 7 0 8 1074476 33 801134 59 793603 84 1397169 109 1476325 110 0
1 224
227 1 1317 134 0.929711494859772 0.04920424263613047 0
13 1 0 2 919414 28 1236279 53 1071967 79 1265179 104 2207063 130 2422602 156 2432758 181 2675586 207 2446503 232 1510135 258 1272885 259 0
1 225
228 1 1215 98 0.9157041829679475 0.06561473988219792 0
12 13 0 14 658365 38 863757 63 1114974 87 1407379 112 2998575 136 3023875 161 2166963 185 2362564 210 1606504 234 1422923 235 0
0
229 2 875 92 0.9279696106208902 0.1170668226806887 0
9 16 0 17 2094692 43 1940247 68 1507814 94 1148146 120 992933 145 871873 171 944473 172 0
2 228 231
230 3 921 41 0.9286469330890357 0.06434113867279488 0
11 68 0 69 1016829 93 1016066 117 887858 141 834787 165 1084242 190 1126461 214 2031223 238 1557357 262 964081 263 0
1 228
231 1 592 131 0.9225311898886828 0.06213996636702651 0
11 9 0 10 684159 33 870716 57 1706087 80 2701026 103 2622585 127 2284511 150 2010772 174 1804745 197 919136 198 0
0
232 2 808 147 0.9140573972309705 0.148603873383489 0
10 42 0 43 849204 67 540126 92 1055917 116 946617 141 1272693 165 1180227 190 1277335 214 1503219 215 0
0
233 2 662 33 0.9115277000255766 0.09146651826609337 0
7 127 0 128 1487026 154 1474142 181 1282314 207 1033448 233 1038487 234 0
1 232
234 2 982 113 0.9122771357252357 0.08722380196715813 0
8 154 0 155 1158946 181 1383258 207 2050370 233 1273002 259 961077 285 840322 286 0
1 233
235 3 1161 61 0.9136793255494291 0.07271660764970572 0
12 39 0 40 1573202 66 1444560 92 2193767 118 1563144 144 1695095 170 1694058 196 1220304 222 1007060 248 1468691 274 1717745 275 0
1 233
236 1 682 144 0.9281094498578901 0.08625197178355118 0
8 42 0 43 2734560 66 1524238 89 1937300 112 1082229 135 1188752 158 1131064 159 0
0
237 1 603 146 0.9255485071558837 0.07271093819505053 0
13 8 0 9 598497 35 791212 61 754720 87 1470979 113 1321388 139 2059909 165 1550622 191 1629659 217 1423470 243 912196 269 905193 270 0
0
238 2 1042 13 0.915779799771249 0.06100232967774627 0
10 58 0 59 1406376 82 985579 105 1165983 128 907226 152 1046802 175 823440 198 1166394 221 956776 222 0
1 237
239 1 1107 60 0.9186987978847215 0.14813411064891369 0
9 132 0 133 1822511 156 1352179 179 799746 202 599420 225 809787 248 734978 271 432627 272 0
0
240 3 1404 49 0.9209422220291237 0.1179110627688533 0
8 25 0 26 2212998 50 1686583 73 1648745 97 1622202 120 1417839 144 2093936 145 0
1 239
241 3 716 96 0.9220372126068976 0.10528162095582098 0
13 29 0 30 2815352 56 3049064 81 2505009 107 1823130 132 1610407 158 764084 184 734086 209 755811 235 670747 260 394260 286 169739 287 0
0
242 1 1153 117 0.9217474898161825 0.14729788333992633 1
10 19 0 20 2285939 46 1553100 72 906789 98 730157 124 676899 150 603256 176 632809 202 687781 203 0
2 241 243
243 1 682 108 0.9231077457887527 0.05135780487764214 0
13 15 0 16 254122 40 318451 65 352908 89 842051 114 907525 138 1390901 162 1202103 187 1420757 211 1497267 236 1677901 260 1209734 261 0
0
244 2 896 133 0.9278749379981768 0.12367272841395086 0
10 113 0 114 1238733 138 1369911 162 1091259 186 576902 211 1272227 235 1712207 259 1333858 283 852407 284 0
0
245 1 1079 40 0.9247796819639176 0.03876536185538188 0
13 10 0 11 1350705 35 1829418 60 1240956 85 808087 109 1231678 133 1456927 158 1435063 183 2120301 207 2731344 231 2432140 256 1481596 257 0
0
246 1 1286 75 0.9105424787807331 0.10119503620818714 0
15 0 0 1 1778125 26 944621 51 1322335 76 1360833 101 1610189 126 1230952 151 1194361 175 1818056 200 2103763 225 2166587 250 1618487 275 2303104 300 1973181 301 0
0
247 3 1202 101 0.9130052583264453 0.09906495273380232 0
14 7 0 8 956816 33 1737834 58 1031606 83 1514010 108 1486586 133 598663 159 830780 184 786229 209 580797 234 589788 259 938608 284 1300470 285 0
2 246 248
248 2 814 119 0.9157946678082819 0.0625274852161145 0
7 156 0 157 1330365 182 1287472 207 975740 233 1008073 258 972765 259 0
0
249 1 989 80 0.9254666741386723 0.09725890223721825 0
15 0 0 1 792752 26 632586 51 1106864 76 931256 101 1374765 126 1553610 151 1449391 175 1324036 200 1180032 225 950897 250 1272083 275 1276624 300 858949 301 0
0
250 3 1461 80 0.9184504102785387 0.11293387572972763 0
10 77 0 78 1449540 102 1827662 125 1642505 149 1392933 172 1223319 196 2350644 219 1793402 243 1441551 244 0
1 249
251 2 1184 126 0.9224079400377142 0.03627824438731942 0
13 11 0 12 1779310 36 1587641 60 1377646 85 1605207 109 1852508 133 1133471 157 887349 181 795378 206 722884 230 765018 254 697166 255 0
0
252 2 1045 147 0.9296811574207563 0.011354558345470899 0
13 26 0 27 793943 51 1129407 76 1569599 100 1447718 125 997872 149 938216 173 1103210 198 2049034 222 1699188 247 916759 271 747989 272 0
0
253 3 930 6 0.9209159505120973 0.14516034255114876 0
10 65 0 66 370202 93 454288 119 688535 146 1087709 172 1596904 199 1547622 225 2310508 252 1968122 253 0
0
254 2 1033 108 0.9145572700639082 0.005901051833774163 0
9 136 0 137 2918750 160 2942095 183 2107560 206 1272452 229 630851 252 1077961 275 1082214 276 0
0
255 1 529 142 0.9200523499300494 0.09562002450186588 0
9 145 0 146 1931806 170 1994484 194 1033168 217 1304872 241 1700706 265 2417993 289 2677360 290 0
1 254
256 3 931 18 0.9222235067400556 0.0011516140583284651 0
13 40 0 41 3286000 65 2844192 89 2531459 114 2576922 138 1276881 162 1221906 186 1187176 210 978861 235 972980 259 871124 283 582553 284 0
0
257 2 1495 70 0.9189125631122232 0.0434067413627847 0
14 7 0 8 616860 34 530908 60 460533 86 531672 112 605763 138 598106 163 670448 189 765241 215 1686113 241 2036705 267 2674692 293 1975104 294 0
0
258 3 997 108 0.9169973454692218 0.13200361492707888 0
15 0 0 1 2865218 26 2237489 51 2369608 75 1780981 100 1468794 125 1200175 149 1741023 174 1307120 199 989853 224 926674 249 1027383 273 943900 298 868362 299 0
1 257
259 1 1330 110 0.9255734074239835 0.09647930664272363 0
15 10 0 11 756054 35 899432 59 806918 83 1171550 107 2553440 131 2427847 155 2339464 178 2333055 202 2469832 226 1402611 250 2090570 274 1052367 298 1761223 299 0
3 257 258 260
260 3 655 122 0.9135956865688444 0.03814108540780871 0
7 146 0 147 1193511 173 1485668 199 1053681 225 1230579 251 972435 252 0
1 258
261 1 1477 6 0.9229156617104717 0.053180414289935043 0
14 19 0 20 1029717 45 1760162 70 1535905 95 1033258 120 1069990 145 1612736 170 1260582 195 1187398 220 1177044 245 1392723 270 2267528 295 1988406 296 0
0
262 1 1256 114 0.9113526971177637 0.07628816487550666 0
9 97 0 98 3033036 121 1855004 144 1815424 167 1384049 191 926782 214 1000768 237 1057383 238 0
1 261
263 2 692 122 0.9173488690045457 0.10806784697427171 0
8 42 0 43 1615408 70 1405413 97 1085481 125 954281 152 767683 179 468568 180 0
0
264 1 1483 32 0.9158921577311325 0.01688550970844947 0
11 13 0 14 1055111 39 1378622 64 1735864 89 1722381 113 2665805 138 3527823 163 1461368 188 976201 213 1256658 214 0
0
265 1 1465 136 0.9156348498322033 0.00711727000243702 0
7 175 0 176 1436781 201 984579 227 681464 253 937718 278 851447 279 0
2 264 266
266 3 651 117 0.9110098211048971 0.03262176323913467 0
14 2 0 3 2293295 28 2106162 52 1489486 77 1716335 102 1765991 127 1736479 151 943763 176 1127546 201 1591467 226 1995326 250 2746957 275 2843402 276 0
0
267 2 736 32 0.9109233169929747 0.11669872622787641 0
8 164 0 165 467987 190 724041 215 799583 240 972830 265 981048 290 1840772 291 0
0
268 3 821 124 0.9172641008103667 0.004660753715045429 0
8 56 0 57 1458747 80 1198448 103 896660 125 1036430 148 966771 171 1507834 172 0
1 267
269 3 1020 135 0.921893374298301 0.1332947550709658 0
11 33 0 34 856790 58 847580 83 849974 107 715639 131 1362364 156 1381591 180 1767826 205 1948849 229 2682623 230 0
1 267
270 3 1315 35 0.9178946468110747 0.11677080147386333 0
13 9 0 10 2595182 34 2006820 58 1970164 81 1497005 105 841006 129 667564 153 1246454 177 1389901 200 1316748 224 527008 248 484391 249 0
0
271 1 549 20 0.9204379975716402 0.056320721435762916 0
9 88 0 89 2086558 115 1990745 141 1989276 167 1908235 192 1822769 218 1209647 244 1054730 245 0
2 270 273
272 3 1232 80 0.9158360912682108 0.041789246377027266 0
12 41 0 42 1687345 66 1449246 90 1255274 115 2233006 139 1303649 163 1854340 187 2742902 212 2091909 236 2331197 260 1557121 261 0
1 270
273 2 1227 121 0.9154631669687122 0.07119969575119585 0
12 27 0 28 1157398 52 1451238 76 1344615 100 1635916 124 1153874 148 1020187 172 1667244 196 1531541 220 1870953 244 3343678 245 0
0
274 2 690 54 0.9236047807194941 0.007179933216982043 0
13 7 0 8 401522 32 593893 56 481313 79 458482 103 520536 127 1165560 151 1657994 175 2048530 198 2810333 222 2719444 246 2883881 247 0
0
275 3 1485 88 0.9219428740240243 0.03722071180788331 0
8 150 0 151 2713665 175 2291449 199 1353967 222 975490 246 1037488 270 861515 271 0
1 274
276 3 615 42 0.9246536695311813 0.1380482958581203 0
7 25 0 26 2045496 51 1860216 75 1414531 100 2129977 125 1953339 126 0
0
277 2 1281 142 0.9239739435807321 0.06309408439920687 0
11 84 0 85 927671 109 1051538 134 1117162 159 1616984 183 1018191 207 894445 232 1223318 257 2271940 281 3952348 282 0
1 276
278 3 1390 152 0.9215393856829746 0.1267555085544186 0
11 92 0 93 1795953 117 1453818 141 1606668 165 2633599 189 1450147 213 1252153 237 1137913 261 868791 285 1171857 286 0
1 277
279 1 671 139 0.9200577732572824 0.08376759875473014 0
9 6 0 7 1100542 31 1070638 55 1250926 79 933135 102 1212689 126 2033676 150 1252648 151 0
0
280 1 539 80 0.9208744812551409 0.0925233949926036 0
14 3 0 4 891161 28 918898 52 609811 77 1631986 101 2258992 125 1761592 149 1360644 173 2227290 197 2240816 222 1359196 246 2412320 270 3644390 271 0
1 279
281 3 505 80 0.919455283929508 0.019044779704576197 0
13 32 0 33 1219928 58 904170 83 1126801 107 957523 132 1439639 157 1661134 182 2084193 207 2772401 231 1246914 256 933009 281 1429652 282 0
0
282 2 514 63 0.9265880311405588 0.05789505783716877 0
11 84 0 85 553100 110 912354 135 662009 160 839765 185 1001290 210 1754909 235 2567750 260 3777692 285 2855401 286 0
1 281
283 3 595 132 0.9141458960869434 0.14845670284430748 0
9 44 0 45 1456132 69 1087690 94 807911 119 1265044 143 1364912 167 825768 192 970215 193 0
0
284 1 535 140 0.9127894858912902 0.11047504256390997 0
9 90 0 91 1671000 114 1069514 137 727676 159 421147 182 601241 205 985085 228 1410403 229 0
1 283
285 2 1200 42 0.9155230738998981 0.022328296943326654 0
10 103 0 104 294949 130 478505 156 1515350 182 2047631 208 4006088 234 1487358 260 1174709 286 1355636 287 0
0
286 3 1036 112 0.9117032870999748 0.06638229587433038 0
13 4 0 5 1377261 31 1967404 57 1411139 83 1777725 109 1210224 135 1609106 161 1408772 187 886086 213 1197350 239 1097878 265 1382601 266 0
1 285
287 1 1287 7 0.9145043763101034 0.10163444140654067 0
13 7 0 8 1357558 32 1160382 55 1373840 79 1699637 103 1734428 127 2737934 150 1915636 174 2082518 198 2138034 221 2757016 245 1969586 246 0
1 286
288 1 937 31 0.9227467209473631 0.10749118027510364 0
10 14 0 15 2487351 41 1839233 68 1655012 94 2181180 120 935072 146 757641 173 1492108 199 1321632 200 0
0
289 3 1379 123 0.9153983889558401 0.04521270597392022 0
10 14 0 15 1648134 39 1911158 63 1255025 87 1301555 110 835133 134 926712 158 1010845 182 1164409 183 0
2 288 291
290 3 659 95 0.9127090073890856 0.06721195747153896 0
15 0 0 1 692416 26 913679 50 932003 75 1123302 100 1211763 124 1209692 149 1026676 174 1221187 198 1510522 223 2495163 248 1988068 272 2289034 297 2056277 298 0
2 288 291
291 2 1067 151 0.9161925296624869 0.018789623036112073 0
10 101 0 102 1784484 127 1765737 153 2405417 178 2255157 204 854364 229 470577 255 391360 280 411702 281 0
0
292 1 1443 150 0.9213236605304403 0.11149784212390244 0
12 75 0 76 583461 101 573838 125 573830 150 769849 174 887806 199 1755693 223 1819783 248 2681199 272 1796359 297 1174999 298 0
0
293 2 954 112 0.9174315188387332 0.09862374513019634 0
13 58 0 59 1061570 83 940673 107 1602120 131 1814839 155 1094905 179 1126821 204 1172799 228 914412 252 808332 276 1465589 300 1028436 301 0
2 292 294
294 1 550 49 0.9249981014185692 0.10690362430212748 0
10 80 0 81 1593642 105 1210500 129 1887548 153 1403437 178 2461282 202 2837668 226 1516462 250 2273244 251 0
0
295 1 922 94 0.9104081561741675 0.1045722627216698 0
9 44 0 45 1305637 71 1335354 97 1129810 123 1168449 149 634305 175 715535 201 1188213 202 0
0
296 3 615 152 0.9194337917856206 0.014922368437336141 0
8 100 0 101 2123560 124 2057603 147 2135275 170 1293319 193 1485436 216 1367035 217 0
2 295 298
297 3 989 32 0.9255643722694845 0.020596651082704153 0
7 66 0 67 1734813 92 1800838 117 1091517 143 1291484 168 884691 169 0
2 295 298
298 1 1479 22 0.9134648201155517 0.05957731289947244 0
12 39 0 40 3657429 66 1905922 92 1938268 117 1423375 143 1367062 169 1343470 195 1255479 220 762756 246 511795 272 370681 273 0
0
299 3 510 1 0.9258421312151542 0.05778767214216868 0
10 92 0 93 2449721 119 1670857 146 702737 172 857111 199 643945 225 506516 252 857350 278 2206477 279 0
0
300 3 730 108 0.9231902376969082 0.12537364712631419 0
14 11 0 12 1727147 36 2320594 60 1398354 83 1393122 107 1117698 131 1100476 155 1146949 179 1156650 203 903499 226 890891 250 1151137 274 1081127 275 0
2 299 301
301 1 733 130 0.9168980991621704 0.001536917672016963 0
14 21 0 22 2270727 47 2115579 72 1100590 97 653136 122 754733 147 694544 173 1103274 198 799890 223 912847 248 891297 273 589579 298 418109 299 0
0
302 3 817 103 0.9278068976067472 0.044780338854180125 0
14 0 0 1 2387417 26 2419228 51 2701262 76 2021948 101 1069500 126 899954 151 885841 176 1334580 201 1123549 226 1159083 251 556308 276 885526 277 0
0
303 1 1425 127 0.9238020175805147 0.09349042448977644 0
13 14 0 15 966538 39 1025466 63 1729486 88 860430 112 1312127 136 884899 160 1553201 184 1662249 209 1324679 233 1029148 257 957985 258 0
1 302
304 3 1312 57 0.9292361971955914 0.03575238683364109 0
8 18 0 19 525579 45 687937 71 1182540 96 1607287 122 2280691 148 1994590 149 0
1 303
305 2 542 117 0.910417999891307 0.08312424842439203 0
13 4 0 5 4024714 30 2353823 55 1462441 80 1331605 105 1465493 129 1196469 154 1663064 179 1514908 204 1196162 229 1043444 254 613034 255 0
0
306 2 973 153 0.9249334775693023 0.14735968934266439 0
8 125 0 126 1742829 149 1226391 172 1480714 195 1262155 218 1330768 241 1440378 242 0
1 305
307 3 624 87 0.9206225686601063 0.0015958106006783378 0
12 62 0 63 1561751 87 1767685 110 1661737 134 1777522 157 1538399 181 1537989 204 897795 228 432349 251 344106 275 343107 276 0
1 306
308 3 1282 14 0.9155676470156691 0.0772758744815858 0
14 14 0 15 2781753 40 1961612 65 973917 90 526477 115 460361 140 204978 165 226492 190 134357 215 180565 240 136496 265 157144 290 136509 291 0
0
309 3 1234 75 0.928110563342998 0.03223195399324414 0
14 6 0 7 1204776 32 1825529 58 1623322 83 1225904 108 712426 133 665581 159 555158 184 481041 209 671751 234 1103306 260 844435 285 969379 286 0
2 308 310
310 1 621 72 0.9194405072847962 0.09620178026054613 0
13 12 0 13 1527104 39 1068180 65 1205544 91 2245584 117 1489099 143 1151831 169 952266 195 662512 221 600840 247 429676 273 380558 274 0
0
311 1 946 56 0.9173843844597174 0.06230721516371339 0
14 2 0 3 765200 28 864923 53 1012757 77 1381447 102 1016683 127 1428399 152 1479865 177 790621 202 1011812 226 1241876 251 1319440 276 2066694 277 0
2 310 309
312 1 827 98 0.9279756126847128 0.016103732451847985 0
11 79 0 80 1118564 105 962446 130 694564 155 701551 179 1298870 204 1235827 229 2161155 254 1561398 279 1676986 280 0
0
313 1 1110 39 0.9162517210571068 0.08816477454563931 0
13 37 0 38 616792 64 689727 90 1047979 116 1917811 142 2468628 167 1710622 193 1208424 219 1087729 245 1383734 271 1149849 297 2182633 298 0
1 312
314 1 939 57 0.9130554939731151 0.04541145837736305 0
13 13 0 14 977517 39 1831159 65 1565716 90 933027 116 898200 141 476684 166 795053 192 806450 217 714246 243 1213594 268 1071293 269 0
0
315 2 669 24 0.9285961559691964 0.14828336810731882 0
13 5 0 6 663842 32 525463 58 495692 83 659642 109 684055 135 609303 161 899857 187 988834 212 1867657 238 1494121 264 1418605 265 0
0
316 1 1441 20 0.9268911344939376 0.11422295454800352 0
12 72 0 73 1996466 97 1454142 122 1627832 146 2058936 170 1766885 195 1590535 219 1330152 243 1465922 268 783138 292 719030 293 0
1 315
317 2 596 149 0.9162758491680008 0.060989515005853846 0
13 54 0 55 2518255 79 2356714 103 1906952 128 2465934 152 2089497 176 1745582 200 1734355 224 1052166 249 911328 273 909559 297 1386294 298 0
0
318 1 609 38 0.9121524147808767 0.09845019340579936 0
10 57 0 58 1167602 84 1199846 110 940400 136 921817 162 933151 188 930977 214 900932 240 1550965 241 0
0
319 1 844 151 0.9229095040536863 0.01900164595647955 0
8 150 0 151 944221 176 822614 202 2095838 227 2011499 253 1398094 278 1413589 279 0
2 318 320
320 1 1482 56 0.9202411656715612 0.13641599353468067 0
10 24 0 25 2294786 51 2155411 77 2678862 103 2360140 128 1851343 154 1586323 180 904174 206 1125238 207 0
0
321 1 1341 56 0.9125083047856521 0.14374235827258772 0
12 37 0 38 1413742 64 1605256 89 1742302 115 2485050 141 2838707 166 1740610 192 1399037 218 792390 243 489597 269 232911 270 0
2 320 319
322 2 1118 125 0.9211853711959466 0.10638661280028144 0
13 37 0 38 467374 64 417633 89 451600 115 644131 141 974119 167 986821 192 2007896 218 2575473 244 2120149 269 1193648 295 1783698 296 0
0
323 2 969 118 0.9130237657791453 0.05387492227032163 0
11 82 0 83 507566 107 773544 131 943706 156 988449 180 1209085 204 1155075 229 1381101 253 1824854 277 2811479 278 0
0
324 1 1405 72 0.9265563594106565 0.04391436998962549 1
9 153 0 154 210982 178 256685 202 674760 226 1417795 250 2208947 274 2782212 298 1520522 299 0
1 323
325 2 556 137 0.9235848889940232 0.0245445262822488 0
13 29 0 30 2662138 54 1045138 78 870646 101 1107573 125 1143664 149 1497563 173 1349906 197 1446352 220 1089747 244 1971699 268 3734275 269 0
1 323
326 1 1238 158 0.9141927553627083 0.01987745547157674 0
11 44 0 45 1551482 71 1739351 97 2697933 123 2007722 149 1489283 175 1036897 201 1328363 227 1182039 253 1758815 254 0
0
327 3 1033 115 0.9280877782158068 0.1260262171306458 0
11 56 0 57 1965837 83 2605980 109 1994712 136 1893467 162 1230518 188 1270519 215 1641755 241 2040395 267 1839256 268 0
0
328 3 1110 113 0.9107367961151378 0.0263956353721931 0
13 27 0 28 899925 53 1227246 78 1569187 103 1698320 128 1381226 153 1730415 177 1975629 202 2844440 227 1998449 252 1954865 277 2424968 278 0
0
329 2 670 55 0.9180920571906693 0.03128641873488284 0
14 27 0 28 2057868 52 2115349 77 3265335 101 2089560 125 1833304 150 1532935 174 1744097 199 1529352 223 975868 247 941538 272 1039264 296 748700 297 0
1 328
330 2 875 144 0.9116516815984527 0.11534372806530743 0
8 12 0 13 1456215 37 1802198 61 1924350 86 2115814 110 862356 134 599445 135 0
1 328
331 3 1213 110 0.9175485858052075 0.10914047833910341 0
10 63 0 64 457738 89 432830 114 723867 139 1358598 164 1326697 189 1602235 214 2052978 239 1990156 240 0
3 328 329 330
332 2 795 110 0.9249236898595359 0.14364077328763256 0
9 18 0 19 1705266 44 2534419 70 2138541 95 2120475 120 1327567 146 1450989 171 1208995 172 0
0
333 2 938 72 0.9235782028680936 0.07474886916342484 0
9 101 0 102 1705007 127 873717 152 646273 177 933458 202 1397838 227 1516394 252 1436703 253 0
3 332 334 335
334 1 503 22 0.9112239350793898 0.07370486183719364 0
10 95 0 96 2219632 122 1311647 148 1672158 174 1016247 200 625325 226 854187 252 1787702 278 1869431 279 0
0
335 2 1194 59 0.9291846712679329 0.004244798665091803 0
10 104 0 105 2471825 132 1548814 158 1630940 185 1596207 211 2375368 238 2721092 264 1103172 291 858777 292 0
1 334
336 3 1429 132 0.9217680489723212 0.04145177851901954 0
13 8 0 9 1131967 34 1543642 60 957011 85 1280114 111 1022534 136 724513 161 901363 187 1354147 212 1514860 238 2344497 263 2118254 264 0
0
337 1 1164 131 0.9174648372022552 0.06752255230439654 0
10 105 0 106 638469 132 746483 157 993919 183 1201175 208 1279030 234 1290566 259 1163430 285 1343334 286 0
0
338 1 681 125 0.9112549413559156 0.10533030496354208 0
11 70 0 71 1343158 95 1984939 119 1853657 143 1449452 167 1726788 192 1580920 216 1791198 240 963959 264 1088511 265 0
1 337
339 2 1453 79 0.9138155240948669 0.11300416294661773 0
14 18 0 19 2920368 44 2190745 69 1571808 94 1171529 119 1684650 144 1726186 168 1231027 193 742871 218 473874 243 492826 268 442182 293 539269 294 0
0
340 3 1117 103 0.9139842860620006 0.10105174748898613 0
14 19 0 20 1330936 45 1693642 70 1189157 95 840738 120 1602175 145 1792454 169 1672817 194 1150873 219 1476499 244 935303 269 1584445 294 1635714 295 0
0
341 3 1296 32 0.917778811472844 0.058489406645385024 0
13 17 0 18 1590529 42 1663050 66 1641477 89 1363115 113 1301414 137 1122076 161 810089 185 912803 208 732128 232 380881 256 287323 257 0
1 340
342 3 1116 105 0.9242192403740844 0.12162326053240036 0
13 9 0 10 2518182 36 2228675 62 1856755 88 2064244 114 1055475 141 1406512 167 1254923 193 1056031 219 859497 245 1380881 271 1993538 272 0
1 340
343 1 1240 57 0.918814712188562 0.14585082060170557 0
12 44 0 45 369973 70 674803 95 567348 119 638000 144 925871 169 597708 194 904694 218 2037610 243 3377150 268 3096541 269 0
0
344 2 1438 118 0.9139690435403496 0.005357616880482169 0
10 98 0 99 540273 124 1261443 148 1379929 173 1689171 198 1088092 223 771290 247 459539 272 485504 273 0
1 343
345 3 732 34 0.9176215518357485 0.08363439193254275 0
14 5 0 6 592916 31 631353 57 549691 82 648212 108 530238 133 610611 159 1176099 184 1520913 210 1429508 235 1502720 261 1383319 286 611515 287 0
1 343
346 2 1041 36 0.9115271209871475 0.1451550635998899 0
15 3 0 4 1225578 29 1034599 53 1333838 78 1304781 102 770580 127 622605 151 970766 176 847588 201 808320 225 1262339 250 1263592 274 987446 299 1414646 300 0
0
347 2 1352 156 0.9158459051929134 0.06214013388195234 0
10 114 0 115 2169778 139 1336824 163 653614 187 738018 212 867625 236 751203 260 443159 284 439371 285 0
0
348 2 928 141 0.9193885529224324 0.02423099297597752 0
11 33 0 34 1448362 59 1095901 85 888688 111 771940 136 821981 161 856438 187 1017702 213 1434856 238 3865863 239 0
2 347 349
349 3 654 31 0.9218923057316816 0.023731170369623182 0
9 36 0 37 2457397 61 1915346 86 1565748 110 1510080 134 1951807 159 1742515 183 2223923 184 0
0
350 3 1228 79 0.912889275460327 0.08115126671544255 0
10 120 0 121 2650435 146 2054633 171 3050623 196 2448746 221 1139360 246 1032593 271 1360162 296 732492 297 0
0
351 2 1140 132 0.9130820074175391 0.13842941711965584 0
9 55 0 56 1731999 81 1276453 106 1540495 131 2240747 157 2141654 182 831276 207 836945 208 0
0
352 3 1332 6 0.9139079002774594 0.08106037736332002 0
8 171 0 172 1532896 196 1573848 219 1215463 243 1156217 266 1166210 290 879399 291 0
0
353 2 1229 7 0.9163335361132053 0.038793600062646795 0
14 7 0 8 476076 33 464514 57 748785 82 759181 107 1066211 132 1240230 156 1419497 181 1277957 206 1409916 231 1803474 255 1572077 280 2068988 281 0
0
354 3 647 148 0.9167323503733857 0.05399141408036054 0
10 104 0 105 2403040 131 1280414 157 1079961 183 1690465 209 1006405 235 1994091 261 1911653 287 3213727 288 0
0
355 1 1054 141 0.9252392265258732 0.030477898115510865 0
8 68 0 69 2410711 96 1190508 123 1139102 149 1318122 176 1149279 203 976133 204 0
1 354
356 2 1191 59 0.9277595442716929 0.019523419032949105 0
15 2 0 3 2573050 28 3324927 52 1820093 77 1580419 102 2735869 126 1857645 151 1734832 176 1301227 200 1145483 225 1636821 250 1288996 274 974231 299 1123520 300 0
0
357 3 690 7 0.9240754739861032 0.01084856718389982 0
13 40 0 41 1000577 65 1263786 89 1150674 114 1043850 138 1622608 162 2023744 186 1749738 210 1448500 235 985426 259 1023535 283 869687 284 0
1 356
358 1 1286 26 0.9195183309381192 0.05591643286280439 0
11 46 0 47 258358 72 300424 97 557101 122 603247 147 719262 172 1069384 197 1793462 222 2970744 247 2324535 248 0
1 356
359 2 665 96 0.9176728183619642 0.0878438056199301 0
14 1 0 2 1619418 28 2663017 54 1869452 80 2157407 106 3512912 132 2463730 157 2008871 183 1596192 209 1400968 235 885078 261 735147 287 1005565 288 0
1 357
360 3 1455 87 0.9164762159716561 0.01898340480680229 0
12 39 0 40 2633499 65 1456938 89 1464051 114 1746897 139 2179425 163 2034009 188 1351565 213 1574096 237 1851464 262 1965654 263 0
0
361 3 639 4 0.9139712152301014 0.053491114537725565 0
11 68 0 69 820505 93 1310093 117 2401832 141 1969972 165 2203412 189 2160300 213 740710 237 1504216 261 990940 262 0
0
362 2 850 69 0.9171997261632169 0.07435327932860247 0
14 11 0 12 785185 37 988719 62 1175398 87 1622369 112 1314471 137 1140410 161 1216890 186 1278105 211 1244694 236 949650 261 1423912 286 1398846 287 0
1 361
363 2 1401 72 0.9226870921612632 0.01645365716815903 0
9 0 0 1 1238687 26 930191 50 891395 75 941988 100 1132015 124 1673817 149 2087257 150 0
0
364 2 1486 152 0.9163519961673148 0.04576551726952465 0
8 86 0 87 970598 110 1101470 133 814725 155 1294445 178 987547 201 1385078 202 0
1 363
365 3 1213 94 0.9154923771929087 0.12603775235272957 0
10 31 0 32 1186588 57 777350 83 769811 108 1397390 134 945595 159 1705103 185 1921531 210 3433748 211 0
1 364
366 2 1488 90 0.917872503306458 0.021651608870633332 0
13 31 0 32 1747765 57 1827971 83 869249 108 960201 133 822487 159 496051 184 691154 209 891614 234 1629255 260 2378862 285 3111921 286 0
2 364 365
367 2 1359 132 0.9213019952383895 0.11162988341560093 0
10 27 0 28 1064168 54 900413 81 1031736 107 1306836 134 1894268 160 1448702 187 1394460 213 1712032 214 0
0
368 3 699 45 0.919677316189167 0.044309958309278925 0
14 14 0 15 908723 41 948834 66 805408 92 548844 118 570704 144 797834 169 917312 195 528914 221 1373052 247 1924107 272 2921433 298 4490414 299 0
1 367
369 3 797 140 0.9115036204926156 0.10148689113232295 0
15 2 0 3 1060368 28 1320758 53 1472750 77 1815634 102 2236731 127 1688321 151 848589 176 1241806 201 948160 226 1474404 251 1301454 275 1716923 300 2374613 301 0
1 368
370 1 886 113 0.9266339683902641 0.12926371121276714 0
8 101 0 102 946133 127 768327 152 715379 177 1099956 202 1447726 227 2065187 228 0
0
371 1 988 124 0.9186770331963806 0.04877228004604456 0
7 62 0 63 636013 89 1040435 115 946384 141 1663043 167 2105818 168 0
1 370
372 3 1254 50 0.9185512903577862 0.045610909341112345 0
11 31 0 32 1122878 58 1384646 85 1425980 111 1402851 137 970158 163 1319349 189 1020294 216 954955 242 667813 243 0
0
373 3 952 83 0.9175777399076294 0.021321753107218743 0
11 48 0 49 1095509 75 1792390 102 2438266 128 2193081 155 1700588 181 1710499 207 1021758 234 864003 260 597507 261 0
1 372
374 1 864 34 0.9255749986358665 0.05173123632874223 0
14 14 0 15 702988 39 993264 63 891785 88 971270 112 1239974 136 1155149 160 1430287 184 2342415 208 1925964 233 1379120 257 1388196 281 2032689 282 0
2 372 375
375 1 637 77 0.9164957684225626 0.0693222258505375 0
9 159 0 160 1504426 183 1564630 206 1639057 229 1895941 251 1893445 274 2644008 297 2321317 298 0
0
376 1 1321 157 0.9242459153563347 0.11420556765637283 0
9 76 0 77 1241328 103 2430716 129 1768239 155 1665487 180 1725513 206 2105846 232 2138453 233 0
0
377 3 1185 114 0.9161055015970752 0.12894020621779087 0
14 0 0 1 1263660 27 479370 52 625625 78 529251 104 644931 130 1124604 155 1245280 181 1565475 207 1972950 233 1508669 258 1307596 284 1832467 285 0
0
378 1 922 123 0.9191617770520815 0.08089568125954823 0
11 21 0 22 1456058 47 2817331 72 3049370 97 1857920 123 1247416 148 1801257 173 1941837 198 935267 223 690340 224 0
0
379 2 1236 120 0.928866912123196 0.03485876743593303 0
11 90 0 91 2360281 116 2444746 141 1993355 165 2313573 190 1806736 215 1475568 239 1084456 264 1023976 289 749715 290 0
1 378
380 2 1412 112 0.9261434790505527 0.04284034482375521 0
14 23 0 24 2594218 49 1739051 74 1576298 98 1902880 123 1305624 148 1062075 173 1225410 198 1055007 223 786882 247 901252 272 740104 297 346333 298 0
0
381 3 1239 13 0.9144320259176676 0.050230709249529104 0
12 22 0 23 698053 48 872195 73 1141857 98 910465 123 1097729 149 1360591 174 1457886 199 2117242 224 2307903 249 3321625 250 0
1 380
382 1 1281 87 0.9216788600519927 0.11146689813513365 0
11 50 0 51 700906 76 758224 101 1037035 126 1264138 151 1156833 177 1338137 202 1234352 227 2030604 252 2598242 253 0
1 381
383 1 1383 70 0.9107872444458492 0.03536769013165362 0
15 1 0 2 2074425 27 1014750 52 623043 77 1031634 101 901251 126 817963 151 867243 176 867481 201 962140 225 1520951 250 1022763 275 1946229 300 2982126 301 0
2 381 382
384 2 851 138 0.9276525498285533 0.12266965535271643 0
14 21 0 22 1789254 47 1999450 72 2806912 97 2431178 122 1735539 147 1779194 171 1865582 196 1041452 221 1021252 246 1428179 271 2362581 296 2076651 297 0
0
385 2 1091 74 0.9240849528111743 0.09498710790891976 0
11 74 0 75 1217110 99 939746 123 913567 147 1367010 171 1185633 196 1182774 220 1069715 244 1763569 268 1752963 269 0
2 384 386
386 2 1451 133 0.9280997178058182 0.008160907573078207 0
7 29 0 30 1175278 55 1150211 81 1735298 107 1573839 132 1731156 133 0
0
387 3 518 111 0.9157156133894471 0.016846870369463467 0
9 141 0 142 411769 167 585929 193 401896 219 853210 244 1083887 269 1975976 295 2500441 296 0
1 385
388 2 1318 67 0.9267776597589231 0.13837248743529312 0
10 62 0 63 1664722 89 1364519 116 2293182 142 1749922 168 1562939 194 1080819 221 1172631 247 1033642 248 0
0
389 2 987 131 0.9182665991834602 0.007632807464032909 0
8 95 0 96 584564 121 737969 147 949440 172 965836 198 1355494 223 1617291 224 0
1 388
390 3 1438 143 0.9243186904281738 0.013666894282340646 0
8 32 0 33 1036159 58 600613 83 1333769 107 1839166 132 1256540 157 1663656 158 0
1 388
391 2 1408 84 0.927459645825033 0.06972097754929439 0
11 34 0 35 1652333 61 891877 86 1255013 111 640312 137 1334706 163 1715396 188 1763315 213 1632410 239 1059659 240 0
2 388 390
392 1 1218 132 0.9151671734420649 0.03708406295833235 0
8 92 0 93 786936 119 893024 145 1650736 172 1275436 198 2148226 224 2493748 225 0
0
393 1 754 11 0.9203650766534802 0.1063612828768735 0
8 2 0 3 698138 26 858088 49 956250 71 1158356 94 1168073 117 1726032 118 0
1 392
394 1 664 5 0.9189106460456131 0.02315439745552863 0
12 50 0 51 1488929 77 2294788 103 2391013 128 1735858 154 860828 180 1139174 206 661424 231 652401 257 710802 283 1023265 284 0
0
395 2 1354 3 0.9182000632961933 0.12053096977657658 0
10 85 0 86 851294 112 1653900 138 1187239 164 2089865 190 1896510 216 1475065 242 1546888 268 1724553 269 0
0
396 3 1293 60 0.920187438919618 0.0536925710281415 0
7 120 0 121 761813 148 578799 175 808531 201 1222710 228 1847459 229 0
0
397 2 811 83 0.9180833027992443 0.10828132061279382 0
13 8 0 9 745651 33 577342 57 652249 82 892874 106 1183519 130 2208482 154 1387469 178 1618961 203 1088684 227 853118 251 694796 252 0
0
398 3 731 143 0.9208621170839042 0.018390769614840395 0
13 16 0 17 1264964 43 922426 68 1080082 94 877694 119 1109872 145 1467107 171 1725292 196 1730822 222 1635909 247 1284486 273 795585 274 0
1 397
399 3 946 143 0.9233464943789125 0.02368993471571293 0
15 0 0 1 718132 26 666984 51 486416 76 745516 101 594309 126 574840 151 733063 175 772808 200 917650 225 723217 250 1125851 275 1493278 300 3072389 301 0
1 398
400 1 1480 116 0.918945156705003 0.05485031190749474 0
12 27 0 28 885191 52 610317 76 994667 101 852623 125 1555966 149 1744553 173 1247759 198 1458225 222 2596137 246 2897561 247 0
0
401 1 1008 45 0.9250514508243602 0.13820195720058512 0
9 48 0 49 1014300 74 637998 98 836752 123 1010401 148 1373858 172 1650625 197 1140777 198 0
1 400
402 1 1039 111 0.9162050265549866 0.01697003068153959 0
8 65 0 66 965506 91 825303 117 1030440 142 1382354 168 1003456 193 1133496 194 0
0
403 2 1045 150 0.9122641451783446 0.033578213007494376 0
9 129 0 130 1867370 157 2132177 183 1959719 209 1617835 236 924626 263 1165430 289 1495712 290 0
0
404 2 1161 112 0.9253473392488244 0.10313109462248726 0
15 9 0 10 1052157 34 1040024 58 941983 82 1058998 106 1065840 130 708383 155 706865 179 829665 203 1388106 227 1859039 251 1076478 275 1483517 299 974384 300 0
1 403
405 1 514 80 0.9255804656510337 0.0007333278305589386 0
11 10 0 11 680852 35 851249 59 830382 84 1041915 108 983868 132 1279599 157 1102450 181 1581173 205 1861356 206 0
2 403 406
406 2 848 140 0.9293675206405606 0.015880856585668228 0
9 100 0 101 907359 125 950866 148 1103105 172 966737 196 1674307 219 2339358 243 2216445 244 0
0
407 1 904 33 0.9140808422376838 0.017947298837818124 0
11 65 0 66 387077 92 1029814 118 1093120 144 1254881 170 1908074 196 1954470 222 1608418 248 2169788 274 1346214 275 0
0
408 3 842 4 0.9192511083902983 0.005382262252251002 0
8 14 0 15 1255035 40 1061383 65 1268837 91 1196050 116 1296631 141 816194 142 0
3 407 409 410
409 2 1426 23 0.9270499656680969 0.006070136286937483 0
13 38 0 39 2123334 65 1240590 90 973601 116 917165 142 1098177 167 887444 193 781250 219 932483 245 836021 270 782591 296 703227 297 0
0
410 2 953 56 0.9234318101337501 0.14455555960286653 0
11 80 0 81 2036442 106 1133511 131 1485774 157 1162698 182 1114187 207 955285 233 971038 258 980567 283 745756 284 0
1 409
411 3 1232 73 0.9267875818025623 0.1175892483427359 0
9 71 0 72 1658832 99 2147903 125 1644538 151 1913410 178 1216140 205 1538426 231 831879 232 0
0
412 1 587 64 0.9113728216194282 0.0207381001676393 0
8 145 0 146 2026987 169 1680915 192 1443735 214 909883 237 988411 260 853446 261 0
1 411
413 3 932 80 0.9165022506982052 0.03535424939030524 0
13 9 0 10 1188185 35 1017624 61 858580 86 1090032 111 1265477 137 1461285 162 1611944 187 1826341 212 2465106 238 1164811 263 831945 264 0
2 411 412
414 3 573 152 0.915860866063522 0.03966421001008824 0
14 12 0 13 1272996 39 719353 65 923408 91 973984 117 695751 143 858827 169 1186719 195 1495243 221 1667166 247 1725243 273 1299744 299 682958 300 0
0
415 3 732 154 0.9132910220340437 0.05135340497543132 0
11 2 0 3 2108941 28 1408467 53 961758 78 1628079 103 1704291 127 1401525 152 1233162 177 1453243 202 2149230 203 0
1 414
416 1 1079 36 0.9195142811707238 0.062370522212955734 0
7 9 0 10 2128568 37 2290515 63 1629276 89 2243566 116 1168047 117 0
0
417 2 1254 15 0.9126975598586076 0.1326045155675521 0
11 44 0 45 2324883 70 1839503 95 2411230 120 3036758 145 1263671 169 1002698 194 873991 219 678431 244 649176 245 0
0
418 3 1134 151 0.91969891108781 0.1142827838715354 0
13 35 0 36 1285523 62 1543517 88 2117044 113 3065472 139 2653658 165 2878423 191 1936890 217 1055338 242 1164812 268 1131922 294 1198711 295 0
1 417
419 2 787 71 0.9266371987556599 0.08706060863467856 0
13 21 0 22 1184452 47 1073807 71 931330 95 704719 120 1046405 145 1832905 169 2248773 193 2614161 218 1085277 243 795955 267 1243983 268 0
0
420 2 1179 3 0.9292529725933871 0.04978899223649317 0
14 23 0 24 2081604 49 2360196 74 2052346 98 2600008 123 1028088 148 956120 173 598367 198 536015 223 743182 247 569502 272 661014 297 963485 298 0
1 419
421 3 1235 108 0.9263100972086764 0.0025862772183909977 0
13 37 0 38 1332951 64 1032845 90 544997 116 463101 142 542325 168 665670 194 695781 220 978814 246 1222198 272 2475267 298 2426353 299 0
1 419
422 1 851 29 0.9132329513876459 0.1102339876193577 0
13 19 0 20 807060 46 671978 72 1162793 97 2203577 123 1324287 149 1170591 175 790850 201 526256 226 457973 252 592763 278 855168 279 0
0
423 2 853 135 0.9157276749867566 0.039608589606679984 0
14 15 0 16 404845 40 657873 65 758603 89 655908 113 795555 137 1829763 162 1799085 186 1660833 210 1423100 234 636758 259 447710 283 361568 284 0
1 422
424 3 1283 107 0.924268097783046 0.07764100810234784 0
7 183 0 184 1966676 209 1335751 233 2021939 258 739980 283 769507 284 0
1 422
425 1 1497 58 0.9188381870206315 0.12936922297225223 0
12 5 0 6 968054 31 1239064 55 1836452 80 1761430 105 1594411 129 1148935 154 1622813 179 1030073 203 1140675 228 1048572 229 0
1 424
426 1 736 135 0.9242220517747989 0.057710558521631414 0
8 125 0 126 1576637 152 1380391 179 1090914 205 1397855 232 1359462 258 2340290 259 0
0
427 1 1178 88 0.9290942747298183 0.13136898045627687 0
14 7 0 8 663634 34 976085 60 923750 86 875317 112 525637 138 822985 164 1128488 190 839930 216 1380029 242 2791144 268 2899978 294 3524946 295 0
0
428 2 830 11 0.9147807833390221 0.0881470955765591 0
13 36 0 37 1142460 61 894413 85 763382 109 848146 133 696897 157 799333 181 809857 205 839505 229 1487873 253 2057082 277 2425098 278 0
1 427
429 2 1453 17 0.9192977465101262 0.10257648360617107 0
10 81 0 82 1450278 105 1160630 129 852036 152 1240871 175 1120592 198 1165785 222 1552186 245 2124380 246 0
1 427
430 1 664 118 0.9154946262346323 0.07784041155324424 0
8 89 0 90 2372644 117 2400089 144 2026281 171 1624266 198 1287735 225 941211 226 0
0
431 1 1016 31 0.9102226422842205 0.05446552932548154 0
14 3 0 4 1289249 30 1646226 56 1530869 81 2324694 107 2132481 133 1459049 159 1030424 185 1560917 211 1266323 236 1263674 262 2308410 288 1525956 289 0
0
432 2 1365 64 0.92521608116662 0.03518355734913479 0
8 74 0 75 541332 101 734962 127 1522899 154 1106446 180 1008251 206 2416947 207 0
0
433 3 544 27 0.9203057939759901 0.008785795233337178 0
14 8 0 9 1965111 34 2847589 60 1799875 85 1173440 110 1091053 135 898032 161 622146 186 294014 211 182839 236 149879 262 118790 287 99059 288 0
0
434 3 1177 148 0.9286928697466558 0.049294765638406214 0
10 85 0 86 3657694 112 2182536 138 1866001 164 1395842 191 1819833 217 1149999 243 999814 269 640022 270 0
1 433
435 2 879 104 0.9184680957897455 0.017945396635079335 0
10 69 0 70 1265191 94 1053701 117 757190 141 993579 164 859596 188 1546818 211 1081038 235 1098786 236 0
0
436 1 1125 123 0.912238417116763 0.09498926136326695 0
7 92 0 93 962471 121 1197863 148 1577165 175 1798524 203 1447967 204 0
1 435
437 1 585 118 0.9170593831498302 0.07747696679800942 0
13 32 0 33 929635 58 982862 82 1428655 107 1768216 131 1238081 156 1165343 181 763339 205 354366 230 418255 254 430033 279 822403 280 0
2 435 436
438 3 1446 90 0.910893077207044 0.027071765189115627 0
10 41 0 42 1454168 67 1042125 91 801022 116 828591 140 1801131 165 2093946 189 2197065 214 2016215 215 0
0
439 1 1286 76 0.9187582524613082 0.12235610625365885 0
14 5 0 6 1694455 30 2016952 54 1916534 77 960584 101 573862 125 989754 149 1013833 173 1204099 197 1158983 220 1099387 244 757457 268 681078 269 0
1 438
440 3 1315 152 0.9276440652792245 0.07741246333742634 0
11 92 0 93 914673 118 1598066 143 1540457 167 2524498 192 2641058 217 1177346 241 2056141 266 2485286 291 1808319 292 0
2 438 439
441 3 952 133 0.912927201541788 0.07640367560303628 0
13 18 0 19 1013323 45 1357093 71 1059283 96 1069576 122 1399292 148 665268 174 866016 200 1071439 225 2053456 251 2776653 277 2065344 278 0
2 438 439
442 2 904 52 0.9115098961097511 0.033571599742592474 0
9 83 0 84 1229625 107 1412697 131 1684646 154 849477 177 1143527 201 1313770 224 1091693 225 0
0
443 2 657 19 0.9255780074302361 0.07564286078023964 0
12 58 0 59 1089969 83 718651 107 1489288 132 1201754 156 918344 180 960897 204 1368652 229 1347764 253 1170724 277 1249124 278 0
1 442
444 3 1432 113 0.9270080484421532 0.13847482858963991 0
11 70 0 71 1096716 96 1467522 122 1752153 147 1741656 173 3246495 198 2676109 223 1985164 249 1185671 274 1301906 275 0
2 442 443
445 3 560 157 0.9189769774764549 0.11586613560810723 0
10 99 0 100 1152490 125 755676 149 850390 174 985482 199 1230744 224 1989788 248 2415902 273 1870471 274 0
0
446 2 1318 52 0.926849108590141 0.058404544817574226 0
11 6 0 7 877334 33 1408570 59 1568205 86 1879231 112 1171691 138 1590310 165 1916416 191 1989332 217 2352376 218 0
2 445 447
447 2 796 9 0.9284097283279057 0.11923870095906382 0
13 39 0 40 1428900 66 2320809 92 1392947 117 1186890 143 1382957 169 1034960 195 1211303 221 1036556 246 1728011 272 3254199 298 2265914 299 0
0
448 2 1221 8 0.9106577643222931 0.0024547687197542076 0
7 102 0 103 1383039 129 1177980 155 1352406 181 1654180 207 1196392 208 0
2 447 446
449 1 1170 144 0.9275722640102262 0.07996747443403336 0
12 26 0 27 3680769 53 2910525 79 1897882 106 1476823 132 1226228 158 593846 184 1038020 211 1552029 237 1124493 263 2083631 264 0
0
450 1 752 75 0.915971473226742 0.019145553679715564 0
9 136 0 137 1197961 164 1449387 191 984784 217 961232 244 1271460 271 2185820 298 2121211 299 0
1 449
451 2 562 90 0.9171373011614605 0.0024665861137971976 0
13 24 0 25 2047399 49 1924932 73 1792984 98 1865082 122 2480234 146 1981169 170 1632595 194 1824825 219 1712063 243 1870599 267 1540794 268 0
0
452 2 683 158 0.9154701369255807 0.013769661833391234 0
14 5 0 6 623828 30 557788 54 653329 78 859740 102 1060818 126 1330391 151 2408838 175 2874070 199 2054631 223 2706166 247 2436493 271 1311270 272 0
1 451
453 2 925 1 0.9132275025499447 0.14016940364592512 0
9 75 0 76 1294249 101 967343 126 1242675 151 1501716 176 1369702 201 1292621 226 2949068 227 0
0
454 1 643 114 0.9232505774997476 0.044327728414387466 0
13 54 0 55 2186061 79 1431372 103 1580912 126 1425985 150 1320995 174 1575919 198 1185440 222 930768 245 1310032 269 1384919 293 2163990 294 0
1 453
455 3 1246 47 0.9130580259691975 0.09786083587561295 0
7 180 0 181 1601785 207 1939874 232 1808284 257 1667801 283 1677784 284 0
0
456 2 1459 37 0.9147925345824706 0.021919411771740865 0
15 5 0 6 726050 31 1075910 55 1017657 79 1462275 104 1438304 129 2391530 153 1353363 177 1386079 202 1063355 227 764617 251 660506 275 977019 300 1463486 301 0
1 455
457 3 1252 137 0.9250003298879093 0.006442878564606452 0
9 83 0 84 1337543 108 978388 132 655412 156 721942 180 928956 204 970914 228 1332245 229 0
0
458 3 978 141 0.9281057689333384 0.08393284228328869 0
14 6 0 7 738715 31 758642 56 745888 80 969221 105 1704038 129 1081161 154 1631881 178 1310119 203 2365774 227 1950548 252 2083436 276 2252108 277 0
1 457
459 1 1084 74 0.9133015699240714 0.016008325331875645 0
15 1 0 2 1903016 27 2166915 51 2061922 76 830016 100 325185 125 377586 149 390420 174 374794 199 450015 223 361399 248 273576 272 539316 297 700354 298 0
0
460 3 1470 24 0.9256300895289189 0.011891573818631623 0
13 30 0 31 858694 57 933710 83 995134 109 1122966 135 919465 161 1029963 187 1011822 213 1568194 239 2039442 265 2215568 291 1710385 292 0
2 459 461
461 3 1097 66 0.9135754304180388 0.09081153752289634 0
14 2 0 3 1103400 28 1308109 54 1236639 79 1277456 105 802653 130 711458 156 564119 181 955466 207 1085099 232 1451296 258 1081279 283 1087550 284 0
0
462 1 1404 48 0.9220887768895251 0.033101163830447665 0
13 39 0 40 310228 65 340400 90 278167 115 380718 140 425682 165 898813 189 1328741 214 1171825 239 1184372 264 1655639 289 1934096 290 0
0
463 1 1317 47 0.9279398895902066 0.02137889675024199 0
14 17 0 18 772450 42 894921 66 550024 89 848680 113 1292778 137 1147452 161 1281529 185 1177172 209 1677478 232 1733267 256 1609701 280 2035904 281 0
1 462
464 1 979 46 0.9255960467587881 0.11836556803525108 0
13 15 0 16 1284777 42 1695704 68 1593941 94 1425329 120 1564049 146 1979106 172 1800922 198 1689758 224 1286978 250 1879538 276 1338469 277 0
0
465 2 1006 149 0.9265199359602276 0.05708461494345346 0
8 38 0 39 1137008 66 1337614 93 1198353 120 1450942 147 1727666 174 1737244 175 0
1 464
466 3 1404 103 0.9134029338468955 0.14663204064086757 0
10 83 0 84 2709042 110 2091680 135 1415721 161 1080277 186 986930 212 818571 237 616108 263 691534 264 0
2 464 465
467 1 1412 152 0.9285112088145998 0.0858193911952918 0
14 11 0 12 158496 36 153036 61 311437 85 415493 110 616754 134 747550 159 1246709 183 1656539 208 1514451 232 1594616 257 1333935 281 806007 282 0
1 465
468 3 1319 38 0.9273952757763955 0.1451291017191202 0
9 74 0 75 580594 98 848045 121 1426654 143 873835 166 956642 189 1321168 212 1430675 213 0
0
469 3 1310 11 0.9243830972053033 0.02910191127721437 0
11 18 0 19 1030568 45 1112623 71 821006 97 1243164 123 1325790 148 726198 174 772654 200 997988 226 1683185 227 0
1 468
470 1 897 136 0.9158460348954298 0.14508139710981519 0
8 3 0 4 784442 29 1170212 54 1407079 79 1249740 104 1359420 129 1627022 130 0
2 468 469
471 2 690 59 0.9235981863812494 0.0644002525248422 0
11 7 0 8 923139 32 1247373 57 1612938 81 1712054 105 777934 130 635579 154 846900 179 766079 203 982121 204 0
1 469
472 1 1148 78 0.9126225586730214 0.10958763224151391 0
14 12 0 13 1107865 39 845896 64 681057 90 841017 115 635397 141 528423 166 719724 192 1535120 217 2116329 243 2445720 268 2756657 294 2750819 295 0
0
473 3 1274 49 0.922417351909866 0.06069649731706659 0
9 122 0 123 865108 149 1703696 175 2690574 201 1553924 228 1661019 254 1939350 280 2578197 281 0
1 472
474 3 1135 149 0.9253387280097898 0.1162694862113628 0
14 16 0 17 756267 43 655366 68 947692 94 1506195 120 1166407 146 1119188 171 1219962 197 1207483 223 1155374 249 1388450 274 2081624 300 1784146 301 0
0
475 1 1258 83 0.9204061833224786 0.019756212206887922 0
10 116 0 117 558443 142 1043630 167 1766990 192 1658984 216 1324993 241 1099041 266 1526721 291 1375763 292 0
1 474
476 3 995 24 0.9146019224308272 0.11422172687034587 0
8 69 0 70 819016 95 1151196 120 1395501 144 880012 169 861275 194 1113989 195 0
2 474 477
477 3 1104 48 0.926648713251655 0.06752729285347527 0
9 149 0 150 964310 173 1102158 197 1608685 221 985866 244 701582 267 783792 291 1045797 292 0
0
478 2 548 109 0.9127338935733972 0.09925482968934304 0
9 27 0 28 1168993 51 1136900 74 1154307 97 1288402 121 966341 144 808903 167 463876 168 0
0
479 3 750 64 0.9241408216557853 0.05987749554951778 0
10 21 0 22 1420353 47 1599654 73 1002937 98 1624114 124 751470 149 1775202 175 1775293 200 2395868 201 0
2 478 480
480 3 1263 22 0.9215501487195902 0.12214303593208338 0
11 33 0 34 2209482 60 2643047 86 3321939 112 2006152 139 1689724 165 1511615 191 1019154 217 1233009 243 904248 244 0
0
481 1 1413 133 0.924899110293678 0.12811436077826543 0
15 2 0 3 1769520 27 1807558 52 1480228 76 1682395 100 1664279 125 1314674 149 1660849 173 1610451 198 1493702 222 1271388 246 1401381 271 1475168 295 1615996 296 0
0
482 3 571 36 0.9165186700460943 0.12082716104467024 0
13 54 0 55 2050389 79 2124260 103 1534097 128 829871 152 859295 176 670995 200 745691 224 604087 249 593337 273 243995 297 124773 298 0
1 481
483 3 1336 30 0.9175062228229206 0.035963353090812576 0
13 27 0 28 703259 52 660360 76 1042538 100 789292 124 923746 148 880102 172 775645 196 1602708 220 1501831 244 1413580 268 1198146 269 0
1 481
484 3 1363 41 0.9299171484422136 0.0004158411937008333 0
7 153 0 154 983151 179 1651783 205 1082333 230 1646653 255 1300175 256 0
2 481 483
485 2 1288 94 0.9112772253421854 0.08840421928016932 0
11 14 0 15 3487638 41 3197318 67 2349028 93 1399708 119 909890 145 1030322 171 738972 197 847486 223 929911 224 0
0
486 2 921 25 0.9115057097643303 0.12083486991736778 0
9 94 0 95 1006736 120 1002865 145 1276760 171 1038866 196 1398541 221 2497001 246 1736452 247 0
2 485 487
487 1 1148 120 0.9256448890767943 0.014106863337287327 0
14 8 0 9 964853 34 538132 59 428122 84 705512 109 793200 134 966137 160 1478533 185 1922206 210 2758238 235 3178945 260 2678726 285 2888897 286 0
0
488 1 541 79 0.9119845844715012 0.12637508252574742 0
13 43 0 44 1160211 68 1329058 92 1555796 116 2143927 140 1884846 165 1618599 189 1499731 213 1807586 237 1500164 261 1494793 285 1438963 286 0
0
489 2 906 62 0.9218745698927178 0.11612685328887731 0
15 1 0 2 2925962 27 2930391 52 3319378 77 2748517 101 2137547 126 1124805 151 1221716 176 1629555 201 1237692 225 1327353 250 847076 275 867859 300 349128 301 0
0
490 1 1456 28 0.9191918504978144 0.1442442843997201 0
11 67 0 68 1041349 93 1798482 117 1897756 142 2460507 167 1525413 192 1418819 217 1052818 241 969563 266 861207 267 0
1 489
491 1 1284 14 0.9151831206464953 0.0020835466059836495 0
14 1 0 2 1962334 28 1778429 53 1459197 79 1359100 105 1177076 130 1218786 156 872500 181 714415 207 477263 233 899232 258 1065434 284 764855 285 0
0
492 1 826 56 0.9173631775783585 0.06145545782500503 0
14 10 0 11 995847 36 1000856 61 1077698 87 1205372 112 1451123 137 986141 162 1126772 187 1087894 212 1034010 238 878193 263 1493540 288 1129320 289 0
1 491
493 2 737 14 0.9290641705682638 0.06664455527909678 0
14 10 0 11 2697352 36 2389153 62 2174773 87 1282680 113 1078222 138 830310 164 796345 189 521581 215 640866 240 767893 266 945233 291 1104663 292 0
0
494 1 1015 101 0.9142061232327153 0.13485687321866932 0
7 76 0 77 953940 102 936854 127 1546619 151 1877614 176 1960140 177 0
1 493
495 3 806 127 0.911433447506804 0.1043364047097972 0
12 40 0 41 2003728 65 1586167 88 2003033 112 2587352 136 1673077 159 1400139 183 812878 207 398744 230 435956 254 216531 255 0
2 493 494
496 2 850 84 0.9284813868439564 0.011495241870190758 0
8 116 0 117 1686563 141 1683539 165 1391150 189 1404997 213 1393714 237 2278756 238 0
0
497 2 635 131 0.9283043435927907 0.035304144762385165 0
9 112 0 113 1196108 139 1441597 165 2022527 191 1734410 217 1614894 243 2036176 269 1266842 270 0
1 496
498 1 1374 145 0.9124556799701522 0.04181591695188408 0
14 12 0 13 1235996 38 841453 63 1136031 88 1652030 113 1640749 138 2009979 164 1071059 189 1154343 214 1172345 239 1231528 264 1030776 289 1530805 290 0
2 496 497
499 2 1033 153 0.9205404945530801 0.09708110511987555 0
11 61 0 62 2344237 86 1474271 109 1529689 133 1090579 157 1184461 180 1041869 204 808503 227 1084690 251 1693734 252 0
2 496 498
500 3 1204 131 0.9228598222901003 0.048614110787548716 0
14 8 0 9 879757 33 1206685 57 1108108 81 1582310 105 1436671 129 1989856 154 1902521 178 1253542 202 900971 226 1124309 250 1066279 274 1289054 275 0
0
501 1 570 99 0.9158862028372169 0.13897918803978146 0
13 43 0 44 1778496 68 1491291 92 1245552 117 1271796 141 1747151 165 1321514 189 1179807 213 1904118 238 2582989 262 2141050 286 1391906 287 0
1 500
7 12 10233377582972308428
0.93226412769381872 0.067679106502696304 5.6765803484833344e-05 0 0 0 0 
0.055709365137404376 0.86369382517796467 0.080466077775187952 0.00013073190944299325 0 0 0 
0.0029719011276661766 0.1897120934122849 0.55130842421775428 0.25591607052196474 9.1510720329948843e-05 0 0 
0 0.0028797015959390821 0.079808851493291866 0.8682441247856606 0.047932982218481461 0.0011343399066269899 0 
0 0 1.1672164114947846e-08 0.14907521642044055 0.83732026274035776 0.013435401106582045 0.00016910806045539303 
0 0 0 0.00062404586588914602 0.074789566963058995 0.85399506441855177 0.070591322752500102 
0 0 0 0 0.00095739138302628434 0.32721784069250265 0.6718247679244711 
7 0 0 0 0 0 0 0
0.02458188360820533 0.9985958598925796 1.4363458532862554
