A
300
298 496
1 17.0 50.0
2 18.0 50.0
3 22.0 52.0
4 23.0 52.0
5 11.0 54.0
6 12.0 54.0
7 15.0 41.0
8 15.0 42.0
9 18.0 46.0
10 18.0 47.0
11 13.0 40.0
12 13.0 41.0
13 16.0 42.0
14 6.0 49.0
15 7.0 49.0
16 1.0 57.0
17 2.0 57.0
18 16.0 50.0
19 16.0 51.0
20 16.0 40.0
21 16.0 41.0
22 14.0 40.0
23 21.0 54.0
24 21.0 55.0
25 11.0 55.0
26 12.0 55.0
27 27.0 57.0
28 28.0 57.0
29 7.0 63.0
30 8.0 63.0
31 26.0 56.0
32 27.0 56.0
33 25.0 57.0
34 26.0 57.0
35 24.0 58.0
36 25.0 58.0
37 24.0 57.0
38 25.0 56.0
39 9.0 55.0
40 10.0 55.0
41 24.0 55.0
42 24.0 56.0
43 23.0 55.0
44 23.0 56.0
45 22.0 55.0
46 17.0 40.0
47 23.0 54.0
48 24.0 54.0
49 24.0 53.0
50 23.0 53.0
51 24.0 52.0
52 18.0 48.0
53 19.0 48.0
54 21.0 56.0
55 22.0 56.0
56 20.0 55.0
57 20.0 41.0
58 20.0 42.0
59 22.0 53.0
60 11.0 61.0
61 12.0 61.0
62 20.0 53.0
63 21.0 53.0
64 21.0 52.0
65 2.0 51.0
66 2.0 52.0
67 20.0 52.0
68 18.0 55.0
69 18.0 56.0
70 18.0 54.0
71 14.0 42.0
72 14.0 43.0
73 8.0 55.0
74 19.0 50.0
75 20.0 50.0
76 19.0 49.0
77 20.0 49.0
78 20.0 48.0
79 18.0 49.0
80 26.0 58.0
81 27.0 58.0
82 18.0 51.0
83 18.0 52.0
84 17.0 51.0
85 17.0 52.0
86 21.0 47.0
87 21.0 48.0
88 20.0 47.0
89 14.0 50.0
90 14.0 51.0
91 20.0 46.0
92 21.0 46.0
93 19.0 47.0
94 19.0 46.0
95 19.0 40.0
96 20.0 40.0
97 1.0 59.0
98 1.0 60.0
99 20.0 56.0
100 18.0 41.0
101 19.0 41.0
102 18.0 42.0
103 18.0 43.0
104 28.0 56.0
105 16.0 44.0
106 17.0 44.0
107 0.0 59.0
108 17.0 43.0
109 17.0 42.0
110 18.0 40.0
111 7.0 64.0
112 8.0 64.0
113 17.0 41.0
114 4.0 56.0
115 4.0 57.0
116 16.0 55.0
117 16.0 56.0
118 2.0 58.0
119 3.0 58.0
120 28.0 58.0
121 2.0 50.0
122 3.0 57.0
123 2.0 59.0
124 2.0 60.0
125 9.0 63.0
126 7.0 50.0
127 8.0 50.0
128 18.0 44.0
129 7.0 48.0
130 5.0 48.0
131 5.0 49.0
132 9.0 64.0
133 3.0 50.0
134 3.0 51.0
135 1.0 58.0
136 0.0 58.0
137 14.0 41.0
138 15.0 43.0
139 16.0 43.0
140 6.0 48.0
141 5.0 62.0
142 6.0 62.0
143 12.0 50.0
144 13.0 50.0
145 8.0 51.0
146 8.0 52.0
147 8.0 49.0
148 12.0 52.0
149 13.0 52.0
150 4.0 48.0
151 0.0 56.0
152 0.0 57.0
153 4.0 51.0
154 3.0 52.0
155 4.0 49.0
156 4.0 50.0
157 15.0 44.0
158 4.0 61.0
159 4.0 62.0
160 20.0 54.0
161 15.0 40.0
162 11.0 56.0
163 12.0 40.0
164 12.0 41.0
165 7.0 62.0
166 22.0 47.0
167 22.0 48.0
168 8.0 56.0
169 5.0 63.0
170 6.0 63.0
171 13.0 51.0
172 8.0 62.0
173 9.0 62.0
174 3.0 59.0
175 3.0 60.0
176 17.0 54.0
177 17.0 55.0
178 3.0 61.0
179 10.0 56.0
180 7.0 61.0
181 8.0 61.0
182 13.0 42.0
183 12.0 56.0
184 3.0 56.0
185 2.0 56.0
186 14.0 44.0
187 5.0 50.0
188 22.0 54.0
189 2.0 61.0
190 16.0 54.0
191 9.0 54.0
192 5.0 64.0
193 5.0 60.0
194 5.0 61.0
195 17.0 56.0
196 4.0 52.0
197 4.0 58.0
198 4.0 63.0
199 9.0 51.0
200 10.0 51.0
201 8.0 60.0
202 12.0 42.0
203 1.0 56.0
204 22.0 46.0
205 6.0 60.0
206 6.0 61.0
207 14.0 52.0
208 9.0 56.0
209 19.0 42.0
210 6.0 50.0
211 8.0 48.0
212 11.0 60.0
213 4.0 59.0
214 4.0 60.0
215 9.0 50.0
216 3.0 62.0
217 7.0 60.0
218 11.0 62.0
219 12.0 62.0
220 2.0 62.0
221 4.0 64.0
222 6.0 64.0
223 8.0 54.0
224 12.0 60.0
225 9.0 52.0
226 10.0 50.0
227 10.0 54.0
228 10.0 60.0
229 10.0 52.0
230 12.0 51.0
231 10.0 62.0
232 10.0 63.0
233 10.0 61.0
234 16.0 52.0
235 0.0 60.0
236 10.0 64.0
237 26.0 62.0
238 26.0 64.0
239 20.0 44.0
240 24.0 62.0
241 24.0 64.0
242 24.0 60.0
243 26.0 60.0
244 2.0 64.0
245 14.0 62.0
246 24.0 46.0
247 24.0 44.0
248 22.0 44.0
249 22.0 40.0
250 22.0 42.0
251 16.0 46.0
252 16.0 48.0
253 4.0 54.0
254 14.0 64.0
255 16.0 64.0
256 16.0 62.0
257 14.0 60.0
258 16.0 60.0
259 0.0 50.0
260 0.0 52.0
261 28.0 64.0
262 12.0 48.0
263 14.0 48.0
264 6.0 44.0
265 6.0 46.0
266 0.0 62.0
267 12.0 44.0
268 0.0 64.0
269 2.0 54.0
270 10.0 48.0
271 24.0 42.0
272 12.0 64.0
273 4.0 46.0
274 8.0 44.0
275 8.0 46.0
276 6.0 40.0
277 8.0 40.0
278 28.0 60.0
279 0.0 54.0
280 8.0 42.0
281 6.0 52.0
282 24.0 48.0
283 24.0 40.0
284 28.0 62.0
285 6.0 42.0
286 20.0 64.0
287 20.0 60.0
288 20.0 36.0
289 16.0 36.0
290 20.0 32.0
291 16.0 32.0
292 32.0 56.0
293 16.0 24.0
294 20.0 24.0
295 16.0 20.0
296 24.0 36.0
297 8.0 32.0
298 32.0 48.0
293 295 4
293 294 4
291 293 8
289 291 4
288 296 4
288 290 4
288 289 4
286 287 4
282 298 8
280 285 2
277 297 8
277 280 2
276 277 2
274 280 2
274 275 2
269 279 2
267 274 4
266 268 2
265 275 2
265 273 2
264 274 2
264 265 2
262 267 4
262 263 2
262 270 2
260 279 2
259 260 2
258 287 4
126 210 1
126 127 1
125 173 1
125 232 1
125 132 1
117 258 4
117 183 4
117 195 1
116 177 1
116 190 1
116 117 1
112 132 1
111 222 1
111 112 1
109 113 1
107 235 1
107 136 1
106 128 1
106 108 1
105 251 2
105 139 1
105 157 1
105 106 1
104 292 4
103 128 1
103 108 1
102 209 1
102 109 1
102 103 1
101 209 1
100 113 1
100 102 1
100 110 1
100 101 1
99 287 4
98 235 1
98 124 1
97 123 1
97 135 1
97 107 1
97 98 1
96 288 4
96 249 2
95 110 1
95 101 1
95 96 1
93 94 1
92 204 1
256 258 2
91 239 2
91 94 1
91 92 1
255 286 4
255 256 2
90 171 1
90 207 1
254 272 2
254 255 2
89 263 2
89 144 1
89 90 1
88 93 1
88 91 1
87 167 1
86 92 1
86 166 1
86 88 1
86 87 1
253 269 2
85 234 1
248 250 2
84 85 1
245 256 2
245 257 2
245 254 2
83 85 1
244 268 2
82 84 1
82 83 1
81 120 1
243 278 2
80 243 2
80 81 1
242 287 4
242 243 2
240 242 2
240 241 2
78 88 1
78 87 1
239 248 2
77 78 1
238 241 2
238 261 2
76 79 1
76 77 1
237 240 2
237 284 2
237 243 2
237 238 2
75 77 1
68 177 1
68 70 1
68 69 1
67 75 2
67 83 2
66 269 2
66 260 2
66 154 1
65 134 1
65 121 1
65 66 1
64 67 1
63 64 1
62 160 1
62 67 1
62 63 1
61 224 1
61 219 1
60 218 1
60 233 1
60 212 1
60 61 1
124 175 1
124 189 1
28 104 1
28 120 1
123 174 1
123 124 1
27 34 1
27 32 1
27 81 1
27 28 1
221 244 2
122 184 1
26 183 1
220 244 2
220 266 2
121 133 1
25 40 1
25 162 1
25 26 1
219 272 2
219 245 2
120 278 2
24 54 1
24 56 1
24 45 1
218 231 1
218 219 1
119 174 1
119 197 1
119 122 1
23 188 1
23 63 1
23 160 1
23 24 1
118 135 1
118 123 1
118 119 1
22 137 1
22 161 1
216 220 1
21 113 1
213 214 1
115 197 1
115 122 1
20 289 4
20 161 1
20 46 1
20 21 1
17 118 1
17 185 1
17 122 1
58 239 2
58 250 2
58 209 1
108 139 1
108 109 1
16 152 1
16 203 1
16 135 1
16 17 1
57 101 1
57 96 1
57 58 1
15 126 1
15 147 1
15 129 1
56 160 1
56 99 1
14 140 1
14 210 1
14 131 1
14 15 1
69 99 2
69 195 1
1 84 1
1 18 1
1 2 1
163 277 4
163 164 1
13 21 1
13 139 1
13 109 1
194 206 1
70 160 2
70 83 2
70 176 1
2 74 1
2 82 1
2 79 1
164 202 1
73 223 1
73 168 1
5 227 1
5 25 1
5 6 1
18 89 2
18 252 2
18 19 1
71 182 1
71 137 1
71 72 1
3 64 1
3 59 1
3 4 1
9 251 2
9 128 2
9 94 1
9 10 1
189 220 1
127 145 1
127 215 1
127 147 1
29 111 1
29 170 1
29 165 1
29 30 1
7 137 1
7 21 1
7 161 1
7 8 1
178 216 1
178 189 1
30 112 1
30 172 1
30 125 1
8 71 1
8 138 1
8 13 1
179 208 1
31 38 1
31 34 1
31 32 1
224 257 2
74 76 1
74 75 1
6 148 2
6 26 1
165 172 1
165 180 1
114 168 4
114 253 2
114 184 1
114 115 1
19 234 1
19 84 1
11 163 1
11 22 1
11 12 1
72 138 1
72 186 1
4 50 1
4 51 1
10 93 1
10 52 1
190 234 2
41 48 1
41 43 1
41 42 1
12 137 1
12 164 1
12 182 1
191 227 1
191 223 1
43 47 1
43 45 1
43 44 1
32 104 1
225 229 1
33 37 1
33 38 1
33 36 1
33 34 1
226 270 2
34 80 1
227 229 2
35 242 2
35 37 1
35 36 1
228 233 1
36 80 1
37 42 1
38 42 1
231 233 1
231 232 1
39 191 1
39 73 1
39 208 1
39 40 1
232 236 1
40 227 1
40 179 1
42 44 1
44 55 1
45 188 1
45 55 1
46 113 1
46 110 1
47 188 1
47 50 1
47 48 1
48 49 1
236 272 2
49 51 1
49 50 1
50 59 1
51 282 4
52 252 2
52 79 1
52 53 1
53 76 1
53 93 1
53 78 1
54 99 1
54 55 1
59 188 1
59 63 1
128 239 2
129 211 1
129 140 1
130 150 1
130 140 1
130 131 1
131 187 1
131 155 1
132 236 1
133 156 1
133 134 1
134 154 1
134 153 1
135 136 1
136 152 1
138 157 1
138 139 1
140 265 2
141 194 1
141 169 1
141 159 1
141 142 1
142 206 1
142 170 1
142 165 1
143 226 2
143 262 2
143 230 1
143 144 1
144 171 1
145 199 1
145 146 1
146 223 2
146 281 2
146 225 1
147 211 1
148 229 2
148 230 1
148 149 1
149 171 1
149 207 1
150 155 1
151 279 2
151 203 1
151 152 1
153 196 1
153 156 1
154 196 1
155 156 1
156 187 1
157 186 1
158 214 1
158 194 1
158 178 1
158 159 1
159 198 1
159 216 1
162 183 1
162 179 1
166 204 1
166 167 1
167 282 2
168 201 4
168 208 1
169 198 1
169 192 1
169 170 1
170 222 1
171 230 1
172 181 1
172 173 1
173 231 1
174 213 1
174 175 1
175 214 1
175 178 1
176 190 1
176 177 1
177 195 1
180 206 1
180 217 1
180 181 1
181 201 1
182 202 1
183 224 4
184 185 1
185 269 2
185 203 1
186 267 2
187 210 1
192 221 1
192 222 1
193 205 1
193 214 1
193 194 1
196 253 2
196 281 2
197 213 1
198 221 1
199 225 1
199 215 1
199 200 1
200 229 1
200 226 1
201 228 2
201 217 1
202 267 2
204 248 2
204 246 2
205 217 1
205 206 1
207 234 2
210 281 2
211 275 2
211 270 2
212 224 1
212 228 1
215 226 1
235 266 2
241 286 4
246 282 2
246 247 2
247 271 2
247 248 2
249 283 2
249 250 2
250 271 2
251 252 2
252 263 2
257 258 2
5
121 31 2 1 3
25 63 3 1 2 3
191 57 1 2
274 50 1 3
169 72 2 2 3
500
1 1 979 229 0.9171625178392168 0.14142718052747832 0
8 133 0 134 1258263 157 1164565 181 956999 204 1103915 228 944554 251 672299 252 0
0
2 3 1033 218 0.9204727379284263 0.14225174352033515 0
9 87 0 88 1416173 111 1329275 134 1375929 157 1364788 179 634635 202 715766 225 398635 226 0
0
3 2 1101 99 0.910506507037676 0.06159820316930396 0
12 1 0 2 1014998 28 774777 54 949119 80 1054619 106 695281 131 604856 157 856269 183 1230351 209 3675438 235 2403035 236 0
1 2
4 1 595 107 0.9275511482475267 0.07512848418894402 0
12 16 0 17 1662397 43 1494390 69 1891890 95 1653334 121 1779381 148 1105723 174 1350600 200 1805492 226 2316749 252 3118255 253 0
1 3
5 3 1189 278 0.9207679692456394 0.05915631854940678 0
8 56 0 57 1906609 81 2577298 106 1442832 130 1680326 155 1459078 179 1386254 180 0
0
6 2 1341 106 0.9188301908423443 0.011283952491193678 0
13 10 0 11 2677332 35 1206907 60 1009971 84 1428325 108 1245032 133 1922208 157 978534 181 877786 205 548920 230 530158 254 667934 255 0
0
7 2 1137 236 0.911306449127766 0.02344422103493062 0
15 6 0 7 1729532 31 1845231 55 2528554 79 2845631 103 1782194 127 1616286 151 1627455 175 1379548 199 1091830 223 1804549 247 1486528 271 1207282 295 1280852 296 0
1 6
8 3 1218 11 0.9175258743165527 0.021698974716361733 0
13 23 0 24 2121769 49 1505851 74 1347331 99 1358790 124 888682 149 961890 173 1103016 198 1858639 223 1987024 248 1300704 273 1521082 274 0
0
9 1 1157 179 0.916768409771399 0.10500694203222441 0
13 24 0 25 2506651 50 3209681 75 2457763 100 1866266 125 2126508 150 2293777 175 2041210 200 1156205 225 781265 250 868127 275 747795 276 0
1 8
10 1 578 155 0.9296295062563183 0.04362983121395492 0
12 66 0 67 1067648 92 1466273 117 2770952 141 1956254 166 2202710 191 1036773 216 1444029 240 1366546 265 1453601 290 2306168 291 0
3 8 9 11
11 1 968 163 0.9247702227517555 0.03356198117917695 0
11 7 0 8 1564024 32 1416984 56 1669551 80 1198322 104 1702463 128 1554165 152 2566333 176 2786435 200 2184034 201 0
0
12 3 851 48 0.924638814742799 0.034380339536538795 0
13 50 0 51 710577 75 645677 100 897883 125 747613 149 1077452 173 2059286 198 2316803 223 1810215 247 1536052 271 1289658 296 766051 297 0
0
13 2 1387 295 0.9190784761670678 0.025487515957435446 0
15 1 0 2 1997155 26 2045847 50 2307431 74 1539417 98 1728171 122 1937777 147 1467558 171 1577351 195 2816625 219 2366300 243 1801749 267 2252651 291 1590327 292 0
1 12
14 2 637 64 0.9181912397809913 0.11368606663592558 0
11 81 0 82 2012083 107 2808567 131 1976890 156 2116160 181 1879325 206 2082906 231 1545633 255 1498626 280 1366394 281 0
1 12
15 1 1077 290 0.9173862428750674 0.1230551304961853 0
14 2 0 3 410547 29 391560 54 900662 80 583547 106 539276 132 476065 157 1788870 183 1729797 209 2792264 235 1916305 260 2240591 286 2294360 287 0
1 13
16 1 1001 14 0.9283892031762873 0.10269634407841467 0
8 105 0 106 497056 131 1266466 156 1553892 182 1833158 207 1752621 232 2750007 233 0
0
17 3 1300 245 0.9207229443981133 0.06983704958683007 0
8 28 0 29 1741889 53 1715480 76 1108577 100 1107325 123 868748 147 873252 148 0
1 16
18 1 1317 275 0.9192594336237622 0.0048847457485293845 0
12 36 0 37 1124625 63 621938 89 983115 114 1405895 140 1055611 166 905569 192 1402767 217 1324831 243 1632908 269 1505175 270 0
2 16 19
19 1 989 223 0.9258565672227191 0.06271514180364021 0
12 52 0 53 515189 79 724526 105 607435 131 1248874 157 928506 183 1202541 209 1630866 235 1966604 261 3179362 287 2745494 288 0
0
20 3 1397 241 0.9104650117819281 0.08546817646891171 0
11 32 0 33 971473 57 949097 81 1048742 106 1201449 130 1631502 154 687213 179 848730 203 1153664 227 1190813 228 0
0
21 3 693 284 0.9167767026344704 0.13397377973389568 0
14 1 0 2 521107 28 916611 53 1162106 79 627133 104 502865 130 645011 155 910795 181 1305849 206 1149364 232 1141595 257 870312 283 1782094 284 0
3 20 22 23
22 3 595 110 0.9134035979830025 0.11768241731422113 0
10 118 0 119 2342210 144 1705576 168 1232843 193 1071385 217 1093729 242 1492089 266 800877 291 878403 292 0
0
23 1 781 236 0.9243494308923832 0.08873000621740802 0
9 145 0 146 525405 171 885300 196 1004914 221 1490924 246 1110146 271 939878 296 1058149 297 0
1 22
24 1 756 54 0.9149069281609482 0.06625675383732237 0
11 80 0 81 1564324 107 843501 132 1119256 158 1322341 183 1099514 209 1761361 235 1883130 260 2006219 286 1655138 287 0
0
25 1 1094 167 0.9260542755037791 0.06979422765536336 0
14 27 0 28 1421845 53 1187930 77 1118788 102 817575 126 1075642 151 864619 175 1046032 200 1960827 224 2807711 249 1768990 273 2015350 298 3436094 299 0
1 24
26 3 560 265 0.9157351124960394 0.02727886017910336 0
10 74 0 75 1725259 101 2397585 128 1881519 154 1652889 181 2084040 207 1820705 234 947808 260 778724 261 0
1 25
27 3 1053 288 0.9284382974037103 0.003237399066788421 0
9 90 0 91 2200374 117 1906105 143 1475471 169 1183941 196 1979711 222 1358370 248 1517469 249 0
0
28 2 616 34 0.9231083374989262 0.07805975923729276 0
11 51 0 52 836859 76 1132417 99 815403 123 1000354 147 1377488 170 996393 194 728389 217 1290376 241 1061673 242 0
1 27
29 2 990 280 0.9118315954695021 0.09220592382383157 0
14 27 0 28 732985 53 715599 77 599899 102 997516 127 714295 151 929343 176 1091546 200 1712173 225 1198899 250 1113318 274 1186736 299 1136159 300 0
1 28
30 3 679 243 0.9259876089309416 0.04327737713147644 0
12 10 0 11 614909 37 720957 63 1199723 89 1079864 115 1252151 140 899715 166 744566 192 1080533 218 1669692 244 1948898 245 0
0
31 1 877 264 0.914926056016481 0.03347209430125576 0
10 108 0 109 577341 132 591185 155 931607 178 812881 202 1039085 225 1284687 248 1760452 271 1550272 272 0
1 30
32 3 705 22 0.9296114755461361 0.13355354765831445 0
7 29 0 30 1607531 55 1595428 81 2008810 106 2348105 131 1372127 132 0
1 30
33 1 1283 296 0.9170573847303491 0.015821446093901848 0
8 104 0 105 1266727 129 1630864 153 1061482 176 966396 200 1121749 224 315466 225 0
0
34 2 555 263 0.9299282520813242 0.005410950470055581 0
11 8 0 9 2267829 33 1339795 57 798514 80 1109178 104 1273953 128 1385874 151 2396808 175 1716566 199 2263846 200 0
1 33
35 2 1428 121 0.9121926667194418 0.14285733233888537 0
9 51 0 52 981313 78 1779423 103 1300383 129 1329472 155 1379184 180 1447179 206 2214995 207 0
1 34
36 1 1330 176 0.9254066921799965 0.0930854255088284 0
7 81 0 82 661837 108 916144 133 1259718 159 1062117 185 1261575 186 0
0
37 1 1214 100 0.9202642081538753 0.10897727554901508 0
13 26 0 27 180597 53 203149 79 214354 105 384441 131 669493 157 1282449 183 1400537 209 2033304 235 2214256 261 1580451 287 2178817 288 0
1 36
38 3 731 114 0.9161572930928649 0.014793110841589345 0
9 14 0 15 1252314 38 1293439 61 1654291 85 1317490 108 1654276 131 1282194 154 944679 155 0
0
39 1 840 19 0.9261212739527713 0.07345451622622741 0
9 39 0 40 1377150 63 1868740 87 2096603 110 2465867 133 2123046 157 1316564 180 651810 181 0
3 38 40 41
40 2 709 85 0.9208796507263802 0.08042402577705085 0
12 5 0 6 1650426 30 1348327 54 1057399 78 1027702 102 616471 127 765600 151 1071051 175 1010379 199 1442378 223 1431110 224 0
0
41 1 1330 270 0.928608526526003 0.09989881201647755 0
8 36 0 37 1029406 60 1003140 84 1240942 107 1709367 131 1426897 154 1685732 155 0
0
42 2 583 221 0.924710544968449 0.11164625332894508 0
13 49 0 50 1247310 74 1861806 99 1215973 123 1810420 148 1643614 172 2008416 196 2149602 221 1448630 245 2213425 270 1966644 294 1740743 295 0
0
43 1 1164 251 0.9198030067649605 0.04420473549048996 0
11 37 0 38 886103 64 2091483 90 3645145 116 2411255 141 1766522 167 700199 193 1095418 219 1050390 245 879886 246 0
1 42
44 1 873 264 0.9156371772357469 0.09660309342319864 0
12 28 0 29 1587299 54 1503701 78 2372234 103 2427895 128 2432875 152 2321967 177 2103821 202 1053989 226 509222 251 620754 252 0
1 43
45 3 641 6 0.9109032728748938 0.09338249668085491 0
10 82 0 83 1350056 108 1593919 134 819155 159 1645790 185 1808216 210 2090485 236 1527757 261 1083606 262 0
2 43 44
46 1 838 62 0.9231053007876905 0.090282831872416 0
13 0 0 1 2406213 27 1175432 53 1821079 78 1248434 104 930559 130 1691824 156 1868757 182 1394329 207 2443963 233 1839465 259 2223115 260 0
0
47 3 859 112 0.9101916967027655 0.1356964986690219 0
8 127 0 128 732025 154 1103823 179 1051779 205 1175722 230 2161907 256 1453129 257 0
0
48 1 1296 230 0.9292904685492618 0.13739293060429725 0
14 11 0 12 1664748 37 2303121 63 2149551 88 1921694 114 1868579 139 1626051 165 957265 190 662410 216 710879 241 1055965 267 965968 292 1038877 293 0
1 47
49 3 1248 10 0.9204829323782767 0.132840354257125 0
14 4 0 5 1678262 30 1786229 55 2632733 80 1596438 105 1327992 130 948420 154 903955 179 2806921 204 2429069 229 2595810 254 1098931 279 1035636 280 0
0
50 1 749 234 0.9297598943545661 0.08345601118567152 0
9 97 0 98 3238241 121 2250892 145 1466756 169 2169919 192 1133988 215 621617 239 932121 240 0
2 49 52
51 3 945 285 0.9216205355194224 0.03251854311639954 0
14 7 0 8 858262 33 708039 57 1190414 82 2346888 106 2292600 131 2723440 155 2683701 180 1735404 204 1066623 229 987360 253 816018 278 1932402 279 0
2 49 50
52 1 838 63 0.9248985448975108 0.13171501893098128 0
10 44 0 45 766319 70 832852 96 1110606 121 907349 147 935401 172 1490965 198 3117772 223 2541035 224 0
0
53 3 1336 58 0.9215835911619014 0.10904713263736683 0
12 62 0 63 2239661 89 2033489 115 853020 141 884112 167 1357192 194 1321017 220 1050875 246 1351923 272 1930283 298 1744348 299 0
0
54 1 1372 18 0.9253510870827272 0.10059908034231868 0
9 0 0 1 2872533 26 1524873 51 1080393 77 897105 102 1640494 127 998639 152 760489 153 0
2 53 55
55 2 1183 54 0.9283104673509851 0.14225399954726503 0
14 14 0 15 2513216 41 2116744 66 2123411 92 1619755 118 1250943 144 1246066 169 953515 195 648908 221 477050 247 704149 272 697314 298 849787 299 0
0
56 2 1401 131 0.9193838666387141 0.07949149367583135 0
14 18 0 19 1862213 44 1348913 69 930182 93 972600 118 625417 143 375159 168 531845 193 969910 218 1285985 242 1388280 267 1101190 292 880267 293 0
0
57 2 635 156 0.9167246138065352 0.03753367413344768 0
12 24 0 25 1417662 51 1333197 77 1644797 103 797816 129 1356212 154 1949440 180 1788643 206 1621969 232 999192 258 1029877 259 0
0
58 2 638 273 0.9257389154640504 0.0298384998311687 0
15 11 0 12 1568946 36 1912652 60 1033576 84 1180629 108 1439376 132 1500488 155 1650192 179 1796853 203 1796696 227 2216414 251 2279358 275 2580873 299 3319664 300 0
0
59 3 1474 155 0.9275753753031272 0.06999463078642369 0
13 33 0 34 524413 60 771821 86 908965 112 827225 138 843044 164 846809 190 1321185 216 1169019 242 1214452 268 1452718 294 775660 295 0
1 58
60 2 1024 103 0.9111235567471985 0.02360499255101645 0
10 87 0 88 546487 115 597797 141 685462 168 776721 194 1123255 221 1306666 247 2295701 274 2202014 275 0
1 58
61 3 999 113 0.9183153248868727 0.05794317657312219 0
10 86 0 87 851488 112 803073 138 1352835 163 1482424 189 1901043 214 1467756 240 2071476 265 1631240 266 0
0
62 2 687 203 0.9243863117296178 0.011524134065764113 0
7 168 0 169 987624 195 1232062 221 1385894 246 560392 272 730018 273 0
1 61
63 1 1106 63 0.9298726708769526 0.01709067943990199 0
15 6 0 7 2320073 31 2150589 55 1509856 80 1218802 104 773992 128 579931 153 422992 177 436367 201 555330 225 662070 249 489639 274 492128 298 862709 299 0
2 61 62
64 2 1399 287 0.92001007683909 0.07781426388191195 0
10 14 0 15 1573113 40 1443026 65 957772 90 1208980 114 843131 139 1225712 164 1004288 189 1140701 190 0
0
65 3 1292 34 0.9277373647127565 0.1472098287073208 0
13 10 0 11 494788 37 395459 63 570021 88 1213856 114 1393083 140 1002499 166 1469165 192 1770220 217 2238250 243 1740542 269 2262269 270 0
0
66 2 818 61 0.9150079735953114 0.04206417740035133 0
13 15 0 16 421639 40 641622 64 780868 88 721921 112 1007797 137 1209005 161 2111374 185 2637122 209 2332930 233 1883346 257 2359649 258 0
2 65 68
67 2 1000 174 0.9212127799453286 0.07044921120746638 0
9 103 0 104 2187351 129 1053628 154 822834 179 1031037 203 990895 228 947879 253 1339381 254 0
3 65 68 66
68 2 621 197 0.9250904036157789 0.023526724470180994 0
11 36 0 37 3093860 61 2110606 85 1902108 109 2869681 133 1668637 156 1172623 180 1632362 204 1150547 228 829420 229 0
0
69 1 535 40 0.9138055151979166 0.09908523139641244 0
11 34 0 35 513527 60 711790 85 862960 110 1144590 135 1346428 160 1236339 185 1436011 210 1210655 235 1069923 236 0
0
70 2 539 14 0.9298325125712186 0.02710548083459505 0
10 111 0 112 1821611 138 1589097 164 1473922 190 1233154 217 650397 243 810950 269 477555 295 249754 296 0
0
71 1 847 237 0.9272609429921144 0.013352204853112998 0
12 0 0 1 1758452 26 1545732 51 773822 75 832031 100 948704 125 982424 150 636472 174 978333 199 620953 224 779923 225 0
1 70
72 1 618 297 0.9216669023469167 0.06645446558816474 0
10 81 0 82 957755 108 1211936 135 1202224 161 1616441 187 1445403 213 1869028 240 2348672 266 1662850 267 0
1 70
73 3 1456 252 0.9229951973467099 0.14873876258471563 0
8 56 0 57 1449484 84 944926 111 931416 139 1067421 166 1099234 193 1475532 194 0
0
74 3 1414 8 0.916046969324616 0.09372300645047721 0
14 6 0 7 569888 33 443296 59 781261 85 722817 111 548644 137 1354285 163 1160774 189 1947066 215 1227679 241 1532352 267 685709 293 566462 294 0
1 73
75 2 512 96 0.916124958178115 0.012626020009995775 0
14 15 0 16 836153 40 1370670 65 1769975 89 924238 113 1132495 137 1775676 162 1448395 186 941088 210 634524 234 761635 259 686921 283 453951 284 0
0
76 2 1447 193 0.9181620378898054 0.02832864264506326 0
11 26 0 27 721025 52 538632 77 493414 103 697977 128 1078739 153 1595102 179 1416755 204 887808 229 1605740 230 0
1 75
77 1 1181 71 0.9219898788837659 0.1011383252168126 0
15 4 0 5 1426651 30 930575 54 856257 79 896537 103 816234 128 1144570 153 1498465 177 1668613 202 1267706 226 1187049 251 1439611 275 1468086 300 1020489 301 0
0
78 2 558 81 0.9267328707370739 0.04559342878263609 0
9 101 0 102 1343445 127 1750344 153 1567868 178 1269612 203 999700 229 1298082 254 2109442 255 0
1 77
79 3 585 117 0.9128544269733898 0.11571926594696635 0
12 37 0 38 993561 64 710564 90 1584934 115 1412870 141 1290575 167 1291981 193 1443618 218 1308831 244 1289556 270 2344186 271 0
0
80 3 1276 9 0.9245728009270368 0.04375910952664749 0
15 2 0 3 1648122 27 1333418 52 2867809 77 2093148 101 2356195 125 1387665 150 1145638 175 1403447 199 1327847 223 805768 248 696863 273 551376 297 543804 298 0
1 79
81 3 946 104 0.910332026919296 0.05988635086010349 0
14 18 0 19 1585141 43 2352277 67 1794898 92 1393061 116 1478882 140 1611847 164 1937927 188 1258193 212 2053253 237 2586160 261 1846723 285 2785553 286 0
3 79 80 82
82 3 1200 239 0.9279771671880107 0.020148642811258853 0
8 135 0 136 1889748 161 1914786 186 1205019 212 1295571 237 1543896 262 1229591 263 0
0
83 3 1109 275 0.92057035369288 0.12332148457453421 0
10 117 0 118 1311172 142 1402671 167 1885107 191 1934474 216 1399429 240 1545856 265 2368133 289 3013941 290 0
0
84 1 895 249 0.9190880965409876 0.05045855360900899 0
9 30 0 31 1573198 57 2066367 83 2252456 109 2403278 134 1685782 160 1489560 186 2083524 187 0
1 83
85 2 1113 271 0.9201115069627742 0.00988072332258394 0
11 9 0 10 676784 35 805788 59 1037055 84 999485 109 971352 133 1485455 158 2310346 182 2954675 207 1493403 208 0
1 83
86 1 654 20 0.9242352440793897 0.11534791671007932 0
13 22 0 23 829341 49 737900 75 769668 100 705178 126 1130865 152 2118507 178 1961159 204 1590678 229 2574781 255 2120524 281 1486766 282 0
2 84 85
87 3 1340 185 0.9278323243266852 0.03551490979893029 0
10 84 0 85 795371 110 969080 134 1570855 159 2185381 183 1210120 208 790083 232 610149 257 564417 258 0
0
88 2 973 208 0.9134899289518098 0.010041149391207187 0
9 67 0 68 749286 92 1141398 115 1271512 139 1498945 163 1349965 186 908785 210 2182436 211 0
0
89 1 548 150 0.920924668503714 0.10871850460163031 0
13 11 0 12 2101305 38 2395697 63 1881425 89 1362084 114 1193028 140 1037784 166 1082679 191 984671 217 940264 242 662713 268 863819 269 0
1 88
90 3 1175 4 0.9140343288025399 0.14294967003854817 0
15 8 0 9 637717 33 752656 57 1022803 81 831894 105 1143842 129 1537776 153 1893122 176 1471127 200 1419021 224 890043 248 870707 272 1065786 296 1504962 297 0
1 88
91 1 1416 81 0.9230199136637823 0.0024097469708544484 0
13 29 0 30 1742513 54 1739193 78 2021567 102 1076424 126 1007299 151 1367728 175 1257857 199 957830 223 1600471 247 3255778 271 2204495 272 0
3 88 89 90
92 3 1025 233 0.9131893123420385 0.0806450674902002 0
13 22 0 23 457580 49 869788 75 1376164 101 1570322 127 1393173 153 1457932 178 1292922 204 1246692 230 1199388 256 773011 282 525066 283 0
0
93 1 1017 118 0.9231105811540697 0.03905767871034175 0
12 10 0 11 334817 36 480853 60 479875 85 553204 109 654649 134 1370398 158 1885937 183 1560297 207 1736107 232 1610066 233 0
1 92
94 3 1149 147 0.9290946870435464 0.12424603223359466 0
12 18 0 19 1479452 45 1596769 71 989155 97 1203356 123 1363257 149 1376613 175 940272 201 766103 227 479508 253 622253 254 0
0
95 1 1065 167 0.9213000685253923 0.038153706961815866 0
14 18 0 19 1275740 44 1491666 69 1447942 94 1485161 119 1883757 144 970971 170 543612 195 739167 220 436651 245 237787 270 183908 295 208670 296 0
1 94
96 1 1055 191 0.9103253698012526 0.06647315509302303 0
10 84 0 85 1103021 108 956849 131 1023086 154 1070790 178 1499669 201 1758916 224 1307896 247 1996129 248 0
0
97 3 997 197 0.921977381396385 0.11285048544022058 0
9 47 0 48 2626953 72 1393413 95 1117569 119 1401951 143 867193 166 897002 190 629783 191 0
1 96
98 1 1241 155 0.9203151713010594 0.1364631344272745 0
11 91 0 92 1675530 118 1641572 144 1810790 170 1826138 195 1094857 221 1570082 247 1824032 273 2580152 299 3164091 300 0
0
99 1 1239 225 0.9127206136109788 0.091977596573057 0
12 62 0 63 2147463 88 909858 113 851799 138 662319 163 1061779 188 650905 213 867146 238 448646 263 727881 288 801086 289 0
1 98
100 3 985 145 0.9149637800170841 0.08362926228840802 0
9 16 0 17 1367868 42 2397976 68 2066905 93 1692294 118 1807055 144 1053914 169 1169692 170 0
1 99
101 2 811 251 0.9166339563650353 0.04894195536769958 0
9 62 0 63 2043147 90 1470972 117 1576497 143 1024577 170 1228712 197 833784 224 791404 225 0
0
102 1 1411 163 0.9182963746631124 0.1134096416641616 0
11 40 0 41 2718251 66 3035752 91 2542590 117 1643829 142 1113620 167 721876 193 314481 218 137453 243 119922 244 0
0
103 2 1059 71 0.9180938118966424 0.10928856584073494 0
8 49 0 50 2354914 76 1344209 101 2147267 127 1801372 152 1803568 178 1563261 179 0
2 102 104
104 1 1477 2 0.928966766526213 0.008404500661812175 0
13 34 0 35 829046 60 812057 86 1045691 111 909363 137 980736 162 1588878 187 2353943 213 3095125 238 1301271 264 1444393 289 1555637 290 0
0
105 2 608 274 0.9231535151846801 0.14220648107053616 0
9 16 0 17 1033591 44 1214582 71 1211448 97 2057941 124 1843183 151 1663383 178 1430708 179 0
1 104
106 2 704 239 0.9209828573734614 0.08711516590283237 0
13 17 0 18 692698 42 512211 65 606998 89 1011994 113 613425 137 558954 160 1321092 184 1333090 208 2482181 231 2241848 255 1333800 256 0
0
107 2 700 43 0.9123379649437053 0.05903792027627702 0
8 99 0 100 804452 125 1230878 150 1347402 176 1151617 201 1555852 226 2462575 227 0
0
108 3 839 148 0.9242996126712081 0.11937864744748067 0
13 13 0 14 3041886 40 3028553 66 1866963 92 1213164 118 865980 145 529844 171 638512 197 891342 223 514896 249 571372 275 588945 276 0
0
109 2 631 245 0.9135746144044262 0.08660114584228037 0
14 17 0 18 599093 43 832345 67 1050424 92 1603260 117 1477844 141 1340610 166 1341375 190 1729631 215 2492301 240 2750095 264 3123254 289 1765675 290 0
1 108
110 3 693 256 0.9171617480949141 0.10271570317413857 0
13 3 0 4 1204307 28 1135211 53 1393082 77 1211412 101 899011 125 2195450 150 1640045 174 1362519 198 1239867 223 717978 247 967769 248 0
2 108 111
111 2 1120 100 0.913229081902575 0.02859718597918601 0
10 12 0 13 975437 37 811038 60 861132 84 1635954 108 1661977 132 1232657 155 1811565 179 889732 180 0
0
112 1 1407 28 0.9299501056081683 0.07423323241861446 0
10 86 0 87 1279718 111 2272192 136 1989616 160 1707486 185 1727306 209 1762449 234 1795156 258 2309854 259 0
0
113 2 1493 157 0.9267361881306286 0.1357040120289171 0
11 60 0 61 705167 85 899015 108 1116596 131 1049726 155 1194605 179 1118800 202 1563678 225 1145562 249 847855 250 0
1 112
114 1 906 281 0.9105461786795827 0.03616119543190518 0
11 51 0 52 490181 77 1074271 102 1858748 127 1926465 153 1725438 178 1394820 203 1535282 228 2302614 253 2920312 254 0
1 112
115 3 1120 240 0.9120536741456832 0.13374102722015707 0
9 110 0 111 2194148 138 3041658 165 2075972 191 1816466 218 1148000 245 1582965 272 1182845 273 0
1 114
116 3 1149 133 0.9139423294455123 0.009957544523135515 0
7 157 0 158 1198354 184 1206472 210 1336978 236 2747414 262 1827809 263 0
0
117 1 649 12 0.9170734894593576 0.08789030233581038 0
13 1 0 2 1417619 26 1222755 51 1130002 75 1323764 100 1436034 124 948817 148 789771 173 1013305 197 929003 222 830021 246 884769 247 0
1 116
118 3 516 261 0.9177236252375073 0.04525519419017785 0
15 3 0 4 1970565 28 1090484 52 871932 76 1080633 100 1289098 124 1282779 149 1090709 173 776146 197 529193 221 1050869 245 783297 269 940461 293 659307 294 0
2 116 117
119 1 514 259 0.9184672764762952 0.11988836850786547 0
14 3 0 4 1597724 29 1195637 53 1852349 78 1816830 103 908920 128 792058 152 836868 177 790581 202 1020144 227 1538418 251 1455141 276 1698684 277 0
0
120 2 909 96 0.911917777387119 0.12284822819536724 0
15 4 0 5 3151550 30 3310141 54 2477852 79 1326713 103 1383352 128 850187 153 618458 177 413582 202 320724 226 233537 251 138390 275 124847 300 81097 301 0
1 119
121 2 637 292 0.9278861256520878 0.004717556130450484 0
14 2 0 3 470654 28 411746 53 575028 79 283758 104 598063 129 889788 154 870604 179 758093 204 1339241 230 1581237 255 1899380 280 1898464 281 0
1 120
122 2 1318 248 0.9260019443816331 0.11137611088342056 0
7 89 0 90 2545790 116 2048242 142 1365818 168 1844369 194 1756496 195 0
0
123 3 514 189 0.9297994231093627 0.13715710198433598 0
10 69 0 70 1762323 93 1986563 117 2095067 140 2122615 163 1561413 186 1451927 210 957905 233 1508373 234 0
1 122
124 2 1231 86 0.9284654065250715 0.07337208342347538 0
15 7 0 8 2548926 32 2640020 57 1584174 81 2181975 105 1552527 130 1699711 154 1910168 178 1452445 203 780524 227 977159 251 1050830 276 1421405 300 1893863 301 0
2 122 123
125 1 926 134 0.9193820070428569 0.11624829583399302 0
12 48 0 49 1490666 73 1365890 98 1195708 122 1115392 146 1100568 171 861612 195 514763 219 686183 244 608670 268 567820 269 0
1 122
126 1 997 30 0.9104098404687664 0.020527024322382043 0
8 4 0 5 1350072 31 991805 57 970248 84 971113 110 1132779 136 1018034 137 0
0
127 1 1486 89 0.9110794532809758 0.029479389127641985 0
10 59 0 60 1312480 86 1187962 112 977341 138 991570 164 870406 190 752048 216 1457668 242 3021204 243 0
2 126 128
128 1 1195 121 0.9118936957252164 0.08263787010190905 0
14 4 0 5 1047711 30 1531720 55 1836566 79 2468461 104 2097476 129 3084431 154 1901042 179 1056138 204 456892 228 315929 253 868422 278 855444 279 0
0
129 1 1221 208 0.9208424537681281 0.005963023935650424 0
9 67 0 68 1721716 94 1736556 121 1044261 147 1452183 173 979904 200 665318 226 1119088 227 0
0
130 1 716 16 0.9298948286547646 0.009948080409410653 0
10 15 0 16 2508819 40 1158221 63 752147 87 1119774 111 1403239 135 679121 158 592625 182 1195898 183 0
1 129
131 1 1268 3 0.9286844151418007 0.07777739563718923 0
11 48 0 49 1908849 73 1645977 98 1693126 122 1671891 147 1095574 171 1203396 195 2336679 220 1283473 244 1508033 245 0
0
132 1 1368 33 0.9291961336910141 0.054229612403162514 0
14 11 0 12 395099 36 748144 61 1067882 85 1139564 109 1629265 134 1286039 158 1206661 183 803507 207 919168 231 791739 256 1170451 280 1455184 281 0
1 131
133 2 523 102 0.922435353803247 0.0495984245151889 0
10 65 0 66 2804933 89 2283026 112 1560354 135 1025133 159 1258554 182 1485326 205 1228153 228 2137380 229 0
0
134 1 685 211 0.9260300635578667 0.05606391738999661 0
7 32 0 33 1402379 61 1940828 89 1595971 116 959509 144 1429218 145 0
1 133
135 1 1418 141 0.9167938680613918 0.1010698880776178 0
7 25 0 26 968046 54 696212 81 1069829 109 1359803 137 1003141 138 0
0
136 2 904 58 0.9208661507823134 0.12026666396180787 0
14 5 0 6 2353514 31 2278567 56 3576127 81 3104456 106 2873564 131 1327395 157 750661 182 659896 207 717232 232 752906 257 938826 282 981032 283 0
1 135
137 2 695 19 0.9168430451831326 0.14473528666809027 0
11 1 0 2 1304263 27 1638776 53 961710 78 718850 103 887167 129 895421 154 1353774 180 1812711 205 1787403 206 0
0
138 3 958 182 0.9200893875388039 0.03812389267472617 0
9 93 0 94 575330 118 629491 142 616727 167 708849 191 1189266 215 1919975 239 2212812 240 0
1 137
139 2 692 145 0.9181275352107356 0.0013471411597596628 0
13 40 0 41 1437354 66 1137571 91 2352093 116 2612556 141 1881345 166 1417789 191 1197135 216 2383788 241 2142166 266 1591064 291 1227491 292 0
0
140 3 1454 198 0.914491282649222 0.14569804249724522 0
10 117 0 118 1177206 144 1147641 170 1016526 196 1779849 222 1179366 248 2463397 274 2601634 300 862774 301 0
0
141 1 1375 297 0.917696506730414 0.009068559883342108 0
15 7 0 8 631560 32 549325 57 846967 81 815037 105 654028 129 679821 153 726390 178 799923 202 1466345 226 1709081 251 1945556 275 1213404 299 1427532 300 0
0
142 1 1237 217 0.9149688377977072 0.11928134396887653 0
13 3 0 4 1437181 29 751000 54 1469563 80 1061675 105 1127827 130 743422 155 1050606 180 986610 206 851566 231 1056802 256 1645527 257 0
0
143 3 927 230 0.9219165032203617 0.01324102423091672 0
8 153 0 154 1252193 180 1275746 205 1884883 231 1419293 256 1404578 282 1197689 283 0
2 142 144
144 2 946 99 0.9154841192065671 0.04900894367858811 0
9 106 0 107 2233978 130 2316103 153 1349655 177 1593519 200 1090156 223 1228764 246 1375333 247 0
0
145 1 815 230 0.9234970750069728 0.014228420364874527 0
10 73 0 74 1848906 98 2394202 121 2632562 145 2183066 169 2294265 193 1013687 216 1094598 240 1144938 241 0
0
146 3 892 215 0.9279337960313401 0.12005008457556111 0
15 3 0 4 2458140 28 2057198 53 3135228 77 1829989 101 1703527 125 1829140 149 1244389 174 1403657 198 789043 222 938959 247 1976816 271 1598172 295 1740338 296 0
0
147 3 1033 162 0.9199714649570264 0.1255002130439587 0
14 9 0 10 1637396 35 1919785 60 2144113 86 3219777 111 2569633 136 2594341 161 2219921 186 1111519 211 913823 237 1357982 262 1566724 287 1118724 288 0
1 146
148 3 908 274 0.9278548772903191 0.06624373481605607 0
14 30 0 31 1430565 55 2259479 79 1388167 102 1333644 126 1739906 150 1481403 174 1773726 198 1442596 222 1219750 245 1477266 269 1854817 293 2297542 294 0
0
149 2 1061 247 0.9286612151777228 0.01611024947961336 0
10 76 0 77 1718786 101 1859211 125 1588022 149 1066761 172 1282786 196 921653 220 1236848 244 1177566 245 0
1 148
150 1 735 115 0.9133180312724098 0.028721012492870693 0
12 23 0 24 1243541 48 1677919 72 1060105 96 1366630 120 1225033 145 2231301 169 2368126 193 2298609 217 2127741 241 2363960 242 0
1 149
151 1 1325 291 0.9239562204259827 0.07147565333927282 0
10 26 0 27 994591 53 1223625 78 982091 104 1181194 130 1620992 156 2135139 181 2052646 207 1462510 208 0
0
152 3 1411 118 0.926165772937197 0.09295855273978881 0
14 16 0 17 1194240 42 1304919 67 1329723 93 1173431 118 1632258 143 1265874 168 876999 193 845756 218 983616 244 1965408 269 2367459 294 2543295 295 0
1 151
153 3 1385 164 0.9233625010154374 0.06187393853883578 0
14 8 0 9 572980 35 459826 60 576434 86 711055 112 811731 137 2150324 163 2185099 188 1368883 214 1302759 240 1296794 265 2351252 291 3458284 292 0
0
154 3 710 212 0.9197050294176199 0.021308721853066807 0
11 79 0 80 1458507 106 1744510 133 1568281 159 1719641 185 1889065 211 2223815 237 2623903 264 2122350 290 2021597 291 0
1 153
155 3 1492 103 0.9200679398293488 0.09115948801634587 0
8 50 0 51 493722 75 835169 99 1328962 124 1390754 148 1827684 172 1723754 173 0
2 153 154
156 1 568 156 0.9173982924519347 0.040058839892091594 0
13 37 0 38 573523 63 528102 88 739247 114 1273689 139 1296217 164 1269136 189 1192243 214 1762449 240 1391971 265 1586485 290 2822511 291 0
3 153 154 155
157 1 1459 130 0.9245328720612824 0.07644879961281018 0
14 10 0 11 2514470 36 1460689 60 1259117 85 879739 110 1267380 134 2138268 159 1581897 183 1614196 208 1133471 233 1193895 257 1554812 282 1395479 283 0
0
158 1 535 154 0.9293077234218602 0.01973729892922005 0
15 1 0 2 1065380 27 1873960 51 2112747 76 2183466 101 1570725 126 1538103 151 2037606 175 2159144 200 1204386 225 1811291 249 841482 274 752637 299 458519 300 0
1 157
159 2 624 37 0.9269448948814498 0.11712463483105338 0
10 44 0 45 2369299 71 985621 97 882047 123 697280 149 648679 175 939541 201 763007 227 670666 228 0
2 157 158
160 2 1320 132 0.9213661434355288 0.14002107913148742 0
8 59 0 60 1183188 85 2350093 110 1499022 136 1904742 161 1840437 186 1655142 187 0
0
161 3 855 142 0.92873317072678 0.048619872920141805 0
9 1 0 2 3057466 29 2840459 56 1254687 83 944096 109 673113 136 768969 163 907889 164 0
0
162 3 1240 73 0.9259598014017029 0.0008244848353030576 0
12 61 0 62 1179329 88 1032905 113 644858 139 491789 164 550968 190 934243 215 1350675 241 2742106 266 1880697 292 1958745 293 0
0
163 3 701 78 0.913547880039665 0.028911027305411268 0
9 70 0 71 3211033 97 2519578 123 673241 149 986112 174 839965 200 777758 226 707578 227 0
0
164 2 1347 234 0.9121593639167208 0.05560992948037736 0
11 19 0 20 1651178 46 2506024 71 1650239 97 1302224 123 1088565 149 1032388 175 1396287 200 969651 226 728092 227 0
1 163
165 1 819 168 0.9287030340685838 0.028385282133926992 0
8 109 0 110 2233259 133 1952749 155 1595404 178 1311081 200 1861115 223 2437421 224 0
1 163
166 2 965 141 0.9221026770585412 0.12492694852115035 0
10 99 0 100 513415 125 523266 150 599677 175 768014 201 1519750 226 1271714 251 1299353 276 1784165 277 0
1 164
167 2 747 12 0.9245821278422918 0.009603147028597058 0
13 3 0 4 2125807 30 2140089 56 1882135 81 1814296 107 1606706 133 1348299 159 993237 185 1518887 210 694010 236 1823392 262 1969702 263 0
0
168 2 1137 68 0.9285463723679557 0.07294204867263625 0
9 98 0 99 825545 123 698161 148 768044 173 929565 197 1192360 221 1211241 246 1922264 247 0
2 167 169
169 3 941 190 0.9107400463701228 0.04462469567001268 0
14 14 0 15 681471 41 1075681 67 1197114 92 1386377 118 1077327 144 1413155 170 1113694 196 924553 222 1419800 247 797661 273 595816 299 596571 300 0
0
170 1 522 8 0.9239902761383282 0.0012494933994121825 0
8 109 0 110 2919701 133 1927283 156 1578134 179 1460278 202 1943939 225 1584306 226 0
0
171 1 914 5 0.9178740957942306 0.11298232241708676 0
12 76 0 77 760845 101 431952 126 741841 150 1007168 175 1571710 199 1110047 224 1420336 248 2346633 273 1219601 297 2535025 298 0
2 170 172
172 2 755 30 0.9214427636256585 0.12001870811319305 0
11 29 0 30 634270 56 709368 81 1055492 107 1274254 133 1027289 159 1767808 185 1389298 210 834537 236 1306029 237 0
0
173 1 1219 177 0.9137531929881261 0.13243495198946748 0
11 95 0 96 536918 121 451201 147 419954 173 313283 198 414461 223 1183748 249 1259399 275 2307047 300 2330948 301 0
1 172
174 1 670 91 0.9242404669596517 0.1492284715987322 0
9 131 0 132 1021237 155 1217989 178 1443415 201 1891282 225 1537556 248 2469360 271 3198169 272 0
0
175 2 1300 212 0.925415763063368 0.14729625191614462 0
10 31 0 32 2513663 56 2166154 81 1052189 105 1230802 130 973397 154 1284001 179 1413995 203 739652 204 0
0
176 2 618 121 0.9258960867167068 0.016436694625181186 0
8 6 0 7 1115879 30 1547717 54 1074818 77 910811 101 808060 124 760296 125 0
1 175
177 1 987 150 0.9215765684094991 0.05977132371931144 0
14 24 0 25 489387 49 521633 73 567137 97 506422 121 833726 145 1214393 169 993918 193 1657048 217 1522633 241 1990892 265 3225820 289 3172804 290 0
1 175
178 2 929 250 0.915253529493599 0.09755639253063668 0
11 64 0 65 1325198 91 1411530 116 1348016 142 1458563 167 1304937 193 945597 219 984077 244 1470264 270 1721963 271 0
0
179 1 666 23 0.9240764373018067 0.14632646525388837 0
13 6 0 7 1934308 33 1406980 58 1060911 83 1400596 109 1302404 135 1385393 160 1851436 185 1177780 211 1191633 237 947383 262 1084368 263 0
1 178
180 2 1209 229 0.9214256866836028 0.14445689235076237 0
12 52 0 53 2363738 77 1351643 101 1123001 125 1760457 149 1599079 174 2331438 198 2831386 222 1590917 246 2394663 270 1832264 271 0
0
181 3 624 279 0.916317613316611 0.11234841387893497 0
10 43 0 44 1800896 69 2509251 93 1810003 118 1643335 143 1385611 168 1883649 192 1708337 217 1851365 218 0
0
182 2 1141 262 0.9152010515966945 0.03733515479341235 0
13 36 0 37 651047 63 727782 89 1117862 115 1464143 141 1197889 167 1034124 193 1435766 219 1413640 245 1171260 271 1369412 297 1044829 298 0
1 181
183 1 1009 58 0.9112875893757408 0.13509484656990367 0
9 129 0 130 833602 155 1196319 180 1315637 205 1424646 231 1564420 256 1666436 281 1186042 282 0
1 181
184 3 1066 91 0.9162122918804492 0.03955777846083333 0
14 11 0 12 959359 36 832208 61 1217199 85 1945090 109 1872493 134 1430393 158 1863316 183 1706206 207 1525507 231 2057414 256 2480525 280 2192536 281 0
2 181 182
185 2 674 287 0.9125369324396679 0.019772691080328048 0
7 144 0 145 1851241 173 2184080 200 1532852 227 1770645 255 1171605 256 0
0
186 3 590 150 0.9105951633834598 0.07159581601375696 0
14 5 0 6 807746 30 719216 55 708541 79 1014734 104 1922472 128 2244639 153 1335408 177 1446592 202 906797 226 505549 251 325325 275 355920 276 0
0
187 2 1057 181 0.9148206301014915 0.013741664775199613 0
8 16 0 17 1817239 42 2358551 68 1653811 93 1069080 119 1142301 144 1303417 145 0
1 186
188 3 613 161 0.9187390380489869 0.1265376354442855 0
13 23 0 24 951256 49 1437770 73 1856392 97 1548198 122 1110816 147 1015623 171 1068022 195 2031903 220 1873362 245 1406226 269 1850326 270 0
0
189 2 1126 160 0.9176366826805473 0.008974898690861316 0
8 135 0 136 1107141 163 1580515 190 1157811 216 1424896 243 916600 270 780238 271 0
1 188
190 3 1357 113 0.9299776458210404 0.13542788142437365 0
9 23 0 24 1252852 47 1465922 70 1852668 93 1563727 117 992969 140 1473904 163 762536 164 0
1 188
191 1 871 260 0.9181818062809185 0.012488903297622528 0
12 15 0 16 1340186 40 1109031 64 1063148 88 1721645 112 1729984 136 1715499 160 1196413 184 1865384 208 1539035 232 1731765 233 0
0
192 1 1360 32 0.9224696581528367 0.06076298743601137 0
8 79 0 80 1093179 106 1921491 131 1788309 157 2949388 182 1719393 208 1987489 209 0
0
193 3 619 138 0.9249894368006326 0.13328542415546737 0
9 118 0 119 1333298 143 793420 168 686890 193 877559 217 877220 241 1666663 266 1769657 267 0
1 192
194 3 1249 192 0.9222255564583319 0.14729195768949865 0
10 87 0 88 418820 113 440437 137 313634 162 445607 187 626442 212 1117695 236 1724731 261 2517743 262 0
1 192
195 1 575 149 0.9165152680547931 0.02942532126413868 0
12 75 0 76 2857683 100 2399950 123 2056705 147 1047418 170 434148 194 478151 217 621701 241 344883 264 345131 288 373131 289 0
2 192 193
196 3 1434 60 0.9278389106411377 0.14437811897630212 0
15 4 0 5 2068148 30 2418983 54 1437011 79 2048508 103 1123204 128 875040 153 1416351 177 1173150 202 1659787 226 1031548 251 784898 275 948827 300 832935 301 0
0
197 1 752 24 0.9108053119381204 0.09824637357821567 0
8 124 0 125 546263 148 370267 171 724055 195 1333320 218 1585486 241 1479821 242 0
1 196
198 2 1451 21 0.9138894750795016 0.10526943723657063 0
8 128 0 129 1218548 152 891384 176 1077216 199 1018349 223 1638730 246 2101612 247 0
0
199 2 1276 269 0.9174748473088484 0.03249987761892604 0
10 22 0 23 996468 47 1357801 72 909291 96 1808711 121 1162343 145 991711 170 862710 194 677891 195 0
1 198
200 2 571 28 0.9143001762359113 0.09251396253245424 0
8 130 0 131 1799058 157 1903423 182 1510569 208 1440333 233 1088700 259 1146038 260 0
1 198
201 3 596 269 0.9248308452481021 0.031178668559219636 0
9 33 0 34 2171098 61 1880503 88 1133753 115 1425853 141 1069307 168 706623 195 508106 196 0
3 198 199 200
202 3 1430 271 0.9110834948001738 0.09130633902175207 0
9 3 0 4 2400074 30 1937585 57 1479225 83 1203745 109 1524185 136 1242723 162 1140074 163 0
0
203 1 1229 95 0.9106435198905416 0.01806128533204434 0
11 66 0 67 695498 91 953645 115 754425 139 1301895 163 1712610 186 1816074 210 1393085 234 1089252 258 912736 259 0
1 202
204 1 712 249 0.9201641128540295 0.14076617913413383 0
14 16 0 17 644779 42 1380363 66 994510 91 942232 116 924230 141 737224 165 1427203 190 999184 215 1669414 240 2153216 264 1365840 289 1140089 290 0
0
205 2 1400 24 0.9226601888096555 0.10956806860906165 0
11 17 0 18 457246 43 314272 68 557327 93 883840 119 1048513 144 1299980 169 1592553 194 1857149 219 1917569 220 0
1 204
206 3 1184 50 0.9100812120539905 0.026163542724750327 0
15 7 0 8 234012 32 283193 56 216633 80 298968 104 410591 128 407292 151 320294 175 457681 199 581382 223 1381510 247 2033489 271 2354083 295 1538929 296 0
0
207 3 1287 256 0.9150409365250828 0.0517592025096731 0
14 14 0 15 350218 40 582319 65 248489 90 262095 115 259153 140 379540 166 578822 191 1305234 216 1386906 241 2254507 266 1622647 291 1441068 292 0
1 206
208 1 1301 177 0.9179252886377174 0.13096634575590704 0
8 3 0 4 625669 27 697783 50 1815581 73 2094765 96 2459122 119 2273923 120 0
1 206
209 1 1170 225 0.9243531813296968 0.06602971072542572 0
10 40 0 41 1621290 65 1376795 90 1075920 114 968450 139 1323839 163 894859 188 1112556 212 1262316 213 0
0
210 2 1382 170 0.9271116379052 0.04642561938337569 0
10 6 0 7 1273859 32 1250962 58 720362 83 1131208 109 889701 134 837305 160 1001036 185 1838253 186 0
0
211 1 1471 72 0.9112173592499924 0.14783842023230662 0
13 26 0 27 1583278 53 1492443 79 1260069 105 1589109 131 791974 157 1305967 182 1397905 208 1044571 234 797595 260 893998 286 718659 287 0
1 210
212 3 1085 179 0.9241930740650969 0.06954195403780203 0
12 10 0 11 995454 37 644140 63 492209 89 785061 115 910760 142 1286309 168 1980430 194 2415777 220 2978809 246 3247078 247 0
0
213 1 1270 292 0.9167542668266413 0.11039132795210774 0
12 17 0 18 1929550 42 2067438 66 1836197 90 1212992 114 1402706 139 1325719 163 1527715 187 1301453 211 1699023 235 2287403 236 0
1 212
214 3 1028 220 0.9104353087439815 0.13986909594907226 0
13 16 0 17 699256 43 806657 69 1228750 95 2024622 121 2451920 147 2946250 172 1661251 198 1549272 224 2120560 250 2106216 276 1244038 277 0
0
215 1 671 155 0.9131085492274941 0.010623071651302074 0
9 143 0 144 565742 167 1124048 190 1907537 213 1660098 236 1846248 259 2234042 282 1763793 283 0
0
216 1 975 277 0.9189893991169739 0.1351300058064782 0
11 82 0 83 1929289 107 1545759 131 2044120 155 1403977 179 1224327 204 1596811 228 1266369 252 1322981 276 955484 277 0
1 215
217 2 828 296 0.9253743265413119 0.07397517645826286 0
12 18 0 19 535724 44 984349 69 1352355 94 1080237 119 1305257 145 1184004 170 1655304 195 1298528 220 1532944 245 1975814 246 0
0
218 1 1185 50 0.9271864376672602 0.13988757205792773 0
13 19 0 20 1167490 44 1233958 69 2018941 93 2605476 118 2601140 142 2506674 166 2456211 191 1936183 215 948311 240 612137 264 459719 265 0
1 217
219 3 656 76 0.9216939109893053 0.07291391556227093 0
13 4 0 5 1756347 31 1229522 56 1544164 82 1501777 107 784611 133 1099320 159 846195 184 886044 210 1114760 235 1516745 261 1578076 262 0
0
220 2 957 214 0.9102224455489408 0.007021276254350095 0
14 33 0 34 425241 58 492577 82 760745 107 497232 131 436804 155 890247 179 1685745 203 1619831 227 1426829 252 940837 276 772458 300 1321017 301 0
2 219 222
221 1 1121 272 0.9143908501043122 0.03436678280125772 0
10 108 0 109 689705 133 1267547 157 1768830 181 2603571 205 1517969 229 1616567 253 2398621 277 1780760 278 0
0
222 3 815 9 0.9158988132938578 0.01435261978331795 0
8 156 0 157 715729 182 925594 207 1332927 233 1397625 258 1238145 283 1417864 284 0
1 221
223 3 1238 15 0.9133794663717236 0.09056019081771062 0
13 32 0 33 2016219 59 1365405 85 1460722 110 1623095 136 2399071 162 2237103 188 2059786 214 1443489 239 1324227 265 1101426 291 1565130 292 0
0
224 3 867 252 0.9100048247801811 0.059814286828436314 0
10 59 0 60 718465 86 1034389 112 1722776 138 1468568 164 1370817 190 1723343 216 1689035 242 1524976 243 0
0
225 1 501 198 0.9150664736779724 0.08079329402885736 0
13 5 0 6 930679 31 1334253 57 1788343 82 1106020 107 2079040 133 1339242 158 1376616 183 1213975 208 1246891 234 741079 259 565549 260 0
1 224
226 1 714 293 0.9220964585192674 0.04011616925665128 0
11 8 0 9 3689186 33 2147790 57 1626771 81 1522895 105 1458353 128 1426928 152 1213311 176 938302 200 1196366 201 0
0
227 1 860 119 0.9241419950427696 0.04481302275640087 0
14 17 0 18 1348304 44 1456275 69 1239229 95 1379306 121 1115619 146 645476 172 679909 197 746836 223 784720 249 1314375 274 1569970 300 786545 301 0
1 226
228 3 1324 21 0.9298259821915955 0.037522257218693705 0
12 3 0 4 1444971 30 876034 55 852938 81 1080904 106 528069 132 725022 157 817907 183 1004784 208 1660660 234 2870242 235 0
1 226
229 2 753 47 0.9294124831059078 0.07385076412534469 0
9 117 0 118 2470836 145 1732452 171 1730009 198 2368604 225 1945824 251 1839677 278 1755202 279 0
0
230 1 1048 260 0.9159154929537273 0.0445124218215842 0
11 66 0 67 499798 93 906240 119 1355125 145 1348982 171 1196547 198 1033784 224 1038849 250 734521 276 740393 277 0
1 229
231 3 930 39 0.9255498766436415 0.036892921287263354 0
14 19 0 20 4306651 45 2834683 71 1301053 96 660999 121 524611 146 317319 172 96062 197 70929 222 48458 247 24817 273 26671 298 35434 299 0
2 229 230
232 3 1067 53 0.9130878549586513 0.05806019568456935 0
15 1 0 2 644112 27 982242 52 1033462 77 906041 101 1153721 126 1020272 151 1015643 176 1239088 201 1432169 225 1192023 250 2391533 275 2797705 300 3118530 301 0
0
233 3 958 270 0.9102065510343573 0.13301998988115576 0
14 15 0 16 1383521 41 1144404 66 1455089 91 1127983 116 1366473 141 1697592 165 1811234 190 1809102 215 1488424 240 1528059 265 1016994 290 1372570 291 0
1 232
234 2 1352 80 0.9238173723076198 0.018494669159796796 0
9 12 0 13 2094436 37 2417850 60 2018660 84 1363704 108 1884066 131 2053443 155 1618980 156 0
0
235 3 943 3 0.9250361009471828 0.14276923688435622 0
11 49 0 50 1929205 76 1976841 101 2175219 127 1689110 153 1158995 179 1179263 205 1596794 230 1204522 256 1362860 257 0
1 234
236 2 1169 155 0.9286990205059628 0.0013483512293267774 0
14 21 0 22 156840 46 195522 70 339604 94 348786 118 457815 142 609880 167 793025 191 791849 215 2014496 239 2341777 263 2831967 287 2267423 288 0
1 234
237 2 946 142 0.9168327929576552 0.03918146066788612 0
8 159 0 160 401145 185 410359 211 722794 236 514547 262 1375298 287 1744796 288 0
2 234 235
238 3 885 125 0.9284088666772025 0.004963857670803901 0
13 41 0 42 674669 68 707444 93 877519 119 1481329 144 1234737 170 804233 196 1223302 221 1221521 247 954195 272 1056230 298 893331 299 0
0
239 2 675 24 0.9166127486961039 0.10445520875975042 0
13 22 0 23 313191 48 736828 73 1054597 98 973450 123 896880 149 1239466 174 1197490 199 1145810 224 1931962 249 1987216 274 1933911 275 0
1 238
240 3 718 252 0.9296648740652831 0.07570800064303106 0
8 152 0 153 997883 179 1136586 205 963033 230 1893280 256 1690379 282 1251313 283 0
0
241 1 1450 285 0.9109214590179142 0.05118711395833069 0
12 38 0 39 898651 65 777443 91 1042275 117 1042835 143 2217286 170 1723258 196 1919754 222 1839391 248 1703665 274 1680596 275 0
1 240
242 1 1163 57 0.9195601963991289 0.040138580012878254 0
11 98 0 99 1051488 124 1145461 149 800603 174 538315 199 615236 223 1041314 248 2394953 273 1689209 298 3445618 299 0
0
243 3 1205 245 0.9145522071598801 0.10544620818028617 0
13 35 0 36 988666 62 1761839 88 1143572 114 615315 140 846143 167 815520 193 861359 219 1073302 245 1010697 271 899278 297 1080357 298 0
0
244 2 1319 190 0.9241006799715571 0.10854290012702088 0
13 5 0 6 1756382 32 1289738 58 1197515 84 1045685 110 1094524 135 954710 161 1011579 187 1421419 213 2215104 239 1457947 265 1382494 266 0
1 243
245 1 1333 55 0.917570608563456 0.0988774162829474 0
7 145 0 146 974043 173 1461648 199 1332492 226 901728 253 709343 254 0
0
246 1 1235 73 0.9148975549594714 0.10628500820733562 0
13 8 0 9 394298 33 746599 57 1251604 81 1587127 105 1648935 129 1489661 153 1737942 177 2249331 201 1533147 225 1789621 249 1220087 250 0
1 245
247 2 904 41 0.9286799846524567 0.12743112666328962 0
10 87 0 88 1193184 114 722397 139 1063057 165 881096 190 836647 216 800864 241 1023521 267 1380916 268 0
2 246 248
248 1 772 76 0.9264664440539453 0.09730326899415584 0
8 55 0 56 910617 79 814725 102 814892 124 1853195 147 1581973 170 1389245 171 0
0
249 3 1014 150 0.9274136044344203 0.10151294127305618 0
10 66 0 67 1855159 91 1995720 114 2936163 138 1508454 162 1957266 186 1792481 209 1205314 233 949519 234 0
0
250 2 1403 269 0.910621356237995 0.07618786620876276 0
13 17 0 18 1556203 43 1200187 69 1269246 94 1086749 120 1312088 145 849563 170 580197 196 439501 221 832462 247 654975 272 559457 273 0
1 249
251 1 1035 165 0.9228128620120938 0.04937750934825999 0
14 14 0 15 634923 40 933328 64 1558327 89 1192164 114 1512827 139 667336 163 537412 188 426669 213 548928 238 876979 262 1278076 287 1095847 288 0
2 249 250
252 3 1276 272 0.9187052925440978 0.09979442867644603 0
12 9 0 10 1025522 35 1438659 61 1144987 86 1416304 111 1273163 137 905081 162 962710 187 1324942 213 2604888 238 2240798 239 0
2 249 251
253 2 946 201 0.9229325043704226 0.1312757550109829 0
12 60 0 61 823621 86 768087 111 1251531 136 870818 161 2323311 186 1517786 211 1241718 236 2101189 261 1213375 286 783611 287 0
0
254 3 594 285 0.9206792847482396 0.10398201683687458 0
9 160 0 161 596938 184 852451 207 982477 229 1127700 252 1845697 275 1759864 298 1238365 299 0
1 253
255 3 917 253 0.9286157930824858 0.12063684396596595 0
15 2 0 3 2259663 28 2211115 53 1868848 77 1296476 102 1063002 127 703545 151 907940 176 1219244 201 651946 226 836065 251 770297 275 848993 300 928738 301 0
0
256 2 593 296 0.9123667916626819 0.12904271372874032 0
8 39 0 40 1844721 64 1821209 89 921157 113 890417 138 1079480 162 1898203 163 0
1 255
257 2 1421 177 0.9225578814035913 0.049805303462485864 0
9 1 0 2 945788 27 1419863 52 1397505 77 1096353 101 510551 126 506745 151 780951 152 0
3 255 258 256
258 2 1188 251 0.9180367133606544 0.015455922837348717 0
7 87 0 88 960976 116 832313 143 805050 171 1734522 199 1813010 200 0
0
259 3 1426 191 0.9251512265001711 0.09663457483195155 0
9 63 0 64 1118722 87 990199 110 1389889 133 1199109 156 1040078 179 1094883 202 1230515 203 0
0
260 2 593 130 0.9238767950257916 0.07462831688211602 0
14 10 0 11 1428662 37 1381249 62 1097551 88 1142134 114 779272 139 898179 165 1279800 190 949182 216 778353 242 687162 267 600174 293 685347 294 0
1 259
261 3 1241 225 0.9181518038979564 0.049885274089276274 0
10 96 0 97 2216733 120 1006560 144 1410193 167 1168965 191 2520941 214 1754636 238 2500990 261 2142529 262 0
0
262 1 967 177 0.9102366734337465 0.1377042073237047 0
14 4 0 5 308477 31 315060 56 298710 82 587658 108 749280 133 616591 159 2329806 184 1913264 210 2336173 236 1998419 261 2421494 287 2861854 288 0
0
263 2 953 186 0.9129615297025057 0.06287550184534375 0
9 17 0 18 1543337 43 1221116 67 1538900 91 1607701 116 1300648 141 953982 165 787471 166 0
0
264 3 929 264 0.9290683657227119 0.12131910007997344 0
12 57 0 58 1236040 83 1054296 108 1363984 133 1535432 158 1157973 184 2009483 209 2240610 234 1362618 259 1361287 284 1201919 285 0
2 263 265
265 1 523 269 0.9225827522341598 0.02847129384014813 0
9 99 0 100 3064341 124 1485470 147 1423093 171 674581 195 776880 218 409514 242 270200 243 0
0
266 1 1464 247 0.9123171316875716 0.09652476823149107 0
12 71 0 72 4066533 96 3488782 120 1998560 144 1664410 168 1183279 191 889899 215 483048 239 397840 263 627196 287 663797 288 0
2 265 264
267 3 715 171 0.923218247643211 0.07676867184473399 0
15 2 0 3 1357953 28 737799 53 845704 77 894958 102 1327942 127 1342933 151 1078034 176 1135979 201 1105597 226 2079634 251 1206385 275 1249200 300 1784911 301 0
0
268 3 740 199 0.9175721226715143 0.008148291551716523 0
10 75 0 76 1481927 101 1090945 127 1011280 152 984457 177 1279560 202 980236 228 880571 253 794125 254 0
1 267
269 3 575 45 0.9186084222718163 0.04072356038273033 0
11 37 0 38 710804 63 833894 89 1264256 114 984903 139 1471677 164 1262845 189 1359218 215 1592267 240 1736796 241 0
0
270 3 1431 291 0.9268847140635151 0.10625107196458246 0
10 23 0 24 1355818 50 1096001 77 1254384 103 824278 130 1909660 156 1084221 183 1109589 209 1259888 210 0
1 269
271 2 1283 140 0.9216609156703277 0.13213422361474192 0
11 60 0 61 1291761 87 2183595 112 1157238 137 1125584 163 644723 189 611138 214 415962 239 523406 265 288855 266 0
0
272 3 1240 65 0.9121556428666179 0.060038914643128605 0
14 22 0 23 1320493 47 690513 72 684861 96 751551 120 870344 144 856778 169 1294400 193 1618553 217 2058541 241 1753408 266 2982911 290 3301420 291 0
1 271
273 1 1237 246 0.9282439582093444 0.10092164610881856 0
8 37 0 38 1242821 61 1293610 84 1223326 107 1977130 130 1317330 153 795161 154 0
0
274 1 677 51 0.9187310466805881 0.014693661012042752 0
9 88 0 89 1497745 113 1789728 138 1500659 162 1389378 186 1074261 211 745215 235 578747 236 0
1 273
275 3 1333 63 0.9274291945756108 0.09653245556202884 0
8 0 0 1 1085910 26 1079730 50 927771 75 1100410 99 1536104 124 4088974 125 0
1 274
276 1 735 223 0.914941853846362 0.04379170249965731 0
8 164 0 165 553818 188 896318 212 1098278 235 1312032 259 1067153 282 1057919 283 0
0
277 1 1188 102 0.9127488664985468 0.10590565067265044 0
11 19 0 20 2259804 46 1272569 73 1155587 99 1001791 125 840248 152 556720 178 481554 205 364256 231 142538 232 0
1 276
278 1 709 255 0.9261907537946492 0.14288597796462793 0
11 77 0 78 2586559 104 2214463 130 1796670 156 2326270 182 1871234 208 1506435 234 1337046 260 1248677 286 1503759 287 0
0
279 3 616 198 0.9194483923468713 0.01356765839996848 0
9 27 0 28 2498306 54 2497161 80 1590683 106 1245284 132 1515933 158 1333343 184 980143 185 0
2 278 281
280 1 1044 257 0.9277283903970259 0.027964869794329838 0
14 5 0 6 156749 31 211626 56 274714 80 394599 105 571237 130 1051941 155 841592 180 1054962 205 1787125 229 1267727 254 2021058 279 1084517 280 0
0
281 2 1222 26 0.9128311203187142 0.02333555560192931 0
10 92 0 93 597397 116 850139 140 1415851 163 1203396 187 1445907 210 1251135 234 1024701 257 767484 258 0
1 280
282 3 1091 192 0.922421722316302 0.009491747817642088 0
13 29 0 30 1034049 55 1051661 80 953335 104 1210956 129 845309 154 782322 179 1002296 204 1322252 228 1163424 253 2560557 278 3246053 279 0
0
283 3 930 254 0.9265083778883736 0.100726605587627 0
11 8 0 9 1333825 33 1133560 57 1270297 82 1407314 106 1113540 130 1007377 155 677779 179 715193 203 733851 204 0
1 282
284 3 681 192 0.9132624621709249 0.02767301026950578 0
11 4 0 5 512881 29 838986 53 1401721 78 1204045 102 731224 126 1197867 151 1413180 175 1424043 199 1140002 200 0
0
285 2 1327 169 0.9253876494532701 0.06164033513908837 0
11 73 0 74 1042295 99 1056181 123 662895 147 944021 172 1093997 197 1876387 221 1832396 245 2119426 270 2553041 271 0
2 284 283
286 2 763 157 0.9143903545925951 0.053114807122766526 0
9 73 0 74 1459227 99 1082606 123 1283147 148 922878 173 808439 197 598182 222 738736 223 0
0
287 3 1420 208 0.9252443871448901 0.025862540697412305 0
14 12 0 13 892133 38 620730 63 719344 89 780895 114 1225465 139 2056267 164 1629203 189 1965862 214 1822282 240 2563624 265 1827882 290 2867059 291 0
1 286
288 3 1045 277 0.912449856913089 0.06873236494540272 0
9 84 0 85 1791325 109 1663065 133 2182645 157 2810134 181 1383346 205 1487563 229 1267482 230 0
1 286
289 3 842 21 0.9254401308723147 0.0005414445057381644 0
9 22 0 23 636677 48 950157 72 1425279 97 1092678 122 886238 146 1039485 171 1052576 172 0
2 286 287
290 3 1417 295 0.9226462144300336 0.07825712352446001 0
8 3 0 4 1792132 29 2097582 54 2444757 80 1404356 105 1934092 130 1794633 131 0
0
291 1 1389 225 0.9112644272444522 0.10767775114628586 0
10 135 0 136 2553376 159 1756999 183 1254744 206 1820347 229 1830394 252 1905149 276 2170835 299 1387225 300 0
0
292 3 542 51 0.9229485569906181 0.13366902616110304 0
11 35 0 36 1489704 62 1253372 89 1931407 115 1303890 141 1399435 168 1571320 194 2265076 221 1058145 247 1175052 248 0
1 291
293 1 955 101 0.9224242046869566 0.09096501468395655 0
10 103 0 104 1570005 130 1071893 155 1237640 181 1981777 207 1537837 233 1282068 258 716377 284 786122 285 0
2 291 292
294 1 1319 276 0.9121769761969359 0.04566103427627109 0
13 10 0 11 976822 36 1403950 61 1608101 86 1486500 111 1525181 137 1542683 162 2171917 187 1655036 212 1926929 237 2229922 262 2789987 263 0
0
295 3 1127 279 0.9150586428165746 0.041419530882851656 0
14 10 0 11 2072237 37 3007143 62 1818824 88 1304123 114 982381 140 1012862 165 1095267 191 829356 217 1287989 243 1668776 268 1378438 294 1090353 295 0
1 294
296 1 1165 113 0.9115332782890326 0.0357607494588515 0
9 125 0 126 824955 153 598576 179 663915 205 845109 232 939606 259 1269864 285 1784714 286 0
0
297 3 1279 112 0.929094455311893 0.04560989609361534 0
11 46 0 47 935494 71 1800899 95 1508452 119 1375381 143 972544 168 818850 192 630019 216 507965 240 348440 241 0
1 296
298 2 560 275 0.912515067300066 0.14141244568359365 0
9 89 0 90 665228 116 954140 141 1198883 167 1635681 193 2331630 218 2165346 244 1753125 245 0
2 296 297
299 3 903 194 0.9206158811115934 0.13109385075087487 0
13 36 0 37 1500227 63 1056135 89 1403071 115 2208304 141 1709289 167 1296591 193 1425392 219 781202 245 1554199 271 1045467 297 671177 298 0
0
300 1 873 155 0.9263779226600998 0.0771748100943313 0
10 12 0 13 2214876 39 1213129 65 1389653 91 1426396 117 2115072 143 2491292 169 1637188 195 1376772 196 0
0
301 1 1405 88 0.9172854231705511 0.033224233605336904 0
14 11 0 12 1753048 38 1981485 63 2196608 89 1819447 114 1644495 140 1440988 165 2301817 191 2787247 216 2066805 242 1627545 267 1073074 293 1108054 294 0
1 300
302 1 1378 293 0.9279740550273065 0.006004952751797204 0
7 65 0 66 1265543 91 1394587 116 1457046 141 2626399 166 1137133 167 0
2 301 303
303 3 1463 111 0.9295374141710175 0.1492218313307223 0
12 24 0 25 1757830 49 2528608 72 1855956 96 856469 119 543470 143 642966 166 705940 190 685712 213 769713 237 847162 238 0
0
304 3 1305 184 0.9120914355223033 0.06047047861576768 0
9 20 0 21 1226539 47 1493992 74 1725304 101 1343451 127 1596466 153 1853154 180 2471240 181 0
0
305 1 1340 234 0.9278406837173292 0.03275970230961881 0
10 90 0 91 440610 117 551452 143 737277 169 913688 195 871388 221 1010003 247 1533126 273 1884374 274 0
0
306 1 574 53 0.911633358755732 0.07280089637540621 0
9 16 0 17 717557 44 847631 71 774706 97 701900 124 761428 151 1848263 178 1876297 179 0
1 305
307 1 589 274 0.9154471742747472 0.08927530301062661 0
12 45 0 46 2097165 70 2065483 93 1152171 117 967112 140 1093051 164 741126 187 518916 211 1048928 234 1225333 258 1736979 259 0
0
308 3 1089 252 0.9197102291388211 0.054389451461676425 0
11 56 0 57 1244108 83 1038557 109 1060857 134 1219271 160 1975507 186 2163551 211 1636073 237 1757451 263 2610671 264 0
1 307
309 1 542 272 0.9231198561277337 0.10464352459812552 0
9 92 0 93 772590 119 1019086 146 1284243 173 2420079 199 1726749 225 1149671 252 1186427 253 0
0
310 3 506 167 0.9108734644606473 0.13496820545367935 0
11 83 0 84 1513150 108 2235405 131 2024951 155 1541295 179 827697 203 823832 227 1093690 250 744635 274 485298 275 0
1 309
311 2 807 258 0.9244042911349623 0.09847505835641412 0
9 45 0 46 866116 70 869505 93 1278886 117 2522091 141 1799556 164 1177654 188 1484815 189 0
0
312 3 1445 238 0.9215305027325527 0.12993846683787075 0
8 183 0 184 585605 207 753132 230 860646 254 1922474 277 2585090 300 3235736 301 0
1 311
313 2 1454 164 0.9175359525410837 0.08277849929586066 0
10 103 0 104 2705599 127 1500090 150 1439664 173 798453 197 883641 220 875344 243 935725 266 808005 267 0
1 312
314 3 1149 104 0.9243348142705037 0.14490434342123742 0
9 82 0 83 1573189 107 977441 130 1046434 153 725072 177 1234341 201 1141397 224 971960 225 0
2 312 313
315 2 1400 197 0.9110111461725391 0.13211175677726864 0
9 69 0 70 2165271 95 2063965 119 2227370 144 2031823 169 1970450 193 1335057 218 1726611 219 0
0
316 3 1246 25 0.9162947586789721 0.059766479854603455 0
7 90 0 91 883244 117 909320 143 1051800 169 1248582 195 1737276 196 0
1 315
317 1 1397 202 0.9164358975416209 0.14961174820612524 0
11 64 0 65 986351 91 1237183 117 788090 143 926097 169 919210 196 1322098 222 1421327 248 1667154 274 799124 275 0
0
318 3 881 104 0.911879180645138 0.0020127029008908835 0
10 75 0 76 984804 99 1043608 122 1503598 145 1537597 169 2072701 192 1301308 215 1875476 238 2012289 239 0
0
319 2 1290 80 0.9248326987736304 0.003650555274456846 0
12 65 0 66 1309588 91 1088814 116 735634 142 841056 167 1033818 192 1574174 217 2556543 243 2161707 268 1785879 293 1319471 294 0
1 318
320 2 834 242 0.9160437078612512 0.08238068415951036 0
13 58 0 59 136953 83 222451 107 278053 131 374084 155 550082 179 940940 202 829898 226 1937264 250 1679899 274 2337541 298 3433731 299 0
0
321 2 736 185 0.9255113075777199 0.058885717459821324 0
11 59 0 60 1207730 86 1288085 112 817092 138 606583 164 847342 190 1270128 216 2019708 242 1376816 268 2415899 269 0
1 320
322 3 747 275 0.927726215496637 0.029660848096257367 0
10 17 0 18 1576655 43 1872468 67 1168074 92 1045782 116 655323 141 562889 165 469082 190 700402 191 0
0
323 3 584 2 0.9166649083376645 0.14926780683860888 0
12 34 0 35 836614 61 1126591 87 966456 113 1250893 139 1618140 166 834752 192 1014362 218 1045307 244 1254437 270 1302950 271 0
1 322
324 1 1054 94 0.9116016904572739 0.05267565095479593 0
12 48 0 49 336134 73 761674 96 1033245 120 1348085 143 1494589 167 2208665 190 1732126 214 2370313 237 1529815 261 1904173 262 0
0
325 3 777 2 0.9135994673364783 0.13102675868124739 0
14 7 0 8 605891 34 695481 59 668023 85 783456 111 1324216 136 2092388 162 2374110 187 3256267 213 3132557 239 1128157 264 1208879 290 1513013 291 0
1 324
326 1 1230 27 0.9123639631183531 0.012258019013469417 0
8 91 0 92 2088176 119 2339020 146 2048392 172 2058917 199 1544562 226 1611529 227 0
0
327 1 1272 209 0.926752375292546 0.10484424221393376 0
14 35 0 36 3413809 60 3090158 84 1906963 108 1136391 132 573541 156 681063 180 769014 204 1268040 228 1212453 252 1174846 276 1510328 300 1287573 301 0
1 326
328 2 1116 292 0.9211924957629312 0.0469106427277675 0
14 0 0 1 1130312 25 833611 49 1093638 73 1465473 97 1100171 121 964600 146 1113510 170 1119125 194 1209042 218 1763737 242 3054057 266 3346360 267 0
2 326 329
329 2 683 93 0.9284864836718548 0.030484333168632846 0
8 44 0 45 1368238 68 1438267 91 1573658 113 1015355 136 1592509 159 2240358 160 0
1 327
330 1 890 156 0.9187140036103484 0.0994707931053187 0
15 3 0 4 897904 28 893325 52 1265772 76 1120981 100 1393809 124 1066100 149 1237369 173 1426864 197 1273972 221 1225729 245 1954270 269 1311925 293 867651 294 0
0
331 2 533 199 0.9104594107717424 0.07055342625835767 0
11 17 0 18 3213045 43 1866832 67 1372857 92 1160134 117 1254786 142 921756 167 565645 191 577022 216 453204 217 0
0
332 2 1222 165 0.9214886491383424 0.05327139807760495 0
15 0 0 1 1581492 25 2033446 50 2201890 75 1677448 99 2298032 123 2827976 148 2868738 173 1016674 197 1040165 221 1271403 246 1862915 271 1660621 295 1567761 296 0
1 331
333 3 1006 89 0.9148912031374548 0.11544148337718989 0
7 95 0 96 1481704 121 1286431 147 1253358 172 1598571 197 1820718 198 0
0
334 1 1491 14 0.9167797131205805 0.11299497194606156 0
8 83 0 84 882430 107 1006060 131 1257319 154 1648029 178 2079024 201 1491998 202 0
0
335 1 779 67 0.9209214423011947 0.11040143895602944 0
13 37 0 38 1554843 63 1539880 88 1101391 112 1044098 137 1367093 162 1385393 187 1572723 212 1780406 236 2282535 261 2350870 286 1782001 287 0
1 334
336 3 1264 254 0.9114795336070481 0.06702928439239282 0
7 49 0 50 1296529 76 879725 101 1453605 127 829582 153 1014776 154 0
3 334 337 335
337 3 1488 93 0.9202805479460197 0.06267119622538438 0
12 11 0 12 1970720 37 2149807 62 1282002 86 1310526 111 929335 136 481138 161 495363 185 671016 210 489011 235 771353 236 0
0
338 3 1062 285 0.9204421194500125 0.12014124048707638 0
8 163 0 164 1268083 187 1373190 210 993694 234 1682783 257 2529912 280 1816981 281 0
0
339 2 855 122 0.9283964241694059 0.03223521041621844 0
11 9 0 10 2365434 36 1828446 63 2517384 89 2378178 115 1840243 141 1435736 167 955658 194 1699592 220 1679679 221 0
0
340 2 1004 9 0.9213757129557913 0.06184110983560023 0
13 30 0 31 23036 56 22427 81 33994 106 78384 131 177909 156 294218 181 522769 206 668909 231 1683782 256 1699178 281 2148623 282 0
1 339
341 1 785 78 0.9248939527492015 0.05339668891820725 0
13 31 0 32 539934 57 450509 82 343435 106 353937 131 539942 156 748070 181 1379325 206 2179476 230 1474657 255 1384841 280 1004444 281 0
1 340
342 2 1413 263 0.9279070612614492 0.02134261795057622 0
15 5 0 6 1137995 30 1385913 55 1150682 79 1026443 103 660500 128 826547 152 1007630 176 1285938 201 1422836 225 1878102 249 2107449 274 2933164 298 3682106 299 0
0
343 2 1116 249 0.9107337365680708 0.011524611397928774 0
10 71 0 72 1521046 97 1363874 123 2352503 148 1296696 174 2211506 199 1344891 225 1467367 250 1553814 251 0
2 342 344
344 2 980 118 0.9151330999323758 0.00999084879165566 0
11 57 0 58 1354298 81 1072851 105 1419345 129 2037469 152 2340484 175 2281944 199 1665074 223 1272370 246 1937446 247 0
0
345 1 781 155 0.9275875192109326 0.0389473746964745 0
14 6 0 7 1221785 33 1369736 58 1739312 84 2756607 110 1946105 136 1640734 161 1088326 187 1384545 213 1147613 239 791140 264 794308 290 857485 291 0
0
346 3 640 143 0.9250917204776206 0.08039587850670218 0
13 4 0 5 2213440 31 2073187 57 2340920 83 2622653 109 1652643 135 1114725 161 523650 187 581569 213 525615 239 842435 265 661022 266 0
1 345
347 2 1021 249 0.9257194253771317 0.007304037606059355 0
7 69 0 70 966762 96 1313999 123 1199763 149 996703 175 1193767 176 0
2 345 346
348 3 1141 101 0.9248217950630965 0.03597510482549927 0
12 69 0 70 438604 94 775537 119 472713 143 1112491 168 775167 192 718019 217 1567684 241 2362968 266 2077830 290 1746003 291 0
2 345 347
349 1 1282 191 0.9161475311841399 0.12132860192575734 0
13 3 0 4 1262591 28 1419774 52 1258493 77 964137 101 1033906 125 1449503 149 2290493 173 2855862 198 2203371 222 2709138 246 1039808 247 0
0
350 1 1208 135 0.9170986163188373 0.014870986377459388 0
15 0 0 1 1388656 25 1649102 50 1800603 75 2066395 99 2938206 123 2052026 148 1002581 173 743837 197 985332 221 473156 246 342642 271 252591 295 219721 296 0
1 349
351 2 1498 216 0.913344146497357 0.02408674316627452 0
12 82 0 83 1914414 107 1730316 130 1276795 154 842691 178 914036 201 1043082 225 921412 249 733730 272 979997 296 1021056 297 0
0
352 3 1489 130 0.9247762080418112 0.1311586204910253 0
14 9 0 10 1851380 35 2531362 59 1853035 84 1372663 108 964613 133 837278 157 777932 182 857214 206 736237 231 598754 255 1054926 280 742224 281 0
1 351
353 2 1227 111 0.918364075224599 0.11498446628170861 0
7 116 0 117 651757 145 782973 173 1012892 200 1628801 228 1297884 229 0
1 352
354 3 1473 230 0.929720843424549 0.08966120326135932 0
11 12 0 13 1311643 39 1722801 65 2135851 90 1564896 116 1619840 142 846078 167 1282857 193 1076906 219 1438892 220 0
0
355 1 987 170 0.91596468201748 0.10988259325822579 0
11 24 0 25 527333 49 533236 73 711660 97 634890 121 1246933 145 1205562 169 1419919 193 2493852 217 1947907 218 0
1 354
356 3 1121 256 0.91800291705781 0.11679349357401275 0
11 15 0 16 1164542 42 1221429 67 1316381 93 984719 119 865081 144 974263 170 1048750 195 1089748 221 591795 222 0
0
357 3 587 71 0.9107503285861658 0.05249529168083956 0
11 12 0 13 2403443 38 2202991 63 1333195 88 1303347 113 1023524 137 1255999 162 1322952 187 1886621 212 2432253 213 0
1 356
358 2 1149 169 0.9173860484257328 0.08670341172863663 0
10 33 0 34 1064802 57 790572 81 1725874 104 2180937 128 2182054 151 2161056 175 2090076 198 1517831 199 0
0
359 2 588 146 0.924113164839668 0.12243327043948746 0
13 29 0 30 702660 56 843411 82 1045939 108 1107381 134 1254995 161 1680196 187 1915974 213 1380068 239 1332212 265 1091811 291 1407066 292 0
0
360 2 1215 243 0.9239997718552158 0.00010375537465679985 0
11 5 0 6 1354504 30 1607783 54 1739658 78 1826882 103 1712906 127 1778093 151 1415021 175 1021265 199 882931 200 0
0
361 2 772 29 0.9225780120784809 0.14670908609088495 0
15 0 0 1 78218 26 146994 51 265036 75 264382 100 502171 125 616497 149 1490368 174 739323 199 859880 224 1015122 249 1939976 273 1992687 298 2235283 299 0
1 360
362 3 918 130 0.9235904380658931 0.012702265737175944 0
14 2 0 3 1306265 29 1101894 55 1952695 80 1257980 106 1580902 132 1023835 158 1295855 184 1000846 210 920202 235 995946 261 1222864 287 1170381 288 0
0
363 3 539 90 0.9198918978965199 0.02371934771738145 0
14 14 0 15 1326082 40 1340831 65 1539614 91 3312634 116 3024515 141 2114052 166 2546908 191 1710223 216 688970 242 727595 267 571848 292 393165 293 0
1 362
364 2 1111 135 0.9115881627655793 0.13688254992856883 0
11 60 0 61 2091438 87 2164756 113 1275380 139 1853709 165 1271986 191 1042204 217 1151955 243 1102529 269 1033354 270 0
0
365 3 1000 237 0.9124442788759789 0.13830271851173154 0
15 7 0 8 1095026 32 770543 56 1952273 80 2361396 104 2612472 128 2429406 152 2290587 176 1884340 200 2084776 224 1225260 248 1531724 272 1321616 296 836236 297 0
1 364
366 3 1037 32 0.9176390073364213 0.10802548533846122 0
8 156 0 157 939687 182 1588106 207 1739853 231 1679613 256 1365307 281 1384358 282 0
0
367 3 1461 224 0.9166899181861725 0.12339367888559095 0
9 137 0 138 785703 163 923097 189 843588 214 921414 239 2426228 265 2407942 290 2924608 291 0
2 366 368
368 2 1060 41 0.9254402749384023 0.0733328643145288 0
9 83 0 84 1625018 111 1019011 137 731059 164 1279236 191 2099193 217 820139 244 465564 245 0
0
369 2 825 57 0.9174752411834332 0.03369488078144261 0
13 1 0 2 3200579 27 1884568 52 1486701 78 1427751 103 1121681 128 987981 153 1364733 178 1247648 204 561370 229 608398 254 857830 255 0
1 367
370 1 882 20 0.9187756743266282 0.054658133270071206 0
14 3 0 4 1429224 28 823322 52 1041762 76 733809 100 844948 124 914510 149 1130158 173 1743274 197 966728 221 773005 245 954442 269 871035 270 0
0
371 1 1332 282 0.9159601454560028 0.0067218549576676945 0
10 19 0 20 266821 45 352925 71 565704 96 671449 121 1343800 146 3271541 172 2437581 197 2852095 198 0
0
372 1 1326 235 0.9196546575031449 0.10551064535872919 0
9 92 0 93 2003385 118 1678011 144 2136045 169 1284224 194 1007490 220 1161054 245 2320838 246 0
0
373 3 1236 140 0.914755941546399 0.0714073486915798 0
7 179 0 180 2461709 207 1080342 233 971231 260 1116622 287 866244 288 0
1 372
374 2 748 137 0.9204106199270454 0.11519257204887012 0
11 42 0 43 1365127 69 1348217 94 1046595 119 1037275 145 892023 171 731391 196 877055 221 983646 247 669437 248 0
0
375 1 966 118 0.9145974794238683 0.13528779312657582 0
12 24 0 25 990734 49 1430346 72 1790051 96 2239030 119 1526051 143 754880 166 1119112 190 1606877 213 1180550 237 2140491 238 0
1 374
376 2 821 163 0.9196538582992607 0.04138427152832887 0
13 18 0 19 157143 43 143461 68 144749 93 321996 117 636744 141 540856 166 1116543 191 991360 215 1460428 239 993818 264 2247606 265 0
0
377 2 1375 209 0.9212824144442642 0.07916634925222109 0
8 116 0 117 1371263 140 1009459 163 850178 186 1139378 209 1319362 232 1048791 233 0
1 376
378 2 1071 184 0.9145165851267515 0.12511196452414328 0
11 51 0 52 2262684 77 2638082 102 1846120 127 1082236 151 514088 176 295920 201 342040 226 432889 251 281262 252 0
2 376 377
379 1 686 166 0.9267398212309564 0.012821595545935443 0
11 20 0 21 1903428 47 1354577 73 885748 99 1207903 125 889230 151 838488 177 978298 203 1153897 229 1630532 230 0
2 376 378
380 3 851 183 0.9180022033156662 0.0999160785500902 0
12 18 0 19 1757887 45 1668791 71 1165215 98 1122220 124 1059989 150 1271731 176 2617870 203 1752339 229 1613535 255 763777 256 0
0
381 2 555 170 0.9264564119209973 0.10739944729415549 0
9 74 0 75 1915631 98 1499817 121 1481786 143 1057402 166 935393 189 1002857 212 1278793 213 0
0
382 2 590 199 0.9201820902394422 0.08149404341750537 0
14 19 0 20 1252932 44 1297531 69 980432 93 1126460 117 1094419 142 1610389 166 2009635 191 1491865 215 1300578 239 1126612 264 1231373 288 1708767 289 0
0
383 2 1328 220 0.9246695276286481 0.11323195912444364 0
7 11 0 12 1459491 39 696737 67 587531 94 731818 121 1515536 122 0
1 382
384 3 619 90 0.9259657763660727 0.02548133089364833 0
11 64 0 65 771341 90 1248988 115 1176540 140 1055857 165 1031166 190 734299 215 1155472 240 672934 265 985145 266 0
0
385 2 570 191 0.9258681860893296 0.08493977925083024 0
9 26 0 27 1532254 53 911250 80 924673 107 751646 133 753636 159 1074360 186 1061408 187 0
1 384
386 1 873 206 0.9258571534217308 0.013355970759301788 0
8 58 0 59 2276885 83 2374113 106 1548923 130 2046189 153 2277045 177 1120936 178 0
0
387 2 638 284 0.923259121492539 0.009829405137607454 0
13 34 0 35 730734 59 1349886 83 2619197 107 2095703 131 1654891 155 1413689 179 1280733 203 1562988 227 1465964 251 1182492 275 832786 276 0
2 386 389
388 3 1477 95 0.9139928555277246 0.04178049405598267 0
9 112 0 113 618727 137 1030985 160 1154645 183 1355599 207 1268492 231 1301358 254 1661220 255 0
2 386 389
389 2 1303 279 0.9261516461812921 0.14116137769101397 0
11 3 0 4 659399 29 616820 55 1161280 80 1733110 105 2706859 130 2909718 155 2667738 181 1340774 206 1616141 207 0
0
390 1 1050 218 0.9124696879213493 0.00019856909897216223 0
9 134 0 135 733222 159 655968 182 1026547 205 1194124 229 1268660 253 1246149 276 1257504 277 0
0
391 1 1433 181 0.9141579163660913 0.1469519862173147 0
12 61 0 62 3921197 87 2676140 111 2476714 136 1824263 160 1430927 185 1624325 209 945525 234 784641 258 426625 283 274480 284 0
0
392 3 1196 211 0.9217178608239349 0.14698917718436683 0
8 94 0 95 240719 122 293914 149 427042 177 1057207 204 2120148 231 1659543 232 0
0
393 2 1499 290 0.9226078004686987 0.020650817054144847 0
8 62 0 63 424502 88 486121 114 875149 139 979878 165 2268191 190 2445057 191 0
0
394 1 758 94 0.9160678001950988 0.07077441708626546 0
8 164 0 165 1576740 188 1367447 211 1217902 233 965874 256 885023 279 1169837 280 0
0
395 3 880 8 0.9194504550237774 0.03459666010342763 0
12 47 0 48 820131 73 1021803 98 1685518 123 1203463 148 1877277 173 1666681 198 1767479 223 1016439 248 1340603 273 1351020 274 0
0
396 1 1386 271 0.9294638308232767 0.0686001741315551 0
7 73 0 74 985189 99 1331014 125 1152092 151 865270 176 737630 177 0
1 395
397 3 1243 251 0.9271489543742405 0.007842905031858487 0
11 48 0 49 2438163 72 2282931 96 2042780 119 2251068 143 1928036 166 1564376 189 1044959 213 567644 236 263718 237 0
0
398 3 1070 32 0.9246802445314288 0.07650798141473594 0
12 57 0 58 1799957 84 1303123 110 978996 136 1128261 162 773157 189 699182 215 739385 241 816407 267 900521 293 737936 294 0
1 397
399 3 903 253 0.9206060414040003 0.08546011547445696 0
7 181 0 182 1016106 209 1700861 237 1342638 264 1451541 291 1095736 292 0
1 398
400 1 727 43 0.9287603250577031 0.13973954503270253 0
8 129 0 130 2361392 156 2418188 181 1415022 207 883084 232 1024471 258 1144892 259 0
0
401 3 848 236 0.9246246140298013 0.04126430403960995 0
10 45 0 46 1301169 71 1098603 96 1220441 121 574273 147 848540 172 1028402 197 1213618 222 1561369 223 0
1 400
402 1 729 249 0.9143905882959491 0.112270400576078 0
11 15 0 16 1563045 40 1738093 63 1506889 87 1255234 111 1777443 135 2127078 159 2130346 182 2067915 206 1579053 207 0
0
403 3 842 119 0.9111949824793683 0.017047271672678187 0
13 39 0 40 374347 65 463344 91 931466 117 679032 142 628616 167 1297606 193 1738245 219 1844665 244 1993141 269 1963863 295 1443245 296 0
1 402
404 2 1166 79 0.9231802349329054 0.05451966349693591 0
12 33 0 34 2225653 59 1801182 84 2409731 109 2981409 134 1857208 158 1983745 183 1786953 208 1437614 233 1314674 258 1133213 259 0
0
405 1 1385 39 0.9164767672610815 0.09598646376257089 0
14 0 0 1 1100464 26 1731938 51 1494057 76 1752247 101 2131721 126 2881664 151 1937286 176 1394125 201 850925 226 729212 251 931055 276 656976 277 0
1 404
406 3 1002 294 0.9136791358893975 0.09933326973730758 0
10 88 0 89 2590563 112 2294165 135 1822672 158 1357779 182 1535461 205 891192 228 1418625 251 1868200 252 0
1 404
407 3 1477 259 0.9255027293364484 0.13195998608882986 0
14 3 0 4 1750313 29 1974131 53 2315908 78 1560286 103 1105677 127 2098888 152 1376844 176 1001522 201 849039 226 790318 250 1164824 275 907410 276 0
0
408 1 1247 160 0.9133900679697882 0.06477644548933402 0
8 77 0 78 1507339 103 2441670 128 1883084 152 1585547 177 1624893 202 1719014 203 0
1 407
409 2 671 241 0.9220279915135392 0.10055205988481206 0
10 11 0 12 914011 36 871839 59 776031 83 851866 106 1431680 130 1120174 153 1655089 177 1777863 178 0
0
410 3 1268 166 0.9219279798451323 0.08848799317796446 0
15 6 0 7 1687013 31 1503746 56 2314876 80 2189905 105 1034155 129 1067911 153 816336 178 438753 202 264652 227 271037 251 179366 276 258764 300 230887 301 0
0
411 3 1240 163 0.92418316702625 0.11377478690724864 0
9 74 0 75 1552735 98 1260663 121 1283424 145 686210 168 921760 191 1412796 214 1418408 215 0
1 410
412 3 1162 174 0.9216102912150268 0.08766417196263017 0
11 7 0 8 834356 32 835195 57 1446048 81 1914669 105 2455396 130 2287566 154 1989960 179 1990443 203 1676240 204 0
0
413 2 924 153 0.9251287930225831 0.07569887770269638 0
8 137 0 138 1462402 163 2560000 187 2103550 212 1314926 236 1666382 261 1406424 262 0
1 412
414 1 724 107 0.9272823552085763 0.12801322185218342 0
15 1 0 2 762828 27 1011066 51 1508260 76 1013216 101 970200 126 1032653 151 1297374 175 1362740 200 1768094 225 1438591 249 1673735 274 1455800 299 1778090 300 0
0
415 1 568 193 0.9230170462322652 0.03643910123034783 0
15 2 0 3 1341129 27 2031159 51 1265638 75 1028683 99 675039 123 658917 147 512932 172 745577 196 856754 220 663472 244 746621 268 1405886 292 829864 293 0
0
416 1 534 40 0.9173011869442795 0.1104916635547921 0
10 69 0 70 1565060 93 1226220 117 1318778 140 1649102 163 1046139 186 1425143 210 1818769 233 1752635 234 0
0
417 2 1030 203 0.9178838970671427 0.019986383723868184 0
12 8 0 9 661720 35 933066 60 1829366 86 3274201 111 2259920 137 2105283 162 1628426 188 2106209 213 1714632 239 1292469 240 0
1 416
418 2 1033 30 0.9120638314279402 0.12641037780752398 0
14 9 0 10 1935204 36 1544020 62 981383 87 675356 113 1171180 139 2000308 165 2168495 191 2147791 217 1652586 242 2279722 268 2335415 294 2224377 295 0
2 416 417
419 1 1448 109 0.9262183718450887 0.049029565490577805 0
8 46 0 47 1501348 70 1410933 93 1360857 115 1524118 138 1427978 161 1561237 162 0
1 417
420 1 1098 229 0.9254170795514329 0.0863406943203218 0
12 60 0 61 1185225 86 1617487 111 1190005 135 1335939 160 1552805 185 1500282 210 1181951 234 1152757 259 1146389 284 935503 285 0
0
421 1 766 169 0.9146801925424705 0.12364690058477329 0
15 0 0 1 1677359 25 1529252 49 1526552 73 2084337 97 1478068 121 846402 145 667226 169 865882 193 676288 217 855836 241 598368 265 1430898 289 2330400 290 0
1 420
422 2 1008 251 0.9112581981328314 0.06712403060098712 0
14 5 0 6 2308781 31 1436399 57 1304338 82 1487826 107 1149157 132 552103 158 549099 183 474969 208 640031 233 538224 259 554864 284 1032668 285 0
0
423 3 1109 203 0.9254851922865139 0.04009429895571815 0
12 48 0 49 2799791 74 1905976 99 1861177 125 1828815 150 2221770 175 2179134 200 2017428 226 1535369 251 1328476 276 1267610 277 0
1 422
424 2 1382 154 0.910104030760294 0.0977498169121742 0
11 2 0 3 1528222 29 1573420 55 1578154 81 1583568 107 1366117 133 940606 159 1174411 185 1023875 211 857441 212 0
0
425 1 1411 202 0.9292604763521419 0.02320595430095305 0
8 62 0 63 1327216 87 1106195 111 1297070 135 1900276 159 1778999 183 2209551 184 0
2 424 426
426 1 725 134 0.9139551018261342 0.06335124708968494 0
13 6 0 7 2577028 33 1254000 58 872168 84 834627 110 926456 135 1633021 161 2033417 187 1105534 213 887639 238 893594 264 1545726 265 0
0
427 2 936 97 0.9117548189553708 0.05246088712174741 0
10 14 0 15 668574 40 895774 65 1250507 90 1960062 115 2508972 140 2449453 165 2229074 190 2306865 191 0
0
428 1 916 221 0.9176167405906359 0.06924404145669176 0
11 49 0 50 2016497 75 2029942 100 1859558 125 1312552 150 905599 175 847253 200 772071 225 1001080 250 1475115 251 0
1 427
429 3 887 207 0.9114233908826134 0.1344895195893943 0
14 18 0 19 1106929 44 1311815 69 1567273 94 1142965 119 1433468 144 1121944 170 2575770 195 2472176 220 1397571 245 1249973 270 1259756 295 1610714 296 0
2 427 428
430 3 1006 93 0.919716521696365 0.027608573256536217 0
10 76 0 77 971925 101 1085739 125 1067164 149 986510 173 909641 197 1576002 221 1900566 245 2025768 246 0
0
431 3 1490 3 0.9261105078421322 0.06840870822611327 0
7 100 0 101 1572383 127 802020 152 821821 177 796428 203 1017959 204 0
2 430 432
432 1 973 60 0.9220356570049097 0.06755494441212585 0
12 15 0 16 993629 40 1099999 63 936261 87 920034 110 659676 134 920041 157 1124372 181 2239169 204 1899786 228 2030141 229 0
0
433 1 782 245 0.9281011071116445 0.09660595394582522 0
8 81 0 82 2296375 108 2301930 134 2453589 159 1598610 185 1360189 211 1405537 212 0
0
434 2 693 148 0.9249821773921407 0.03534740712942737 0
11 55 0 56 1310212 80 1063881 105 1702186 129 1973045 153 1549761 178 1363940 202 1409760 227 749805 251 956730 252 0
0
435 2 654 199 0.9210137164748642 0.09180824373427517 0
13 27 0 28 274508 53 482064 77 632612 102 714497 127 1409326 151 1256623 176 931297 201 1028535 226 1009712 250 1320457 275 1457453 276 0
1 434
436 2 1145 34 0.9158483964761858 0.11908595559698953 0
9 97 0 98 1728833 123 1692940 147 2048577 172 1079853 197 858792 221 656322 246 433359 247 0
0
437 2 1065 267 0.9296757141388524 0.07269732476581926 0
7 37 0 38 1883030 64 1104237 90 835469 116 743198 142 639726 143 0
1 436
438 3 858 195 0.9243668705648461 0.01805536867915453 0
9 15 0 16 1454537 40 1366870 64 1852532 87 1695814 111 1337815 135 1622045 159 1281794 160 0
2 436 439
439 2 869 31 0.9175300256503636 0.06166421351041659 0
11 1 0 2 1956926 27 1398606 51 1802250 76 2185559 101 2067862 126 1999811 151 1611077 175 1518935 200 1262669 201 0
0
440 3 1446 191 0.9141163538123185 0.09554968872567049 0
10 55 0 56 1864444 81 1870979 106 1858119 131 1872847 157 1679770 182 1646842 207 1190167 232 1115496 233 0
0
441 3 714 43 0.9273561319715264 0.11332870521454529 0
14 14 0 15 991966 39 1055860 63 1800368 86 1373481 110 1003133 134 1021877 158 832467 182 1941676 206 2101595 229 1083519 253 2010003 277 1790722 278 0
1 440
442 3 702 33 0.92973712069959 0.06851067371817776 0
9 26 0 27 1278635 53 1548281 80 1322084 107 1264318 133 1065360 159 1103679 186 1462861 187 0
0
443 2 1140 59 0.9294833895233567 0.1288693332150328 0
13 44 0 45 2030609 69 1611249 94 1375431 119 2046413 143 1700463 167 1368072 192 1171758 217 1118801 241 1277449 265 988316 290 1223060 291 0
1 442
444 3 1117 199 0.9212225494801571 0.08457673360446198 0
14 23 0 24 968657 48 1097514 72 1473842 96 2215319 120 1726632 144 1572759 167 2077631 191 2024606 215 2326535 239 2601879 263 2613491 287 2240017 288 0
0
445 3 1009 217 0.9169940983812629 0.049735678510161606 0
9 43 0 44 1139594 71 1272182 98 638913 125 544983 151 1048047 178 1698939 205 1195089 206 0
0
446 2 885 270 0.9169308404537099 0.05869278419077586 0
9 25 0 26 2333099 53 2889336 80 1664634 107 1204830 133 726566 160 1330846 187 1722671 188 0
0
447 1 537 28 0.9141628849732814 0.06278779170119803 0
13 3 0 4 3672584 29 2220538 54 1978969 79 1810567 104 1532194 129 1877723 154 1397697 179 1373893 204 871305 229 575217 254 1272317 255 0
1 446
448 3 1196 137 0.9131930877489187 0.033927976759441515 0
13 6 0 7 3365255 33 2930536 59 2174842 85 1716813 111 1839869 137 1279105 164 1400978 190 1755113 216 942341 242 519462 268 495363 269 0
2 446 447
449 1 860 5 0.9224091723267709 0.04985168687248318 0
11 63 0 64 2546177 88 1375767 112 1182812 136 1961545 159 1908433 183 1801601 207 1359307 231 1745516 255 1879640 256 0
2 447 448
450 3 783 296 0.9101043977974684 0.09225298894697391 0
9 151 0 152 1212258 176 1053936 200 857776 225 928328 249 1668241 273 1205755 297 810823 298 0
0
451 2 698 66 0.9246603522578213 0.11431132588899244 0
11 38 0 39 2387295 63 1555098 86 1639624 109 1811240 133 1267967 157 805014 180 1030371 203 1249426 227 778007 228 0
1 450
452 2 894 164 0.9183267762442249 0.1158648128074298 0
13 1 0 2 1633048 27 1391979 51 1074289 75 723984 100 723882 125 1337241 149 1045822 173 1366876 198 1467236 223 882767 247 2187264 248 0
0
453 3 856 159 0.9283664676008005 0.01612696362295098 0
12 36 0 37 1641209 61 919025 85 1061710 109 835017 133 812782 157 897433 181 781183 205 809219 229 1150579 253 1255508 254 0
0
454 2 982 107 0.9181370240186436 0.07738517911481677 0
9 142 0 143 2969941 168 1702112 193 1814255 218 1681523 243 1339888 268 1358233 293 1957190 294 0
1 453
455 1 636 71 0.9212433769598596 0.06832569422436362 0
8 107 0 108 1855276 131 1795877 154 1179631 176 1795242 199 2031748 222 2058755 223 0
0
456 1 1351 179 0.9121617683157817 0.052542368853387485 0
8 88 0 89 2110844 114 1339182 140 1792720 165 2366015 191 1964914 216 1330862 217 0
1 455
457 2 1498 100 0.9175278717101731 0.12880751937340973 0
12 12 0 13 1105773 38 861898 64 690289 89 554776 115 518253 140 1322575 166 1931216 191 1380859 217 1581813 242 2089826 243 0
0
458 1 617 106 0.918947982664305 0.03760487696898231 0
8 68 0 69 2380877 94 3062251 120 2003535 145 937578 171 800298 196 998679 197 0
1 457
459 2 1289 257 0.92014510574503 0.00570260222059088 0
11 1 0 2 1996552 27 2275675 52 2156085 77 2535073 101 1492352 126 1278768 151 880624 176 1221039 201 1628063 202 0
1 458
460 3 1040 209 0.9153560431435177 0.053823630039949714 0
12 42 0 43 945914 68 2226627 93 1952261 118 1409044 143 1138631 167 1488845 192 1767044 217 829019 242 615131 267 540667 268 0
0
461 3 603 101 0.9224558173838985 0.045560092518362745 0
8 138 0 139 1207590 162 1154357 185 1086154 209 1693237 232 2764923 255 1564616 256 0
1 460
462 1 1187 140 0.9247892563184097 0.0006850030873060186 0
10 105 0 106 1841309 132 1079660 159 899272 185 1540272 211 1451701 237 1534055 264 1665943 290 1478634 291 0
1 460
463 1 1231 70 0.9165349933706656 0.10178227583630564 0
14 29 0 30 2992631 54 3314514 78 1305580 102 1612306 126 2217507 150 1902904 173 1450015 197 1166466 221 542355 245 1019011 269 1091963 293 718097 294 0
0
464 3 504 253 0.9270708642610934 0.1430237220349165 0
14 15 0 16 2923210 40 2163085 64 2040914 89 2184643 113 1377904 137 1078122 161 887065 185 917075 209 820942 234 1052186 258 2258375 282 1627354 283 0
1 463
465 3 823 60 0.9210936734111602 0.07382126998973314 0
12 62 0 63 2404667 88 2930339 112 1514438 137 1259917 161 1089984 186 1511431 210 774508 235 880211 259 700181 284 709688 285 0
1 463
466 3 1348 165 0.9171993173457614 0.10162679205534311 0
15 2 0 3 1892260 28 1080043 52 893065 77 1008917 101 873763 126 866446 151 839477 175 695275 200 1272116 224 1977646 249 2729076 273 3162429 298 3286808 299 0
0
467 3 1070 270 0.9132917329015019 0.039411280886281846 0
15 6 0 7 435195 31 509160 55 434801 80 388339 104 437645 128 527053 153 512137 177 502970 201 816727 225 1033564 249 1795521 274 2368255 298 2635821 299 0
0
468 1 685 154 0.9285729724390985 0.14650342267372435 0
11 27 0 28 1684119 54 1202599 81 1774115 107 2150593 133 1722976 159 1225618 185 756018 212 604125 238 736433 239 0
2 467 469
469 3 766 34 0.9255874377036297 0.013861954679500249 0
14 9 0 10 483142 34 442563 59 387416 83 458995 107 881772 132 1045439 156 2130387 181 3359990 205 3175948 229 2236094 254 1021203 278 967683 279 0
0
470 3 1297 231 0.9130410324457612 0.014902374327504679 0
14 1 0 2 660890 28 762630 54 683480 79 608416 105 612051 131 680924 157 1092695 183 1077292 209 1354902 234 1602331 260 1428220 286 1624897 287 0
0
471 2 826 173 0.9103826771038137 0.13578677593010569 0
8 6 0 7 1003519 30 774925 53 1072820 77 2021700 100 1642943 123 2539617 124 0
1 470
472 1 1046 234 0.9220506331173426 0.13319195893358232 0
10 71 0 72 993420 98 1424693 124 1229366 150 1612760 177 1635301 203 1483129 229 2102320 255 2080255 256 0
0
473 3 992 139 0.9264271953587108 0.04867830894605527 0
10 21 0 22 1845678 48 2198452 75 1246665 101 887606 128 1030047 154 848176 181 845377 207 836071 208 0
1 472
474 1 938 23 0.926599300746484 0.07982048404213728 0
10 15 0 16 1188297 39 1460156 63 985994 86 649511 110 1100988 133 1377244 157 1432420 180 1234575 181 0
2 472 473
475 2 729 30 0.9299241821059444 0.024813906687754742 0
13 40 0 41 2661842 65 2543775 89 1576052 112 1407604 136 1302113 160 1244300 184 812770 208 883963 231 1452364 255 2125544 279 1236164 280 0
0
476 1 751 140 0.9269070032651017 0.07814311889924284 0
13 27 0 28 602516 54 664398 80 789194 106 1311967 132 1561567 159 1687911 185 1374585 211 1818203 237 1389029 263 1193219 289 1020547 290 0
1 475
477 1 1474 140 0.9136243497382939 0.1373342784939391 0
7 168 0 169 2756200 197 1657317 225 1328993 252 1376668 280 1563555 281 0
0
478 2 1459 257 0.9215449738246516 0.14012384498501876 0
14 21 0 22 856514 47 1144548 71 1883418 96 2745410 121 2967631 145 2579857 170 2322754 194 2126976 219 1700217 244 1452455 268 1345656 293 1270992 294 0
0
479 1 1021 82 0.9213526570462555 0.1068257117177988 0
15 7 0 8 1388770 32 1841429 57 2163297 81 3088775 105 2775151 130 1747052 154 1907677 178 1548582 203 1346416 227 1193069 251 795354 276 1106552 300 1305762 301 0
1 478
480 3 884 298 0.9100404984453163 0.0043304890043377115 0
14 6 0 7 3262848 33 2112851 58 1927133 84 1547426 109 1115175 135 1078076 160 1030723 186 1082927 211 1508277 237 1367829 262 1282725 288 1223336 289 0
2 478 479
481 1 1296 272 0.9176444597840396 0.051404707570693826 0
7 150 0 151 1519028 177 1623938 204 1263545 231 1208519 257 1172700 258 0
1 479
482 2 1271 226 0.9214583284761998 0.04280086712307584 0
11 37 0 38 3239333 64 3540020 91 1509183 117 1694676 143 1115934 169 1170249 195 903634 222 861580 248 543384 249 0
0
483 2 1292 211 0.920551607705483 0.13898154373805904 0
15 5 0 6 2548938 31 2007516 55 2466240 79 1674999 104 1057939 129 710046 153 632746 177 825303 202 985223 227 892220 251 518919 275 955587 300 722075 301 0
0
484 1 1181 288 0.9195890011443723 0.07561429284645281 0
9 138 0 139 1928104 163 2061777 187 1807890 211 1280286 235 1299472 259 775357 283 934860 284 0
1 483
485 2 1206 119 0.9174270372428206 0.06573633941943906 0
7 174 0 175 1643710 201 1038420 226 984565 251 788301 277 549599 278 0
0
486 1 1265 16 0.9209830140913039 0.11185703993589952 0
10 47 0 48 370300 73 583211 98 940134 123 1042439 149 2004054 174 3252775 199 2273031 224 2113435 225 0
1 485
487 3 899 225 0.9204295299198022 0.015351382921224776 0
9 50 0 51 905424 75 835286 100 1454531 124 1591265 148 2571461 173 1777039 197 2439407 198 0
0
488 3 1273 59 0.9208879664097432 0.12609942827366513 0
10 36 0 37 2113284 61 3185311 85 1517571 109 1004004 134 1007179 158 1310898 182 1165275 206 1991564 207 0
1 487
489 1 1440 161 0.9141669811533545 0.03287707464544313 0
14 9 0 10 760243 34 758769 59 997341 83 1758416 108 2466939 132 2359453 157 1681246 181 1708927 206 2147570 230 1485549 255 1152461 279 916624 280 0
0
490 1 974 171 0.929774669700098 0.02487673169318359 0
9 123 0 124 1070383 147 1010262 170 1520473 193 958815 217 1671568 240 1169626 263 2019257 264 0
1 489
491 1 1346 37 0.9148570134455414 0.053781804003260165 0
10 26 0 27 3765723 52 2331590 77 1896763 102 845475 128 1272453 153 1093141 178 1107668 203 1672944 204 0
0
492 3 1439 138 0.9284772483922015 0.06535712646915161 0
15 0 0 1 1791496 26 2338808 50 1316338 75 925299 100 754273 124 627890 149 693256 174 410893 198 178913 223 277915 248 274193 272 357523 297 248883 298 0
0
493 1 500 265 0.9150083503571519 0.13094376419305176 0
11 21 0 22 942484 45 743863 69 1006899 93 813234 116 1082291 139 1590419 163 2090803 187 1866468 210 1704230 211 0
1 492
494 2 1171 186 0.9100221234226039 0.03690507986002046 0
14 6 0 7 875778 33 1031004 59 1568015 85 1147101 111 456665 137 1179265 163 1402876 189 1454266 215 1585319 241 1154121 267 2432444 293 2206380 294 0
2 492 493
495 2 579 21 0.9287250566741065 0.06145546424428995 0
14 8 0 9 2520272 34 1725269 60 2873507 85 2951632 111 1958668 136 1144570 162 1061971 187 1695341 213 1321908 238 1078662 264 1657405 289 2203527 290 0
0
496 3 1055 250 0.923135525865349 0.12110040292986854 0
12 16 0 17 1098041 42 926496 67 1344368 92 1908406 117 1160952 143 1748075 168 2933466 193 2041346 218 1742654 243 1537382 244 0
1 495
497 3 853 158 0.9222675899607338 0.08685849038892247 0
13 33 0 34 431472 59 952440 85 1287845 111 1571878 136 1923971 161 2216111 187 1981313 213 2303876 238 2373418 263 1994848 289 1864933 290 0
2 495 496
498 3 1308 22 0.9248278618649814 0.009181634560136863 0
8 30 0 31 197295 56 271380 81 253864 106 1108203 131 2205864 156 2109450 157 0
2 495 496
499 3 1264 157 0.9114318694443558 0.06398056855203364 0
12 15 0 16 1189945 42 1118752 68 927234 94 950846 120 964634 147 976783 173 1613092 199 963473 225 752792 251 601874 252 0
0
500 3 1447 165 0.9239829322578902 0.024784143087505473 0
11 58 0 59 844340 84 526675 110 461294 135 351518 161 482956 186 819447 211 2199148 237 1718075 262 1938595 263 0
1 499
7 5 5171447285481555204
0.65038945819291305 0.34563956882504965 0.0039709729820371362 0 0 0 0 
0.29367291714300131 0.5797862507438768 0.11253142456916909 0.014009407543952867 0 0 0 
1.4131189430426344e-09 0.18905960051799561 0.44909739165434842 0.32239542530231813 0.039447581112218938 0 0 
0 0.043752041690362654 0.079271361143687852 0.87011603340370036 0.0033077052290538069 0.0035528585331954204 0 
0 0 0.015190350742277408 0.044334491311077411 0.90080171493640016 0.039640375730251982 3.3067279992976463e-05 
0 0 0 2.9123680876183852e-09 0.21976983161374733 0.68711791872304939 0.093112246750835195 
0 0 0 0 0.018677162951541051 0.41030647336908055 0.57101636367937847 
7 0 0 0 0 0 0 0
0.015823510689101827 0.984702821157962 4.330154966337197
