A
300
642 1045
1 87.0 112.0
2 88.0 112.0
3 86.0 112.0
4 87.0 111.0
5 86.0 111.0
6 84.0 112.0
7 85.0 112.0
8 85.0 111.0
9 85.0 110.0
10 86.0 110.0
11 83.0 111.0
12 84.0 111.0
13 84.0 110.0
14 83.0 110.0
15 82.0 110.0
16 82.0 111.0
17 75.0 125.0
18 76.0 125.0
19 76.0 124.0
20 75.0 124.0
21 78.0 113.0
22 78.0 114.0
23 77.0 113.0
24 78.0 112.0
25 77.0 112.0
26 76.0 114.0
27 77.0 114.0
28 76.0 113.0
29 75.0 116.0
30 76.0 116.0
31 75.0 115.0
32 76.0 115.0
33 74.0 115.0
34 75.0 114.0
35 87.0 82.0
36 88.0 82.0
37 88.0 81.0
38 88.0 80.0
39 87.0 81.0
40 86.0 81.0
41 86.0 82.0
42 86.0 80.0
43 87.0 80.0
44 85.0 84.0
45 86.0 84.0
46 86.0 83.0
47 84.0 84.0
48 85.0 83.0
49 84.0 83.0
50 85.0 82.0
51 95.0 70.0
52 96.0 70.0
53 96.0 69.0
54 95.0 69.0
55 96.0 68.0
56 94.0 70.0
57 94.0 69.0
58 95.0 68.0
59 94.0 71.0
60 94.0 72.0
61 92.0 72.0
62 93.0 72.0
63 92.0 71.0
64 93.0 71.0
65 93.0 70.0
66 92.0 69.0
67 93.0 69.0
68 93.0 68.0
69 96.0 67.0
70 95.0 66.0
71 96.0 66.0
72 94.0 68.0
73 95.0 67.0
74 94.0 67.0
75 94.0 66.0
76 93.0 67.0
77 92.0 68.0
78 92.0 67.0
79 93.0 66.0
80 93.0 65.0
81 94.0 65.0
82 94.0 64.0
83 93.0 64.0
84 92.0 66.0
85 92.0 65.0
86 91.0 70.0
87 92.0 70.0
88 91.0 68.0
89 91.0 69.0
90 90.0 69.0
91 90.0 70.0
92 90.0 68.0
93 89.0 72.0
94 90.0 72.0
95 89.0 71.0
96 90.0 71.0
97 88.0 71.0
98 88.0 70.0
99 89.0 70.0
100 91.0 65.0
101 92.0 64.0
102 90.0 66.0
103 91.0 66.0
104 90.0 64.0
105 91.0 64.0
106 89.0 66.0
107 90.0 65.0
108 89.0 65.0
109 89.0 64.0
110 87.0 67.0
111 88.0 67.0
112 86.0 68.0
113 87.0 68.0
114 86.0 67.0
115 87.0 65.0
116 88.0 65.0
117 87.0 64.0
118 88.0 64.0
119 86.0 66.0
120 87.0 66.0
121 86.0 65.0
122 86.0 64.0
123 85.0 64.0
124 84.0 66.0
125 85.0 66.0
126 85.0 65.0
127 88.0 72.0
128 84.0 64.0
129 81.0 71.0
130 82.0 71.0
131 82.0 70.0
132 81.0 70.0
133 80.0 70.0
134 80.0 71.0
135 83.0 68.0
136 84.0 68.0
137 84.0 67.0
138 82.0 68.0
139 82.0 67.0
140 83.0 67.0
141 82.0 66.0
142 83.0 65.0
143 84.0 65.0
144 83.0 66.0
145 82.0 65.0
146 82.0 64.0
147 71.0 90.0
148 72.0 90.0
149 72.0 89.0
150 71.0 89.0
151 72.0 88.0
152 70.0 89.0
153 70.0 90.0
154 70.0 88.0
155 71.0 88.0
156 80.0 75.0
157 80.0 76.0
158 79.0 75.0
159 80.0 74.0
160 79.0 74.0
161 78.0 76.0
162 79.0 76.0
163 78.0 74.0
164 77.0 76.0
165 78.0 75.0
166 77.0 74.0
167 76.0 75.0
168 77.0 75.0
169 75.0 76.0
170 76.0 76.0
171 75.0 75.0
172 76.0 74.0
173 74.0 76.0
174 84.0 82.0
175 74.0 75.0
176 75.0 74.0
177 74.0 74.0
178 73.0 76.0
179 73.0 74.0
180 72.0 76.0
181 73.0 75.0
182 72.0 75.0
183 72.0 74.0
184 78.0 62.0
185 79.0 62.0
186 79.0 61.0
187 78.0 61.0
188 79.0 60.0
189 78.0 57.0
190 78.0 58.0
191 77.0 57.0
192 76.0 57.0
193 77.0 56.0
194 76.0 56.0
195 75.0 62.0
196 76.0 62.0
197 75.0 61.0
198 76.0 61.0
199 76.0 60.0
200 75.0 60.0
201 74.0 62.0
202 74.0 61.0
203 74.0 60.0
204 80.0 53.0
205 80.0 54.0
206 79.0 53.0
207 80.0 52.0
208 79.0 52.0
209 79.0 54.0
210 78.0 53.0
211 78.0 54.0
212 78.0 56.0
213 78.0 55.0
214 77.0 55.0
215 77.0 54.0
216 76.0 54.0
217 76.0 49.0
218 76.0 50.0
219 75.0 49.0
220 76.0 48.0
221 74.0 49.0
222 75.0 48.0
223 74.0 48.0
224 74.0 50.0
225 73.0 49.0
226 73.0 48.0
227 73.0 50.0
228 72.0 48.0
229 72.0 49.0
230 55.0 96.0
231 55.0 97.0
232 88.0 111.0
233 53.0 39.0
234 54.0 39.0
235 76.0 55.0
236 59.0 44.0
237 59.0 45.0
238 80.0 62.0
239 59.0 69.0
240 59.0 70.0
241 74.0 114.0
242 61.0 102.0
243 61.0 103.0
244 85.0 109.0
245 49.0 35.0
246 50.0 35.0
247 60.0 69.0
248 60.0 70.0
249 81.0 72.0
250 83.0 64.0
251 53.0 82.0
252 54.0 82.0
253 61.0 47.0
254 62.0 47.0
255 58.0 70.0
256 58.0 71.0
257 89.0 112.0
258 59.0 74.0
259 60.0 74.0
260 62.0 48.0
261 84.0 109.0
262 56.0 81.0
263 56.0 82.0
264 48.0 34.0
265 49.0 34.0
266 52.0 39.0
267 58.0 99.0
268 59.0 99.0
269 74.0 116.0
270 63.0 104.0
271 63.0 105.0
272 58.0 96.0
273 58.0 97.0
274 48.0 33.0
275 61.0 48.0
276 61.0 46.0
277 62.0 46.0
278 52.0 47.0
279 53.0 47.0
280 62.0 44.0
281 62.0 45.0
282 61.0 44.0
283 61.0 45.0
284 60.0 45.0
285 59.0 48.0
286 60.0 48.0
287 60.0 47.0
288 59.0 47.0
289 54.0 80.0
290 55.0 80.0
291 82.0 72.0
292 58.0 46.0
293 58.0 47.0
294 58.0 45.0
295 58.0 44.0
296 60.0 44.0
297 60.0 43.0
298 60.0 42.0
299 59.0 43.0
300 58.0 43.0
301 58.0 42.0
302 59.0 42.0
303 54.0 47.0
304 75.0 126.0
305 76.0 126.0
306 54.0 46.0
307 52.0 48.0
308 53.0 48.0
309 58.0 68.0
310 59.0 68.0
311 52.0 46.0
312 53.0 46.0
313 88.0 68.0
314 55.0 41.0
315 56.0 41.0
316 55.0 42.0
317 54.0 41.0
318 56.0 99.0
319 56.0 100.0
320 55.0 40.0
321 55.0 39.0
322 56.0 39.0
323 55.0 38.0
324 56.0 38.0
325 80.0 72.0
326 53.0 40.0
327 54.0 40.0
328 53.0 37.0
329 53.0 38.0
330 54.0 38.0
331 52.0 38.0
332 88.0 66.0
333 52.0 37.0
334 59.0 98.0
335 52.0 36.0
336 53.0 36.0
337 50.0 36.0
338 48.0 35.0
339 48.0 36.0
340 56.0 40.0
341 75.0 50.0
342 59.0 46.0
343 60.0 46.0
344 76.0 112.0
345 59.0 97.0
346 60.0 97.0
347 63.0 106.0
348 52.0 40.0
349 82.0 112.0
350 83.0 112.0
351 54.0 42.0
352 62.0 102.0
353 60.0 75.0
354 56.0 42.0
355 49.0 32.0
356 49.0 33.0
357 58.0 75.0
358 58.0 76.0
359 54.0 81.0
360 49.0 36.0
361 64.0 104.0
362 63.0 77.0
363 64.0 77.0
364 54.0 36.0
365 59.0 75.0
366 60.0 98.0
367 60.0 99.0
368 60.0 103.0
369 57.0 75.0
370 57.0 76.0
371 80.0 60.0
372 80.0 61.0
373 60.0 78.0
374 60.0 79.0
375 54.0 37.0
376 59.0 96.0
377 56.0 75.0
378 50.0 34.0
379 78.0 52.0
380 59.0 71.0
381 60.0 68.0
382 55.0 72.0
383 56.0 72.0
384 56.0 73.0
385 54.0 98.0
386 55.0 98.0
387 62.0 103.0
388 61.0 78.0
389 57.0 99.0
390 60.0 102.0
391 60.0 80.0
392 61.0 80.0
393 60.0 71.0
394 60.0 72.0
395 50.0 33.0
396 60.0 104.0
397 61.0 104.0
398 62.0 78.0
399 55.0 81.0
400 55.0 82.0
401 62.0 79.0
402 56.0 96.0
403 48.0 32.0
404 56.0 97.0
405 58.0 48.0
406 55.0 73.0
407 64.0 105.0
408 63.0 78.0
409 64.0 78.0
410 58.0 72.0
411 59.0 72.0
412 59.0 76.0
413 60.0 76.0
414 50.0 32.0
415 72.0 50.0
416 56.0 98.0
417 62.0 104.0
418 62.0 105.0
419 54.0 48.0
420 61.0 79.0
421 54.0 96.0
422 54.0 97.0
423 77.0 58.0
424 57.0 98.0
425 58.0 98.0
426 62.0 106.0
427 58.0 100.0
428 55.0 74.0
429 56.0 74.0
430 78.0 60.0
431 62.0 77.0
432 58.0 69.0
433 54.0 72.0
434 54.0 73.0
435 55.0 100.0
436 56.0 80.0
437 57.0 74.0
438 58.0 74.0
439 62.0 80.0
440 55.0 99.0
441 59.0 100.0
442 60.0 100.0
443 57.0 100.0
444 76.0 58.0
445 64.0 106.0
446 54.0 74.0
447 56.0 76.0
448 62.0 76.0
449 63.0 76.0
450 64.0 76.0
451 54.0 99.0
452 56.0 101.0
453 60.0 96.0
454 59.0 104.0
455 60.0 105.0
456 80.0 110.0
457 80.0 112.0
458 82.0 108.0
459 80.0 108.0
460 76.0 128.0
461 80.0 114.0
462 80.0 116.0
463 74.0 112.0
464 88.0 88.0
465 88.0 90.0
466 88.0 84.0
467 84.0 80.0
468 96.0 64.0
469 84.0 72.0
470 84.0 70.0
471 80.0 64.0
472 80.0 66.0
473 78.0 96.0
474 80.0 96.0
475 78.0 94.0
476 80.0 94.0
477 80.0 92.0
478 76.0 96.0
479 76.0 94.0
480 74.0 96.0
481 74.0 94.0
482 76.0 92.0
483 72.0 96.0
484 72.0 94.0
485 72.0 92.0
486 74.0 92.0
487 74.0 90.0
488 76.0 90.0
489 74.0 88.0
490 70.0 92.0
491 68.0 88.0
492 66.0 92.0
493 68.0 92.0
494 68.0 90.0
495 66.0 90.0
496 80.0 68.0
497 64.0 90.0
498 64.0 92.0
499 66.0 88.0
500 64.0 88.0
501 78.0 72.0
502 76.0 72.0
503 74.0 72.0
504 72.0 72.0
505 78.0 64.0
506 80.0 58.0
507 74.0 64.0
508 76.0 64.0
509 72.0 62.0
510 72.0 64.0
511 80.0 56.0
512 74.0 52.0
513 76.0 52.0
514 64.0 108.0
515 64.0 102.0
516 78.0 116.0
517 52.0 96.0
518 54.0 84.0
519 56.0 84.0
520 52.0 84.0
521 64.0 80.0
522 96.0 72.0
523 56.0 68.0
524 56.0 70.0
525 62.0 100.0
526 52.0 72.0
527 74.0 128.0
528 52.0 32.0
529 52.0 34.0
530 64.0 44.0
531 62.0 40.0
532 62.0 42.0
533 56.0 48.0
534 56.0 46.0
535 72.0 60.0
536 64.0 46.0
537 64.0 48.0
538 60.0 40.0
539 58.0 40.0
540 56.0 44.0
541 52.0 44.0
542 48.0 38.0
543 50.0 38.0
544 50.0 40.0
545 48.0 40.0
546 64.0 40.0
547 52.0 42.0
548 64.0 42.0
549 78.0 92.0
550 54.0 44.0
551 56.0 36.0
552 72.0 52.0
553 54.0 76.0
554 64.0 100.0
555 76.0 88.0
556 90.0 88.0
557 100.0 72.0
558 104.0 72.0
559 104.0 68.0
560 104.0 64.0
561 100.0 64.0
562 100.0 68.0
563 80.0 128.0
564 80.0 124.0
565 76.0 120.0
566 80.0 120.0
567 72.0 120.0
568 84.0 96.0
569 84.0 92.0
570 80.0 88.0
571 84.0 88.0
572 80.0 104.0
573 80.0 84.0
574 88.0 76.0
575 80.0 80.0
576 84.0 76.0
577 68.0 96.0
578 64.0 96.0
579 68.0 84.0
580 68.0 80.0
581 76.0 80.0
582 76.0 68.0
583 72.0 68.0
584 72.0 80.0
585 68.0 76.0
586 64.0 72.0
587 68.0 72.0
588 80.0 48.0
589 72.0 56.0
590 68.0 64.0
591 68.0 56.0
592 64.0 64.0
593 64.0 60.0
594 68.0 60.0
595 64.0 68.0
596 72.0 84.0
597 52.0 88.0
598 56.0 88.0
599 48.0 44.0
600 48.0 48.0
601 44.0 40.0
602 60.0 84.0
603 44.0 36.0
604 64.0 84.0
605 64.0 56.0
606 44.0 32.0
607 56.0 64.0
608 60.0 64.0
609 88.0 92.0
610 56.0 32.0
611 60.0 88.0
612 112.0 72.0
613 96.0 80.0
614 104.0 80.0
615 104.0 48.0
616 112.0 48.0
617 56.0 56.0
618 48.0 56.0
619 64.0 32.0
620 48.0 64.0
621 40.0 56.0
622 40.0 48.0
623 112.0 64.0
624 120.0 64.0
625 112.0 56.0
626 104.0 56.0
627 96.0 48.0
628 120.0 56.0
629 96.0 56.0
630 120.0 48.0
631 112.0 0.0
632 112.0 16.0
633 112.0 32.0
634 48.0 16.0
635 128.0 0.0
636 128.0 16.0
637 80.0 32.0
638 96.0 32.0
639 96.0 16.0
640 128.0 32.0
641 64.0 16.0
642 96.0 128.0
638 639 16
637 638 16
636 640 16
635 636 16
633 640 16
633 638 16
632 636 16
632 639 16
632 633 16
631 632 16
627 638 16
627 629 8
626 629 8
625 626 8
625 628 8
623 625 8
623 624 8
619 641 16
619 637 16
618 621 8
618 620 8
617 618 8
616 633 16
616 630 8
616 625 8
615 627 8
615 626 8
615 616 8
612 623 8
610 619 8
607 617 8
607 620 8
607 608 4
605 617 8
602 611 4
602 604 4
600 622 8
600 618 8
599 600 4
598 611 4
597 598 4
593 605 4
593 594 4
592 595 4
592 608 4
592 593 4
591 594 4
591 605 4
590 594 4
590 592 4
589 591 4
588 627 16
588 637 16
586 595 4
586 587 4
585 587 4
584 596 4
582 583 4
581 584 4
580 585 4
580 584 4
579 604 4
579 596 4
579 580 4
577 578 4
575 581 4
574 576 4
573 575 4
570 573 4
570 571 4
569 609 4
569 571 4
568 569 4
565 567 4
565 566 4
564 566 4
563 642 16
563 564 4
561 562 4
560 626 8
560 623 8
560 561 4
559 562 4
559 560 4
558 614 8
558 612 8
558 559 4
557 562 4
557 558 4
555 570 4
554 578 4
552 589 4
551 610 4
546 619 8
546 548 2
545 601 4
545 599 4
544 545 2
543 544 2
542 545 2
542 543 2
246 378 1
246 337 1
245 265 1
245 338 1
245 360 1
245 246 1
243 397 1
243 387 1
243 368 1
242 390 1
242 352 1
242 243 1
240 255 1
240 248 1
240 380 1
239 247 1
239 432 1
239 310 1
239 240 1
238 471 2
238 372 1
237 342 1
237 294 1
237 284 1
236 295 1
236 299 1
236 296 1
236 237 1
234 327 1
234 330 1
234 321 1
233 329 1
233 326 1
233 266 1
233 234 1
231 404 1
231 422 1
231 386 1
230 421 1
230 402 1
230 231 1
229 415 1
228 537 8
228 229 1
227 415 1
226 228 1
225 229 1
225 226 1
225 227 1
224 512 2
224 341 1
224 227 1
223 226 1
222 223 1
221 223 1
221 225 1
221 224 1
220 588 4
220 222 1
219 341 1
219 222 1
219 221 1
218 513 2
218 341 1
217 220 1
217 219 1
217 218 1
216 513 2
216 235 1
215 216 1
214 235 1
214 215 1
213 214 1
212 511 2
212 213 1
211 213 1
211 215 1
210 379 1
210 211 1
209 211 1
208 379 1
207 588 4
207 208 1
206 208 1
206 210 1
206 209 1
205 511 2
205 209 1
204 207 1
204 206 1
204 205 1
203 535 2
202 203 1
201 507 2
201 509 2
201 202 1
200 203 1
199 444 2
199 430 2
199 200 1
198 199 1
197 202 1
197 200 1
197 198 1
196 508 2
196 198 1
195 197 1
195 201 1
195 196 1
194 589 4
194 235 1
193 214 1
193 194 1
193 212 1
192 444 1
192 194 1
191 423 1
191 193 1
191 192 1
190 506 2
190 430 2
190 423 1
189 212 1
189 191 1
189 190 1
188 430 1
188 371 1
187 430 1
186 187 1
186 372 1
186 188 1
185 238 1
185 186 1
184 196 2
184 187 1
184 505 2
184 185 1
183 504 2
182 183 1
181 182 1
180 584 4
180 585 4
180 182 1
179 183 1
179 181 1
178 181 1
178 180 1
177 503 2
177 179 1
176 177 1
175 181 1
175 177 1
174 467 2
173 175 1
173 178 1
172 502 2
172 176 1
171 176 1
171 175 1
170 581 4
169 171 1
169 173 1
169 170 1
167 172 1
167 171 1
167 170 1
167 168 1
166 172 1
166 168 1
165 168 1
164 168 1
164 170 1
163 501 2
163 166 1
163 165 1
161 165 1
161 164 1
161 162 1
160 163 1
159 325 2
159 160 1
158 160 1
158 165 1
158 162 1
157 575 4
157 576 4
157 162 1
156 159 1
156 158 1
156 157 1
154 491 2
154 155 1
153 490 2
153 494 2
152 154 1
152 153 1
151 596 4
151 489 2
151 155 1
150 152 1
150 155 1
149 151 1
149 150 1
148 487 2
148 485 2
148 149 1
147 153 1
147 150 1
147 148 1
146 471 2
146 250 1
145 146 1
142 145 1
142 250 1
142 144 1
142 143 1
141 472 2
141 144 1
141 145 1
140 144 1
139 141 1
139 140 1
138 496 2
138 139 1
137 140 1
136 470 2
136 137 1
135 140 1
135 138 1
135 136 1
134 325 1
133 496 2
133 134 1
132 133 1
131 138 2
131 470 2
131 132 1
130 291 1
130 131 1
129 134 1
129 132 1
129 249 1
129 130 1
128 250 1
128 143 1
59 64 1
59 60 1
522 613 8
522 557 4
58 73 1
58 72 1
521 604 4
521 580 4
57 72 1
57 67 1
56 59 1
56 65 1
56 57 1
519 598 4
519 602 4
55 562 4
55 58 1
55 69 1
518 520 2
518 519 2
54 58 1
54 57 1
53 55 1
53 54 1
52 522 2
52 53 1
515 554 2
51 54 1
51 56 1
51 52 1
50 174 1
49 174 1
48 50 1
48 49 1
47 573 4
47 571 4
47 49 1
46 48 1
45 466 2
45 46 1
44 48 1
44 47 1
44 45 1
42 467 2
42 43 1
41 50 1
41 46 1
512 552 2
512 513 2
40 42 1
40 41 1
39 43 1
39 40 1
510 590 4
510 583 4
38 613 8
38 574 4
38 43 1
509 535 2
509 510 2
37 39 1
37 38 1
508 582 4
36 466 2
36 37 1
507 510 2
507 508 2
35 41 1
35 39 1
35 36 1
506 511 2
34 241 1
505 508 2
504 587 4
504 583 4
503 504 2
31 34 1
31 33 1
31 32 1
502 582 4
502 503 2
30 516 2
30 565 4
30 32 1
501 502 2
13 14 1
13 261 1
484 485 2
12 13 1
483 577 4
483 484 2
11 350 1
11 16 1
11 14 1
11 12 1
482 549 2
482 488 2
482 486 2
256 410 1
256 380 1
481 486 2
481 484 2
255 524 2
255 432 1
255 256 1
9 13 1
9 244 1
9 10 1
480 481 2
480 483 2
254 277 1
254 260 1
8 12 1
8 9 1
479 482 2
479 481 2
253 287 1
253 276 1
253 275 1
253 254 1
7 8 1
478 479 2
478 480 2
252 518 2
252 400 1
252 359 1
6 350 1
6 12 1
6 7 1
477 570 4
477 569 4
477 549 2
251 252 1
5 10 1
5 8 1
476 477 2
4 5 1
475 549 2
475 479 2
475 476 2
249 291 1
249 325 1
3 7 1
3 5 1
474 568 4
474 572 8
474 476 2
248 393 1
2 257 1
2 232 1
473 475 2
473 478 2
473 474 2
247 381 1
247 248 1
1 4 1
1 3 1
1 2 1
472 496 2
14 15 1
485 490 2
485 486 2
15 458 2
15 456 2
15 16 1
486 487 2
16 349 1
487 489 2
487 488 2
17 18 1
488 555 2
18 305 1
18 19 1
489 555 2
19 565 4
19 564 4
19 20 1
490 493 2
491 579 4
491 499 2
491 494 2
21 24 1
21 23 1
21 22 1
492 498 2
492 495 2
492 493 2
22 516 2
22 461 2
22 27 1
493 577 4
493 494 2
23 28 1
23 25 1
23 27 1
494 495 2
24 457 2
24 25 1
495 499 2
495 497 2
25 344 1
496 582 4
26 32 1
26 34 1
26 28 1
26 27 1
497 500 2
497 498 2
498 578 4
28 344 1
499 500 2
29 269 1
29 31 1
29 30 1
500 611 4
500 604 4
60 522 2
60 62 1
523 607 4
523 524 2
61 94 2
61 63 1
61 62 1
62 64 1
525 554 2
63 87 1
63 64 1
64 65 1
65 67 1
65 87 1
528 610 4
528 529 2
66 87 1
66 89 1
66 77 1
66 67 1
67 68 1
530 536 2
530 548 2
68 72 1
68 76 1
68 77 1
531 538 2
531 546 2
531 532 2
69 71 1
69 73 1
532 548 2
70 75 1
70 73 1
70 71 1
533 617 8
533 534 2
71 468 2
534 540 2
72 74 1
535 594 4
535 589 4
73 74 1
536 537 2
74 75 1
74 76 1
537 605 8
75 81 1
75 79 1
538 539 2
76 78 1
76 79 1
77 88 1
77 78 1
540 550 2
78 84 1
541 599 4
541 547 2
541 550 2
79 80 1
79 84 1
80 83 1
80 85 1
80 81 1
81 82 1
82 468 2
82 83 1
83 101 1
84 85 1
84 103 1
85 101 1
85 100 1
86 91 1
86 89 1
86 87 1
88 89 1
88 92 1
89 90 1
90 92 1
90 91 1
91 96 1
91 99 1
92 313 2
92 102 2
93 127 1
93 95 1
93 94 1
94 96 1
95 99 1
95 97 1
95 96 1
97 127 1
97 98 1
98 313 2
98 99 1
100 105 1
100 107 1
100 103 1
101 105 1
102 107 1
102 106 1
102 103 1
104 109 1
104 107 1
104 105 1
106 332 1
106 108 1
107 108 1
108 116 1
108 109 1
109 118 1
110 120 1
110 114 1
110 113 1
110 111 1
111 332 1
111 313 1
112 136 2
112 114 1
112 113 1
113 313 1
114 119 1
115 117 1
115 121 1
115 120 1
115 116 1
116 332 1
116 118 1
117 122 1
117 118 1
119 125 1
119 121 1
119 120 1
120 332 1
121 126 1
121 122 1
122 123 1
123 128 1
123 126 1
124 144 1
124 143 1
124 137 1
124 125 1
125 126 1
126 143 1
127 469 4
127 574 4
258 438 1
258 365 1
258 259 1
259 394 2
259 353 1
260 537 2
260 275 1
262 436 1
262 399 1
262 263 1
263 519 2
263 400 1
264 338 1
264 274 1
264 265 1
265 356 1
265 378 1
266 348 1
266 331 1
267 425 1
267 427 1
267 389 1
267 268 1
268 441 1
268 367 1
268 334 1
270 417 1
270 361 1
270 271 1
271 418 1
271 407 1
271 347 1
272 402 2
272 376 1
272 273 1
273 425 1
273 345 1
274 356 1
274 403 1
275 286 1
276 343 1
276 283 1
276 277 1
277 536 2
277 281 1
278 307 1
278 311 1
278 279 1
279 308 1
279 312 1
279 303 1
280 532 2
280 530 2
280 282 1
280 281 1
281 283 1
282 296 1
282 283 1
283 284 1
284 343 1
284 296 1
285 405 1
285 288 1
285 286 1
286 287 1
287 343 1
287 288 1
288 342 1
288 293 1
289 290 1
290 436 1
290 399 1
291 469 2
292 342 1
292 534 2
292 294 1
292 293 1
293 405 1
294 295 1
295 540 2
295 300 1
296 297 1
297 299 1
297 298 1
298 532 2
298 538 2
298 302 1
299 302 1
299 300 1
300 301 1
301 354 2
301 539 2
301 302 1
303 419 1
303 306 1
304 305 1
305 460 2
306 550 2
306 534 2
306 312 1
307 600 4
307 308 1
308 419 1
309 523 2
309 432 1
309 310 1
310 381 1
311 541 2
311 312 1
314 320 1
314 317 1
314 316 1
314 315 1
315 354 1
315 340 1
316 354 1
316 351 1
317 351 1
317 327 1
318 389 1
318 440 1
318 416 1
318 319 1
319 452 1
319 443 1
319 435 1
320 327 1
320 340 1
320 321 1
321 323 1
321 322 1
322 340 1
322 324 1
323 330 1
323 324 1
324 551 2
325 501 2
326 348 1
326 327 1
328 375 1
328 336 1
328 333 1
328 329 1
329 330 1
329 331 1
330 375 1
331 543 2
331 333 1
333 335 1
334 425 1
334 366 1
334 345 1
335 529 2
335 337 2
335 336 1
336 364 1
337 543 2
337 360 1
338 339 1
339 603 4
339 542 2
339 360 1
340 539 2
342 343 1
344 463 2
345 376 1
345 346 1
346 366 1
346 453 1
347 445 1
348 547 2
348 544 2
349 457 2
349 350 1
351 550 2
351 547 2
352 515 2
352 525 2
352 387 1
353 365 1
353 413 1
354 540 2
355 414 1
355 403 1
355 356 1
356 395 1
357 365 1
357 438 1
357 369 1
357 358 1
358 412 1
358 370 1
359 399 1
361 515 2
361 407 1
362 431 1
362 449 1
362 408 1
362 363 1
363 409 1
363 450 1
364 551 2
364 375 1
365 412 1
366 367 1
367 442 1
368 396 1
368 390 1
369 437 1
369 377 1
369 370 1
370 447 1
371 506 2
371 372 1
373 413 2
373 388 1
373 374 1
374 420 1
374 391 1
376 453 1
377 447 1
377 429 1
378 529 2
378 395 1
379 513 2
380 411 1
380 393 1
381 608 4
381 595 4
382 433 1
382 406 1
382 383 1
383 524 2
383 410 2
383 384 1
384 406 1
384 429 1
385 422 1
385 386 1
386 440 1
386 416 1
387 417 1
388 420 1
388 398 1
389 443 1
389 424 1
390 442 2
391 436 4
391 602 4
391 392 1
392 420 1
392 439 1
393 394 1
394 586 4
394 411 1
395 414 1
396 455 1
396 454 1
396 397 1
397 417 1
398 408 1
398 431 1
398 401 1
399 400 1
401 439 1
401 420 1
402 598 8
402 404 1
403 634 16
403 606 4
404 416 1
405 533 2
406 428 1
406 434 1
407 445 1
408 409 1
409 521 2
410 438 2
410 411 1
412 413 1
413 448 2
414 528 2
415 552 2
416 424 1
417 418 1
418 426 1
419 533 2
421 517 2
421 422 1
423 444 1
424 425 1
427 443 1
427 441 1
428 446 1
428 429 1
429 437 1
431 448 1
433 526 2
433 434 1
434 446 1
435 440 1
436 447 4
437 438 1
439 521 2
440 451 1
441 442 1
442 525 2
445 514 2
447 553 2
448 449 1
449 450 1
450 586 4
450 585 4
453 578 4
456 459 2
456 457 2
457 461 2
458 459 2
459 572 4
460 563 4
460 527 2
461 462 2
462 566 4
462 516 2
464 571 4
464 466 4
464 556 2
464 465 2
467 576 4
467 575 4
468 629 8
468 561 4
469 576 4
469 470 2
471 505 2
471 472 2
10
492 62 3 1 2 3
387 74 1 2
586 44 2 1 3
11 69 3 1 2 3
410 60 3 1 2 3
469 49 1 3
227 58 1 3
96 63 3 1 2 3
502 61 2 2 3
132 73 1 2
250
1 3 807 69 0.9288413127726751 0.14741365573918339 0
13 54 0 55 1289561 79 949858 103 891203 128 839656 152 1206721 176 1407264 200 1061967 224 2126112 249 2091664 273 1794174 297 1430367 298 0
0
2 1 1284 276 0.9291649698807568 0.09238418883625171 0
12 62 0 63 1075866 87 1339419 111 1426348 135 1590558 159 1308792 184 1456947 208 2609872 232 2653980 256 1754723 280 1964199 281 0
1 1
3 3 739 346 0.9238932289938282 0.13605996622341185 0
15 3 0 4 1167921 28 1478493 52 929856 77 1993579 101 2258294 125 2015732 149 1573498 173 616586 197 341761 221 251950 246 269865 270 269798 294 298489 295 0
0
4 2 519 383 0.9260229850707614 0.0613035892444408 0
7 172 0 173 2197712 199 1837460 224 1476801 249 988884 275 1884573 276 0
1 3
5 1 886 26 0.9197011419069742 0.05352621068695234 0
10 35 0 36 845639 61 1407837 86 1671815 111 2048111 135 1264324 160 1609632 185 963194 210 928477 211 0
1 4
6 3 1309 578 0.9214051172889534 0.07802304938634529 0
7 1 0 2 1294692 27 1269139 51 1593537 76 1094778 101 525828 102 0
0
7 3 1009 641 0.9100716422800115 0.13250820986271247 0
10 20 0 21 1349311 48 1087373 74 1954189 101 1742286 127 2186035 154 2733248 180 1940662 207 1121011 208 0
2 6 8
8 3 1494 460 0.9147569970446937 0.006484079803930142 0
12 65 0 66 1647968 90 2090333 115 1860320 139 1678781 163 1564520 188 1127040 212 1330224 236 1632263 261 1227128 285 839484 286 0
0
9 2 1051 118 0.9199357429401699 0.03189173088885137 0
13 27 0 28 3647118 53 2060223 79 1713533 104 887608 130 678855 155 568414 180 702312 206 425536 231 283011 257 401551 282 562114 283 0
0
10 2 1311 179 0.9177032399065965 0.13447152711244115 0
8 87 0 88 1169839 112 1649790 136 1324836 159 1569029 183 1266966 207 907158 208 0
1 9
11 3 1417 249 0.9137945143016526 0.03516974250093522 0
12 31 0 32 1483183 56 1739274 81 1244761 105 982083 129 904136 154 1282552 178 1698063 202 1417264 227 1035129 251 610459 252 0
0
12 1 1232 436 0.9210187053713319 0.048081664779482516 0
11 77 0 78 1203242 103 1211153 129 1681377 154 1591016 179 1584515 204 1155363 229 1098809 255 1493283 280 1236966 281 0
1 11
13 1 681 220 0.9230649052024857 0.0021037991546008993 0
8 14 0 15 955278 41 1274750 67 1277374 92 1843824 118 1506522 144 1442986 145 0
0
14 2 798 320 0.9206058370798917 0.013217554116034596 0
11 49 0 50 1587610 73 1854073 97 1860256 120 2429229 143 2189954 167 2294940 190 1230450 214 1503966 237 1413555 238 0
2 13 16
15 2 812 149 0.928638219321941 0.03203312368478134 0
11 87 0 88 506073 113 683329 137 751193 161 1122090 186 1481044 211 1845119 235 2178427 259 2053162 284 1610840 285 0
3 13 16 14
16 1 1236 341 0.9120645071993442 0.06313305998611347 0
7 10 0 11 1899286 36 1685125 61 763624 87 1188246 112 1341481 113 0
0
17 2 1137 641 0.9109127799941249 0.021233107578349408 0
12 61 0 62 1291283 86 1434472 109 1335362 133 1521224 156 1654903 180 1606962 203 2065435 227 1555276 250 1561353 274 918573 275 0
0
18 1 1026 179 0.9272553965973529 0.001984660396166127 0
15 0 0 1 2627101 25 1812201 50 1509148 74 1702404 99 1599945 123 1569801 147 1444317 172 3313570 196 2124521 221 1443796 245 781198 270 549364 294 626363 295 0
0
19 3 715 46 0.9100941385920637 0.09644540159146435 0
13 31 0 32 3178872 57 2890717 81 2363388 106 2720184 131 1597980 155 1515755 180 1165854 205 1288303 230 1106538 254 1370811 279 1177022 280 0
1 18
20 3 911 555 0.9131273469440996 0.04121663429967704 0
12 54 0 55 947863 81 1359078 107 717784 134 891279 160 941047 186 2064138 212 2190060 239 2712257 265 1955531 291 3564174 292 0
2 18 19
21 3 1241 239 0.9144717780903628 0.11057221523790689 0
13 46 0 47 675753 71 468423 95 519802 119 1211302 143 2094683 167 2008873 191 1736717 215 1655064 239 2150628 263 1173922 287 1070078 288 0
1 20
22 3 1021 616 0.9183328853694575 0.09865727300001415 0
11 40 0 41 782308 66 518105 91 651351 117 741432 142 1548681 167 2246722 193 2357277 218 2436848 243 3137936 244 0
0
23 1 1399 287 0.9231775667370467 0.02081376408682805 0
14 14 0 15 1956069 41 2439879 67 1989478 93 1759750 119 1706127 145 1659758 170 1475311 196 893367 222 1092211 248 850697 274 841500 300 748168 301 0
0
24 2 537 201 0.9288664582979779 0.01307340420446656 0
9 104 0 105 940890 130 1696233 155 1453438 181 1235760 206 717028 231 984761 256 947314 257 0
1 23
25 2 1027 478 0.9104923552366422 0.10161374774812511 0
12 53 0 54 1617423 80 1819109 106 1866992 132 1875738 158 2227522 185 1544094 211 580719 237 652674 263 604811 289 391693 290 0
1 23
26 3 1370 231 0.9183882334912785 0.01842214292164405 0
9 21 0 22 2858178 45 1583719 68 954625 91 757092 113 460585 136 504502 159 765740 160 0
0
27 2 985 518 0.9278392296597264 0.03757047409817839 0
11 95 0 96 488804 121 383228 146 575128 171 762306 197 1115842 222 1368073 247 1895494 272 1400029 297 2036867 298 0
2 26 29
28 2 998 379 0.9193652050844618 0.13311163811628043 0
11 61 0 62 456120 88 440383 113 680316 139 593446 165 1298881 191 2744301 217 2996012 242 2505801 268 1813568 269 0
2 26 27
29 1 1364 402 0.9243730813117347 0.0996978762162257 0
8 90 0 91 714791 114 617084 137 864940 161 1564868 184 1728148 207 1372201 208 0
0
30 2 648 289 0.9144460023371456 0.1013893829295288 0
15 2 0 3 1436144 28 2208114 52 1890983 77 2115330 102 1435951 126 1276355 151 946441 176 589640 200 985400 225 1103411 250 1170857 274 1010283 299 602764 300 0
0
31 2 789 356 0.9270489306826349 0.06624824601556603 0
14 14 0 15 2077264 40 1401777 65 798881 89 833111 114 1219997 139 2004021 164 1680497 189 983857 214 808799 238 1061485 263 942880 288 1210576 289 0
1 30
32 2 812 351 0.9272002974248835 0.09020629893962603 0
8 8 0 9 2016646 36 1471661 63 1360109 91 722341 118 693430 145 698595 146 0
1 30
33 3 1002 396 0.9117332149905657 0.05290131960592187 0
9 73 0 74 1719600 99 2623211 123 1518979 147 1311980 172 2257961 197 2046310 221 2135010 222 0
0
34 3 1472 300 0.9151426977502619 0.13574902841502462 0
10 3 0 4 1298813 27 1297096 51 1752035 74 1641837 97 878871 120 919778 144 1124478 167 1222735 168 0
1 33
35 1 1018 47 0.9169869731252033 0.003467456337811703 0
14 1 0 2 802423 28 736515 54 942811 80 880762 106 666418 132 362764 157 781408 183 706504 209 1070191 235 1210816 261 1778670 287 2382910 288 0
1 34
36 2 760 560 0.9194680006468955 0.022952753250325246 0
7 93 0 94 1896665 121 1311724 147 1785969 174 1284363 201 2320291 202 0
0
37 1 1023 563 0.9218292803058401 0.017537764641652177 0
8 48 0 49 1399097 74 1306286 98 1988452 123 2401200 147 1573205 172 1917630 173 0
1 36
38 3 574 575 0.9114689149157625 0.07104043921410975 0
11 63 0 64 742897 89 586507 113 661658 138 920106 163 651758 188 773486 213 1452036 237 1567925 262 1316273 263 0
0
39 2 797 126 0.9113583574350081 0.07214249973546273 0
11 67 0 68 287421 92 481412 116 1357297 140 1363124 163 1242754 187 1309992 211 2189257 235 2090467 259 3125800 260 0
0
40 1 1282 329 0.9255864084090886 0.04629815852673281 0
10 11 0 12 1064395 37 1918848 62 2476449 87 1004526 112 921380 137 1115765 162 1339066 187 1327649 188 0
1 39
41 3 1008 265 0.9134716052337064 0.13313736177857532 0
8 181 0 182 816140 205 1226157 227 1504276 250 1146215 272 499045 295 814375 296 0
0
42 1 1156 280 0.9196445719554183 0.01920991732934784 0
8 120 0 121 1576275 147 1189151 173 965512 199 727153 225 975906 251 1091002 252 0
1 41
43 3 650 120 0.9155422293795438 0.1254551421270779 0
11 9 0 10 1852889 36 2337785 62 1896089 88 1577526 115 1259756 141 1248803 167 1589396 193 1474618 219 918582 220 0
0
44 3 1014 165 0.9277089380237316 0.12478574799413669 0
9 79 0 80 1321173 104 1371838 128 1821996 153 1581242 177 2078351 201 1431197 225 1563414 226 0
1 43
45 1 1256 29 0.9182276556439379 0.1449072849101334 0
9 138 0 139 1414416 165 1299896 191 1372154 217 1132845 244 928937 270 1710524 296 1447177 297 0
1 43
46 1 754 406 0.9228813522596616 0.09883104482640735 1
15 0 0 1 1142306 26 952934 51 1422083 75 2074481 100 1786313 125 2294405 150 1126905 175 685249 200 541006 225 599561 249 510720 274 304067 299 229485 300 0
1 44
47 1 1081 106 0.9187061771053399 0.03497242235178883 0
11 78 0 79 784289 103 1192301 126 2125894 150 1465246 173 433781 197 319676 221 301296 244 177700 268 168595 269 0
0
48 1 697 410 0.9242913977615814 0.015806472181188747 0
10 87 0 88 1588519 114 1408752 140 1611344 166 1228330 191 1026946 217 968273 243 659828 269 790222 270 0
1 47
49 3 701 507 0.9219761919767309 0.030278271313207483 0
15 2 0 3 594503 28 815331 52 1155775 77 1087404 101 1641528 126 2345834 151 2664315 175 1430353 200 1925802 224 1829217 249 1887542 273 1487474 298 2460018 299 0
0
50 1 1072 441 0.9137761554654452 0.0804384154589935 0
9 121 0 122 2614179 149 1531912 175 1517856 202 1368894 229 1331279 255 1716153 282 2676014 283 0
2 49 51
51 3 526 102 0.9263551221263947 0.03586599315342837 0
11 28 0 29 995323 53 1496909 77 1361869 102 1479036 126 1258872 150 1080261 175 529518 199 866817 223 1174796 224 0
0
52 2 703 98 0.9123796607370046 0.022241634663355624 0
9 117 0 118 2478437 143 2390737 168 1723865 193 1528272 218 1625006 243 1416808 268 1361521 269 0
1 51
53 1 1372 163 0.9200471109701461 0.002203311856560869 0
10 71 0 72 2191884 96 1668276 120 2121487 144 1286501 169 1402954 193 1979150 217 2005754 241 2373549 242 0
0
54 1 1134 195 0.9104624811772389 0.028768097573549437 0
14 3 0 4 1150270 29 1161488 53 1183678 78 1185801 103 1735518 127 1032647 152 1398047 176 821677 201 1246388 226 753854 250 783717 275 812139 276 0
1 53
55 1 1460 484 0.9120218287537009 0.008773163002376433 0
13 45 0 46 2254414 71 1333190 96 805382 121 946717 146 719700 171 1276108 195 1483064 220 680517 245 1117574 270 870269 295 1217093 296 0
0
56 2 842 101 0.9195808700912971 0.11747083662677532 0
14 22 0 23 2039704 47 1815285 71 1415095 95 1006177 119 1985539 143 2048225 168 1542184 192 1115619 216 1054560 240 2105600 264 1469593 288 2416945 289 0
0
57 3 826 56 0.9132978198531931 0.1487463660224739 0
7 78 0 79 1367759 104 1567654 129 1490647 155 1971124 180 1307674 181 0
0
58 2 1118 207 0.9134383751517425 0.0008446549300533734 0
13 45 0 46 2020370 70 1459769 94 1088978 118 635804 142 398697 167 507681 191 713623 215 874586 239 1372045 263 1478747 287 1367937 288 0
0
59 3 1108 102 0.9145992374348653 0.06295089789222112 0
15 8 0 9 1100682 33 1588568 57 940414 81 858298 105 952637 129 1535251 153 1323771 178 670376 202 1018476 226 1338126 250 1492360 274 1802723 298 1869553 299 0
0
60 1 976 241 0.9157143353249981 0.09103050827935362 0
7 85 0 86 1671364 113 1762038 140 1926398 167 1721212 194 1716530 195 0
1 59
61 3 986 380 0.9245713852406561 0.10789108369082266 0
12 58 0 59 855594 83 982813 107 1089871 131 1007358 155 1174131 180 1474448 204 1454663 228 1500818 252 1498582 276 1344927 277 0
2 59 60
62 2 1227 384 0.9267713851576426 0.08488656376452174 0
13 24 0 25 1792567 50 1473479 75 1216376 100 1562862 125 1105934 150 1276730 175 1334914 200 1272476 225 1195045 250 1848524 275 2050993 276 0
0
63 1 808 178 0.9289189829038504 0.08914437269787531 0
14 6 0 7 1175926 33 1288734 58 1066633 84 1051355 110 747623 135 607791 161 637770 186 1221040 212 1029920 238 894057 263 819120 289 1705545 290 0
0
64 2 1287 163 0.9135143011928134 0.10632290058904349 0
13 32 0 33 1971743 59 2838367 84 1225578 109 1016109 135 1267665 161 1113147 186 768791 211 994329 237 944609 263 1120724 288 906151 289 0
0
65 2 1080 81 0.9150320329276673 0.051422262334529276 0
10 101 0 102 832768 127 894317 152 1059611 177 951408 201 1248016 226 1784665 251 2000941 276 1214987 277 0
1 64
66 2 1091 144 0.9169414815138478 0.025731031049939238 0
7 8 0 9 1712586 37 2025286 65 2240805 92 1467645 120 1263042 121 0
0
67 3 1030 93 0.9275943293915213 0.11160893695606301 0
10 96 0 97 1909208 122 1960687 147 1822449 172 1608068 197 1822271 222 1019320 247 672171 272 638187 273 0
0
68 1 900 233 0.9116036748269322 0.012958403562203112 0
8 45 0 46 866366 70 977751 94 1398648 117 2094032 141 2728840 165 2839211 166 0
0
69 1 591 256 0.9237307152585597 0.06406598153096782 0
13 42 0 43 1190142 67 1081422 90 2269839 114 2703810 138 2562399 161 2674784 185 2558401 209 1659111 233 1336576 256 892018 280 695775 281 0
1 68
70 1 818 465 0.9249640165933982 0.0878347402714013 0
13 4 0 5 3142753 31 2444731 56 2770569 81 1932300 107 1549792 133 2427444 158 1771874 183 1323137 209 966971 235 632502 260 512487 261 0
0
71 3 565 181 0.9122563145279355 0.015346254780987022 0
13 45 0 46 1771112 70 1842554 94 1418114 119 1340309 143 2042696 167 1712706 191 1286637 215 1526855 240 2761949 264 1680760 288 1279383 289 0
0
72 3 770 133 0.9276794292473326 0.02131359602237704 0
9 78 0 79 1111175 105 1684940 131 1454419 157 3095408 184 1910437 210 1446450 236 1093102 237 0
1 71
73 3 1091 487 0.9201017074927065 0.0022017118673237188 1
14 18 0 19 1065710 44 1718121 69 1792671 94 1004908 119 1428894 144 894313 170 1215002 195 1973256 220 2044093 245 1909621 270 1109813 295 921064 296 0
0
74 3 1080 626 0.9111308199464166 0.05681325038169262 0
7 81 0 82 1854136 109 1750972 135 1207122 162 989105 189 539182 190 0
1 73
75 3 1388 151 0.9160536913741179 0.054251935571382526 0
12 26 0 27 1219639 53 1240763 78 1608685 104 1623256 129 1686328 155 1257355 180 740626 206 608709 231 750329 257 482521 258 0
1 73
76 1 742 50 0.9133114441909364 0.11762407860518315 0
11 45 0 46 1365796 71 1212490 97 1040300 123 1148283 148 1174803 173 944265 199 1032348 225 1300680 250 1235083 251 0
0
77 1 1011 499 0.9154138256625579 0.07784447440408225 0
14 28 0 29 4038225 53 3020402 78 2095517 102 2336071 126 1642814 151 979289 175 873872 200 795487 224 939892 248 860741 273 941868 297 870675 298 0
1 76
78 2 1464 341 0.9195789269490272 0.08580317867755145 0
11 94 0 95 2897398 120 1184247 145 700541 170 557485 195 455769 219 409570 244 295867 269 202000 294 230665 295 0
0
79 2 540 545 0.9186685883146692 0.10394982416025357 0
13 31 0 32 1051618 57 992141 81 743471 106 557664 130 639929 155 685011 180 1192758 204 992426 229 1714343 253 1392671 278 690729 279 0
1 78
80 3 1187 263 0.9200695192539465 0.11258719503723885 0
15 5 0 6 721821 30 679019 55 795052 79 704316 103 878214 128 1346472 152 2059627 176 1870525 201 2655877 225 2148392 249 1596263 274 2669914 298 2858661 299 0
1 78
81 2 1047 547 0.9271000928685055 0.08977567976826224 0
10 87 0 88 708005 112 659764 135 509284 159 595055 182 766226 206 1148977 229 1885396 253 1768711 254 0
1 78
82 2 656 408 0.9208811907892089 0.06871625568953423 0
10 106 0 107 2493006 132 1591991 158 1787843 183 1722135 208 1365202 233 1096298 259 1367939 284 1892096 285 0
0
83 1 951 336 0.9235791689323437 0.06086755524754647 0
13 50 0 51 2123767 75 2420117 100 2904666 124 2121584 149 1362706 173 1081922 197 613415 222 609648 246 629862 271 638327 295 584063 296 0
1 82
84 2 755 138 0.9213244428785908 0.13155317129985766 0
14 15 0 16 824984 41 1054124 66 1061615 91 1207510 116 1781905 141 1582070 165 2000204 190 1967907 215 1541867 240 2012470 265 1576996 290 2925193 291 0
0
85 1 1338 517 0.9198289798407614 0.09928235395937494 0
11 73 0 74 1065259 99 2451429 123 1897562 148 1811694 173 2062438 198 1065722 223 1190351 247 2141585 272 1334095 273 0
1 84
86 3 748 149 0.9220898793936274 0.029269895158207125 0
13 0 0 1 1835731 26 1405952 50 1093581 75 1091101 99 1057179 124 1063719 149 991749 173 838888 198 556457 222 646716 247 558483 248 0
1 85
87 2 812 144 0.9176696744737707 0.08077081380593948 0
11 0 0 1 1042104 27 1502599 53 985597 79 1547982 105 2139951 132 1825913 158 1647944 184 1491232 210 2018602 211 0
2 85 86
88 1 990 586 0.9209320650994394 0.04809739654500586 0
13 1 0 2 2185746 27 1602635 53 1519345 79 753928 104 1299269 129 1547741 155 1197910 181 938533 206 740642 231 1133248 257 2216192 258 0
0
89 2 1305 350 0.9271861603959671 0.07630806761953818 0
15 5 0 6 942728 30 937579 55 1199341 79 904940 104 779276 128 843048 153 905843 177 996483 201 1384182 226 1994694 250 1550766 275 1544307 299 3414444 300 0
0
90 3 645 250 0.9256937345814252 0.09166887500863347 0
13 11 0 12 1261653 36 1420496 61 1175121 85 1227221 110 830397 134 983657 158 931414 183 1115553 207 1660436 232 1262268 256 1463738 257 0
1 89
91 2 521 597 0.910824720261407 0.06237210795245616 0
7 40 0 41 1474698 66 1761197 91 1376196 115 2030133 140 1630460 141 0
2 89 90
92 2 1295 621 0.910640698838837 0.1143693564291647 0
7 132 0 133 1444687 159 1404057 185 1809159 211 1073440 237 828873 238 0
0
93 3 942 540 0.9143769321351188 0.0773475443265075 0
10 57 0 58 436543 84 587542 110 546085 136 664788 161 841528 187 1714438 213 1564992 239 1532719 240 0
1 92
94 1 1239 229 0.9237724638188122 0.146643512748836 0
8 24 0 25 719127 49 1373212 73 1275538 96 872181 120 925790 144 1460513 145 0
1 92
95 2 1425 527 0.9145601532115901 0.13076626946246675 0
9 55 0 56 835745 80 1039176 104 1011924 129 1531769 153 1721785 177 2169430 201 2382874 202 0
1 92
96 2 1316 74 0.9130681400003279 0.10873058884108654 0
10 1 0 2 2164978 28 1715784 54 2418445 80 1730389 106 1010439 132 1300379 158 1519749 184 1460995 185 0
0
97 1 1334 169 0.9241292505197081 0.08604256248937138 0
7 89 0 90 1633663 115 2012748 139 1447073 164 796326 189 472431 190 0
1 96
98 2 1307 381 0.9121372762229788 0.020848599630258584 0
8 9 0 10 719975 35 971324 60 1269714 85 856388 110 1517196 135 2150030 136 0
0
99 3 1013 565 0.9158460171314496 0.04836429361308061 0
13 41 0 42 3142789 67 1972201 93 981672 119 1236111 144 1679184 169 2587564 195 1647025 221 1285527 246 1351749 271 1479212 297 1547586 298 0
1 98
100 2 1185 288 0.9153846887236455 0.12374074925534191 0
12 35 0 36 1602857 60 901216 85 687922 109 508899 133 833911 158 762619 182 1371924 206 1992945 231 1998755 255 3546081 256 0
0
101 3 1405 116 0.9243782389919778 0.08131308548307327 0
13 24 0 25 2439661 49 1174164 74 1437636 99 973951 123 777834 147 822994 172 633897 197 632737 221 534996 245 508037 270 169698 271 0
1 100
102 3 990 576 0.9169777769900646 0.0689237035878031 0
10 29 0 30 3079457 56 2011376 82 1357643 108 1254881 135 1235790 161 1525724 187 1224388 213 1981144 214 0
2 100 101
103 2 1043 600 0.9166584363606847 0.09290087578131281 0
15 5 0 6 658233 30 1112950 55 953994 79 1008475 103 995506 128 1473390 152 1824605 176 1326912 201 929020 225 1215519 249 1336970 274 1064974 298 1293056 299 0
0
104 2 1088 51 0.9289033712976734 0.03169070074086504 0
7 34 0 35 2585245 63 2181955 91 1658507 118 1848495 146 1008953 147 0
2 103 105
105 2 1255 301 0.9273281435747166 0.01186421973996396 0
7 60 0 61 1838977 87 1140053 113 1072116 138 1285795 164 1036487 165 0
0
106 3 553 452 0.9143793202448321 0.06366091458060265 0
14 23 0 24 2244672 49 1559730 73 1370832 98 2037557 123 1875624 148 2260125 172 1850473 197 1359042 222 1341470 247 1028145 271 825003 296 829551 297 0
0
107 2 821 115 0.9268427137333967 0.10411976506626713 1
9 47 0 48 1046945 73 675475 99 1378216 125 1689141 150 1389550 175 1750797 201 2305683 202 0
1 106
108 1 1146 481 0.9265472083558189 0.021740601219537158 0
9 48 0 49 1406311 74 1026944 99 1171374 125 1382994 150 1427921 175 1898744 200 1440069 201 0
2 106 107
109 2 1163 330 0.9135135369733193 0.13577546910321714 0
9 130 0 131 1351281 157 864212 183 985861 209 868134 234 1682539 260 2258858 286 1891209 287 0
0
110 3 1497 118 0.9151192991004766 0.09131681203295622 0
8 122 0 123 845004 149 1377579 175 950203 202 1064706 228 1786693 254 2096368 255 0
2 109 111
111 1 1019 360 0.9166442719158583 0.057188004745583554 0
10 39 0 40 967578 64 735006 89 929347 113 1221649 137 1460823 161 1037782 186 1394182 210 1697936 211 0
0
112 2 723 254 0.9158927955431371 0.08160684956652023 0
13 6 0 7 2325307 33 1332622 58 1748290 83 1308181 109 1117454 135 811445 160 641879 185 282599 211 179510 237 269563 262 174321 263 0
1 110
113 3 989 14 0.9279918191783066 0.04141991157236079 0
8 88 0 89 1395172 112 1441771 135 1904319 158 2344628 181 2077071 204 1129302 205 0
0
114 1 940 250 0.920133701588764 0.04341135306936162 0
10 114 0 115 2626707 139 1523906 162 1218543 186 801393 209 506037 233 261905 256 266477 280 213628 281 0
1 113
115 2 1426 472 0.9268394306879049 0.029836453563073965 0
8 91 0 92 709865 115 1278344 138 1352737 162 1900960 185 1189210 208 2390815 209 0
0
116 1 1137 531 0.9260398171829939 0.019105245762834958 0
11 31 0 32 812335 56 911462 79 914150 103 816418 127 1106454 151 1863013 175 1907436 198 3113903 222 3638042 223 0
1 115
117 2 1174 189 0.9230072782229959 0.12502391146179453 0
9 59 0 60 3262218 84 1187117 108 1002887 133 1137664 157 663293 181 1230986 205 1988434 206 0
2 115 116
118 1 1119 282 0.91608795524524 0.14675867175663107 0
9 107 0 108 653922 131 1266211 154 1542910 177 1996780 201 1171823 224 1715201 247 1592375 248 0
2 116 117
119 3 1175 624 0.9221982117956645 0.0259402660680077 0
11 94 0 95 461049 121 730813 146 554276 171 922864 197 1326346 223 2503038 248 3140195 273 2784478 299 2884197 300 0
0
120 1 1088 403 0.9119735182993053 0.0545603836662151 1
14 4 0 5 3477930 30 2570405 54 2722030 79 2373683 103 1719156 128 982852 152 1411115 177 1104847 201 1420442 226 824658 250 1026944 275 989754 276 0
1 119
121 3 1266 220 0.9196016533789331 0.08047116351681294 0
13 36 0 37 2346600 63 2548973 89 2939578 115 1924423 141 1828580 167 1406321 194 1380848 220 1237551 246 731694 272 922164 298 691433 299 0
0
122 3 780 385 0.9173653985265523 0.09768176282867463 0
11 34 0 35 1272212 59 1208823 83 910644 107 1525985 131 1222858 154 1145504 178 825558 202 1259864 226 1234842 227 0
0
123 1 787 376 0.9158061883014121 0.07448363605054864 0
12 36 0 37 3861970 63 2026245 89 2961672 114 1945109 140 1604120 166 853878 192 464113 217 493097 243 489733 269 647292 270 0
1 122
124 3 1054 461 0.9206275188127577 0.01346299864429602 0
9 117 0 118 2660235 144 2343112 171 2217438 197 1982160 223 797141 250 600584 276 707632 277 0
2 122 123
125 1 1112 295 0.9253141116301088 0.036194623874607396 0
14 1 0 2 1743380 26 1157961 51 1176176 75 1585034 100 1586422 124 1114609 149 1094520 173 925271 198 895898 222 1337708 247 1918248 271 1719554 272 0
2 122 124
126 3 1238 143 0.9282729157335274 0.017858619275756143 0
12 25 0 26 1939615 50 1377015 74 1373725 99 1802173 123 2309196 147 903492 171 1086895 196 713283 220 881861 244 1153881 245 0
0
127 1 672 105 0.9160323040204055 0.1464384534951368 0
12 0 0 1 1504285 27 1548252 53 1958831 80 1149882 106 2045748 132 1110864 158 2029608 185 2298073 211 1435947 237 2932783 238 0
2 126 128
128 1 1102 112 0.9226819744270072 0.028197071276921552 0
10 75 0 76 2206271 102 2199878 129 1512129 155 2102545 181 1372181 207 1740595 234 1831740 260 1320269 261 0
0
129 2 1484 556 0.9199690223488985 0.020451820532714094 0
13 19 0 20 1879087 46 1496322 72 2656764 97 1784699 123 2495952 149 3375072 175 2251943 201 1321586 226 829566 252 1089126 278 802306 279 0
0
130 2 874 434 0.910322343169281 0.13803789604677727 0
14 9 0 10 1205898 35 653231 60 753836 85 564834 110 514253 135 624043 160 532558 185 927777 210 1950320 235 1170479 260 1384309 285 787576 286 0
0
131 2 786 43 0.9217401631194913 0.12149341693055571 0
10 31 0 32 1760249 56 1978489 80 1306809 104 1086674 129 1414102 153 857549 177 772830 201 1545148 202 0
0
132 2 939 360 0.9185053513004644 0.13506031267640303 0
11 43 0 44 3891664 70 1681288 96 1152023 122 1323051 148 930267 174 795651 200 512943 226 1014182 252 1170351 253 0
1 131
133 1 1103 79 0.916096530902489 0.05728143418055062 0
9 87 0 88 1269658 113 957792 138 1347472 163 687895 189 985601 214 1730814 239 1135320 240 0
0
134 1 1293 15 0.9148923436420541 0.013940181528057566 0
12 15 0 16 1128314 42 1335844 67 1065820 93 1773881 119 1333632 144 1685337 170 1851955 196 2137196 221 2602976 247 2527963 248 0
1 133
135 2 1372 368 0.9213537799598792 0.10230745890668227 0
11 73 0 74 2106691 100 2828623 126 2059845 152 1566649 177 848163 203 594386 229 869230 255 1126449 281 1155411 282 0
1 134
136 1 1064 236 0.9165950349958012 0.06797899279221799 0
9 118 0 119 992871 143 1102360 167 1033856 191 1213586 215 1780804 239 1853016 263 1998639 264 0
0
137 3 1021 13 0.9201828428331256 0.009448271431098592 0
14 0 0 1 1799891 26 1582390 52 1673219 77 2428720 103 2322971 128 1158745 154 872601 179 2223298 205 1872645 230 1291237 256 1974403 281 2153117 282 0
1 136
138 2 830 329 0.9224578587157132 0.14900594104677323 0
8 127 0 128 1506946 152 2202254 176 1585762 201 1292569 225 917838 249 1099755 250 0
0
139 1 556 241 0.9291112690385864 0.09200196699195021 0
9 74 0 75 2015122 98 2677728 121 1601041 143 1675939 166 914623 189 528702 212 347297 213 0
0
140 2 1496 207 0.9163653248064699 0.14027643908466203 0
7 129 0 130 555467 157 668102 185 805148 213 1369282 240 1833943 241 0
0
141 2 1494 344 0.9271319527739205 0.009966413488332581 0
13 23 0 24 829788 49 1067848 73 839851 98 912878 122 1597893 147 1219463 172 1200612 196 1049827 221 1351780 245 1270221 270 1315912 271 0
1 140
142 2 570 102 0.929145392493114 0.03855282525139895 0
12 1 0 2 2066981 26 3132281 51 2877921 75 3033338 100 2261170 124 1161069 149 553221 173 496455 198 514778 222 532796 223 0
0
143 3 712 324 0.9219419024318777 0.0021140468635908348 0
13 19 0 20 890110 44 844365 68 1176331 91 1539602 115 1631867 139 1199070 163 1955774 187 1349020 210 1845126 234 1383469 258 1196637 259 0
1 142
144 2 636 158 0.9271665811452158 0.12209563846313423 0
7 37 0 38 952597 64 1584162 89 1675292 115 1222271 141 1625429 142 0
0
145 2 1206 192 0.9197043892935448 0.10045987352731282 0
10 4 0 5 1047619 31 1027400 58 874567 84 1356742 111 2314653 137 1704034 164 1177484 190 857333 191 0
1 144
146 2 1193 12 0.9116705180416177 0.03576395457098586 0
13 43 0 44 462610 69 328470 95 584530 121 1057777 146 1171270 171 1244663 197 2220430 223 2544503 248 2564241 273 2201091 299 2764882 300 0
1 145
147 2 780 505 0.9228140171725321 0.11675502185065906 0
12 36 0 37 2855391 61 1877941 85 2793213 109 1398016 133 1304426 158 1288412 182 1296200 206 1429407 230 1513914 254 2351107 255 0
0
148 2 674 151 0.9221221136533906 0.14791165436115117 0
14 12 0 13 1823887 38 2453827 64 2126217 89 2096052 114 1862481 139 1877490 165 1582992 190 2711361 215 1741266 240 2066175 266 1126047 291 1010516 292 0
2 147 149
149 2 841 569 0.9280231444841942 0.10205044971401593 1
14 2 0 3 1301762 28 1862677 53 1498337 79 1422281 104 1462622 129 1616430 154 1772505 179 2169534 204 2391339 230 1853222 255 1564200 280 1574276 281 0
0
150 2 715 261 0.9105776386227981 0.12600082496515144 0
12 8 0 9 785106 34 717323 59 829292 84 1774733 109 1693968 135 1689914 160 1068012 185 1376496 210 2201948 235 3381280 236 0
0
151 2 1169 469 0.9270430479803659 0.06864135253335288 0
14 8 0 9 1162332 33 882845 58 1233126 82 783886 106 1446762 131 1455290 155 1914165 180 1073626 204 1390489 228 1791267 253 3235584 277 3330066 278 0
1 150
152 1 1279 64 0.9296371054498761 0.06511420142069187 0
8 156 0 157 2835316 181 1208486 204 971893 228 1041104 251 1252956 275 945740 276 0
2 150 151
153 3 1047 265 0.9266496702797715 0.12834162653728787 0
10 106 0 107 1419243 131 981931 156 1500746 180 2368249 204 2417761 228 2246185 253 1686939 277 1793895 278 0
0
154 2 1111 289 0.928918413941902 0.05946579216293897 0
9 19 0 20 1573167 45 1694695 70 1550090 95 1119260 121 1249314 146 1783350 171 2035191 172 0
0
155 2 625 474 0.9238051606328606 0.007494230133977542 0
14 22 0 23 2510703 48 2118865 72 2015727 97 1727039 122 1509669 147 1492294 171 1879968 196 1141249 221 1769318 246 1513844 270 1196570 295 1093962 296 0
1 154
156 3 653 598 0.9230892144545962 0.05591691909447377 0
10 102 0 103 1150253 129 1602305 155 1939969 181 1890819 208 1490411 234 1352437 260 1259141 286 1120726 287 0
0
157 1 946 411 0.9203470994481888 0.14985328330959535 0
12 8 0 9 1392265 34 1547621 59 1228184 85 1035663 110 991529 135 1273101 160 726240 186 1214200 211 795201 236 1018277 237 0
1 156
158 1 1284 69 0.9250437598196426 0.01898838846948985 0
8 140 0 141 2445963 168 3221792 194 1761367 221 1463239 247 993663 274 819022 275 0
2 156 157
159 2 945 609 0.9167602878000143 0.05125839651820995 0
8 4 0 5 916781 29 1808258 53 1481669 77 1258030 101 1071939 125 1076512 126 0
0
160 2 1335 91 0.914994689430243 0.062108509684402985 0
11 36 0 37 812010 60 1663893 84 1448557 107 1567600 131 2891318 154 1849015 177 1704779 201 1642550 224 2204753 225 0
0
161 3 527 504 0.9111334988115308 0.033105985868169166 0
11 31 0 32 1445831 58 1464299 84 2171322 110 1709852 137 1040275 163 1279259 189 1115125 215 1555755 241 1062106 242 0
1 160
162 1 741 86 0.9187078114944155 0.06040004978398139 0
12 69 0 70 309619 96 532471 121 857638 147 1152393 172 1002753 198 1666905 223 1968211 249 2159170 274 2350227 300 2830964 301 0
1 161
163 1 1455 31 0.9294432694481303 0.03623261236666005 0
14 16 0 17 4169725 42 3180221 66 2303940 91 1342764 116 1161456 141 1156683 165 651690 190 531780 215 250284 240 460215 264 329399 289 138720 290 0
0
164 3 1218 534 0.9213605608708753 0.14252644346994225 0
7 32 0 33 1812500 61 922416 88 921145 115 531218 143 752152 144 0
1 163
165 3 705 476 0.9231138393163849 0.1275831818233535 0
11 63 0 64 1838121 90 1764519 117 1722613 143 1190748 169 564401 196 580214 222 737106 249 449860 275 319419 276 0
0
166 2 1408 379 0.9112353672111451 0.14374942573953162 0
11 84 0 85 2073192 111 2129308 137 2312627 163 1510240 189 976674 215 1364072 241 851950 267 695792 293 945903 294 0
1 165
167 3 845 147 0.9129405440304518 0.0978488026854799 0
9 80 0 81 1827755 104 1846164 127 1176923 149 1265460 172 1139308 195 1688294 218 1217966 219 0
0
168 3 1262 95 0.9126340425657202 0.08501050062867012 0
7 158 0 159 1510489 185 1308995 211 797033 237 560338 263 474851 264 0
1 167
169 2 611 261 0.916780998159603 0.13494807042872803 0
13 18 0 19 1131521 44 1297775 69 1698329 94 1289767 119 1069986 143 1083045 168 1513868 193 1533577 218 1395917 243 941553 268 918448 269 0
1 168
170 1 1398 9 0.9284902609308827 0.12906269582299865 0
10 40 0 41 1432803 67 1953852 92 1544618 118 2046149 144 1560311 170 1359668 195 1309598 221 1725526 222 0
0
171 1 1451 235 0.9292237657083876 0.10026140057418954 0
15 2 0 3 1676608 28 1417307 52 1495722 77 1329194 101 1271167 126 1816777 151 1415610 175 1199565 200 1109913 224 1416226 249 1867535 273 1615096 298 1214841 299 0
1 170
172 1 572 309 0.9156039092387853 0.07691168080630935 0
8 164 0 165 1281559 188 824317 212 1028853 235 1128671 259 1609829 282 1420952 283 0
0
173 1 578 376 0.9294719981013663 0.06477635986194354 0
15 4 0 5 1169771 29 1814592 54 2842167 78 2242752 102 2218530 127 2890121 151 1900083 175 721674 200 646750 224 803221 248 928495 273 392894 297 347180 298 0
0
174 2 665 595 0.9154213835819042 0.10008357877942176 0
8 92 0 93 1212629 116 1101915 139 798470 161 706135 184 905822 207 1255791 208 0
1 173
175 3 536 478 0.9255007579765084 0.13567045231224603 0
15 1 0 2 1694882 27 1306269 51 1547463 76 2208829 101 2206209 126 2239957 151 1654511 175 1062149 200 795646 225 646542 249 1134580 274 1182722 299 1477200 300 0
0
176 2 613 77 0.9217804111580754 0.07533852709271877 0
9 82 0 83 1090272 107 909135 130 2007905 153 1513804 177 1454873 201 1194295 224 964207 225 0
1 175
177 2 653 449 0.9265740041704317 0.08889270386244294 0
11 61 0 62 555264 88 728773 113 949441 139 963694 165 1488784 191 978862 217 1214493 242 1672202 268 1433646 269 0
0
178 2 832 152 0.9133028020224256 0.013520624054308521 0
13 25 0 26 2488129 50 2365307 74 1066085 98 814710 122 1168923 146 1628142 170 1596398 194 2396326 218 2214699 242 1800231 266 1759669 267 0
1 177
179 3 1474 322 0.9125596737222089 0.09540235439534646 0
7 191 0 192 1284778 217 1647175 243 1571785 269 1106638 294 1106675 295 0
1 178
180 3 1070 398 0.9255879505270118 0.07895709761470343 0
8 112 0 113 509131 140 739357 167 728191 193 1350848 220 1935226 247 2417161 248 0
0
181 1 1491 35 0.9268540716629871 0.07799869918080246 0
12 45 0 46 1505759 70 1270269 94 968833 117 1791160 141 1330606 165 1117609 189 763856 212 923903 236 1651587 260 870664 261 0
1 180
182 3 1084 263 0.9105912263269189 0.11915284973150626 0
9 35 0 36 1807244 60 2130555 84 2487036 107 1777196 131 1338933 155 1301546 179 2259489 180 0
0
183 1 513 108 0.913352723915471 0.14272525154167423 0
12 69 0 70 2751032 96 1577755 121 1770515 147 940336 172 735328 198 482573 223 304862 249 204665 274 194675 300 156758 301 0
0
184 1 568 274 0.915529095258434 0.11501883029785807 0
7 111 0 112 1082210 139 1588571 166 1815504 193 2551383 220 1572349 221 0
0
185 3 1255 253 0.9208761488406019 0.045578991147627035 0
14 1 0 2 1518238 27 1647002 52 1325801 77 1224977 102 1298683 127 1816267 152 1538984 177 3399515 202 1623641 227 2332196 252 2181776 277 1539132 278 0
1 184
186 2 510 139 0.9253521478376826 0.02929829293704586 0
11 96 0 97 957905 122 1441891 147 1925824 172 1701762 197 1087439 223 1738026 248 1121941 273 1591754 298 1331320 299 0
1 185
187 3 1017 527 0.9236387078766982 0.06547323283692937 0
9 137 0 138 2337306 164 1753980 190 1017797 216 1561564 242 1054746 268 529160 294 609802 295 0
0
188 1 725 348 0.9232895612630543 0.0013501914273816474 0
14 31 0 32 2415364 56 1647712 80 1108923 104 1492938 128 1358113 152 1883095 175 780456 199 480884 223 623275 247 592573 271 953123 295 845097 296 0
1 187
189 3 545 399 0.9159603745490064 0.05921575780222531 0
11 19 0 20 925628 44 637450 69 517984 93 719385 117 1451482 141 1246895 165 884163 190 1357866 214 1778464 215 0
2 187 188
190 3 588 129 0.9223348044708869 0.12742639090530528 0
13 24 0 25 1154552 50 1235088 74 833510 99 1090180 124 1118243 149 1469306 173 939654 198 1144295 223 852638 247 1188227 272 1662092 273 0
0
191 2 1494 483 0.929535018305651 0.04208690891038839 0
10 99 0 100 1148479 124 1300042 148 1275597 172 1336811 196 2514327 220 1503033 244 1429246 268 1666980 269 0
1 190
192 2 943 284 0.9267237630986694 0.008418641266653802 0
10 30 0 31 2263854 55 2528109 78 1761838 102 2458239 125 1450698 149 891477 172 862816 196 899156 197 0
1 191
193 2 775 377 0.9161526100652863 0.11479161421792167 0
8 25 0 26 1360280 52 1398577 78 1899028 103 2061561 129 2189197 155 2428597 156 0
0
194 3 827 256 0.9181511126998477 0.14795529033055932 0
13 23 0 24 887017 49 1424793 75 1430667 100 1063782 126 1223246 151 1741410 176 1931354 202 2450892 227 3078701 253 2459194 278 2042175 279 0
0
195 3 719 144 0.9164806447363161 0.08176077769200871 0
8 4 0 5 1684733 30 2224779 54 1732196 79 1349670 103 637117 128 432448 129 0
1 194
196 1 1256 618 0.9263481414899715 0.10151631125692852 0
10 78 0 79 1637966 105 1580590 130 1794111 156 1704347 181 1720886 207 1456680 232 860711 258 1245190 259 0
0
197 3 1099 410 0.9239914110923003 3.5597736955012e-05 0
13 38 0 39 2164870 64 1354067 88 1632166 113 1603661 138 1735206 163 2221562 187 2048345 212 1545120 237 1343262 261 1069897 286 1885797 287 0
1 196
198 1 1333 586 0.9109358959040139 0.005802657147780566 0
14 12 0 13 1399387 39 1235824 64 1751186 90 1459788 116 1216350 141 2088920 167 1041560 192 1406007 218 809160 244 772458 269 397184 295 337894 296 0
0
199 2 904 610 0.9240005203884564 0.005796203569894326 0
13 21 0 22 1327551 47 1767754 72 1671674 97 1300169 122 1802237 147 1771356 172 1797626 197 1153582 222 1503938 247 1229454 272 1039757 273 0
2 198 200
200 2 865 554 0.9267760813843835 0.0875718854908963 0
9 40 0 41 1688763 65 1493903 89 1280386 113 2159424 137 2002008 161 1279564 185 959946 186 0
0
201 2 889 453 0.9243507284706378 0.00825594077177722 0
8 173 0 174 2165773 197 2137543 219 1413974 242 1812238 264 1121527 287 1073106 288 0
0
202 2 722 77 0.9153457449835481 0.052053698307287545 0
9 72 0 73 1655288 96 2471952 119 1266415 142 1621958 165 1331170 188 1108290 211 884405 212 0
0
203 1 703 119 0.9236338257298412 0.042738057035795494 0
9 17 0 18 2946696 41 2161548 65 1668429 88 1010223 111 1539848 135 1484247 158 1814981 159 0
1 202
204 1 1277 588 0.9247076013120877 0.14266233938938908 0
11 32 0 33 1832245 58 1565722 82 1189721 107 972415 131 990154 156 1143962 181 1644127 205 2113549 230 1327809 231 0
1 203
205 2 1206 212 0.9167398514597548 0.004176352845228548 0
12 6 0 7 564922 31 983540 55 1588935 79 1366972 103 1286575 126 1016623 150 1048000 174 1438999 198 2185461 222 2006189 223 0
0
206 2 698 120 0.9147912085786831 0.0892524400636086 0
11 73 0 74 907938 97 970199 121 1036439 144 819856 167 1202656 191 1878807 214 1621216 238 1868958 261 2096199 262 0
1 205
207 3 1390 533 0.9178220001206772 0.06976838174438137 0
10 79 0 80 912697 103 1020377 127 1418382 150 1200177 173 837464 196 738817 220 1015822 243 778984 244 0
0
208 3 989 317 0.9170291873780368 0.024654511057519677 0
12 80 0 81 2903156 105 2010454 129 1721022 154 1552398 178 2207035 202 1337066 226 922855 251 659260 275 722243 299 560964 300 0
1 207
209 3 1227 508 0.9289768473500463 0.09630343430336133 0
14 12 0 13 1680340 39 1623943 64 1815394 90 2823355 116 1896018 141 1845149 167 1237102 192 1177618 218 687478 244 781636 269 911741 295 1060324 296 0
0
210 1 772 436 0.9142980454886507 0.06571444186882944 0
14 16 0 17 809612 41 1095019 66 2324967 90 1681254 114 1234435 138 1590365 163 1082169 187 853539 211 1229409 235 1008089 260 1237916 284 1219393 285 0
0
211 2 631 579 0.9260569738000667 0.052562077649312616 0
12 31 0 32 841761 57 918414 82 2062263 107 2039938 132 1191395 158 1449104 183 1247762 208 2569501 233 1776472 258 2189694 259 0
1 210
212 3 1295 286 0.9157477428648856 0.05769510409391956 0
11 84 0 85 2519155 110 2902271 135 2266499 160 2149006 185 1128459 211 902745 236 801384 261 575703 286 543961 287 0
0
213 2 1356 117 0.9107766272695238 0.09200339983607093 0
8 96 0 97 911653 123 1059167 149 904543 175 1241782 201 1480620 227 2405243 228 0
1 212
214 3 597 86 0.9265625207459401 0.08383764759463877 0
13 34 0 35 1397843 60 1373258 84 1365019 109 685455 134 881051 159 656046 183 643666 208 1296106 233 966396 257 2132123 282 2978883 283 0
0
215 1 659 614 0.9204026829226204 0.03747242006513409 0
12 24 0 25 871510 49 1000759 72 2319334 96 1945043 120 1781372 143 1000467 167 901989 191 1042492 214 1551201 238 1502783 239 0
1 214
216 3 750 53 0.9283551850056472 0.07134381726732729 0
8 132 0 133 1738147 156 1144226 179 1472149 203 2067093 226 2177033 249 2168475 250 0
1 214
217 2 740 460 0.9299036799673628 0.021945817127968104 0
10 122 0 123 1117255 147 968665 172 1938007 196 2078722 221 1471977 245 1400716 270 1168548 294 2480007 295 0
1 215
218 3 1370 489 0.9205810058183181 0.054495193515398895 0
13 42 0 43 1401558 68 2545778 93 2400219 118 1415163 143 1470773 167 698462 192 448391 217 338544 242 237022 267 216001 292 118293 293 0
0
219 3 1407 325 0.9110517429592134 0.08075209732629177 1
11 49 0 50 1613740 75 1727209 101 2418221 127 1722781 152 1985259 177 1227141 203 715067 229 530135 254 385548 255 0
1 218
220 1 1048 368 0.9243837138303674 0.13271386024207774 0
13 4 0 5 932875 29 911492 54 846237 78 1056016 102 1356948 127 1247162 151 682313 175 742859 199 817045 224 1102529 248 1340548 249 0
1 219
221 1 1072 554 0.9168643563107224 0.12241244875209789 0
9 104 0 105 886120 129 1540024 153 1334848 177 1871336 202 1368600 226 1894833 250 1485180 251 0
1 220
222 1 1119 288 0.9239699278864534 0.06779499303115415 0
7 25 0 26 620391 51 664506 75 833564 100 1194991 125 1737759 126 0
0
223 2 715 371 0.92881561731278 0.09810284782370539 0
14 21 0 22 1565803 46 1324835 71 1146945 95 1000491 119 1384703 144 1124816 168 770800 193 854932 217 714955 241 885437 266 539788 290 576166 291 0
1 222
224 3 770 341 0.9296885864701377 0.14350060087915306 0
14 12 0 13 947277 37 677755 61 725937 85 1138806 109 1592782 133 1555525 156 1631936 180 2032265 204 3122237 228 1926052 252 2598076 276 2524746 277 0
1 222
225 1 734 627 0.9157683143037706 0.008267386320776587 0
12 72 0 73 1034205 97 872030 121 984995 145 1110604 169 944472 192 1210477 216 1580352 240 1261198 264 1229405 288 1353780 289 0
0
226 1 1229 325 0.9194836134158891 0.05427002627978115 0
15 1 0 2 1084578 26 975621 51 1052099 75 1688445 100 1500215 124 2960910 149 3000609 173 2701080 197 1903155 222 1227437 246 1159635 271 850427 295 937799 296 0
1 225
227 3 1211 262 0.9166450719317363 0.05123535253878898 0
12 45 0 46 1044400 70 1771718 94 1850085 118 2516748 142 1505039 166 1060303 190 1007524 214 992649 238 1687839 262 1561916 263 0
0
228 1 1176 63 0.9149853392968494 0.10523597550087374 0
14 20 0 21 1152623 45 817660 69 617645 93 571554 117 952045 141 1454549 166 1548910 190 1509230 214 1526502 238 1870476 262 2183319 286 1107247 287 0
1 227
229 2 1239 128 0.92526164026205 0.11791458073933006 0
11 64 0 65 2598275 91 1464545 116 1608686 142 2125647 167 1201033 193 1904613 219 2257497 244 1683132 270 2469415 271 0
1 228
230 3 955 542 0.9210143256045745 0.050521599492423505 0
10 87 0 88 2959868 112 1769450 135 1241553 159 1355655 183 1370611 207 1228309 230 939185 254 1722948 255 0
0
231 2 1016 267 0.9171596631764541 0.06162856185376449 0
14 6 0 7 886650 32 1037227 58 570206 83 427837 108 522568 133 667614 159 1056277 184 1203650 209 1867574 234 1257835 260 1484033 285 1130377 286 0
0
232 2 978 91 0.9182453105558714 0.02216761210711553 0
12 59 0 60 2391698 86 3275163 112 1949768 137 2068956 163 1138021 189 867323 215 836878 240 870559 266 522371 292 472417 293 0
1 231
233 1 1431 12 0.9226673477970699 0.09349138381809126 0
13 30 0 31 2877682 56 2618781 81 1684538 107 657944 132 279832 157 215899 182 106627 207 156717 233 127000 258 137024 283 122986 284 0
2 231 232
234 3 936 513 0.9118957716903542 0.07977004176584149 0
12 43 0 44 1445787 69 1355281 95 1335982 120 1410074 146 1768644 171 932461 197 1243025 222 1498076 248 1010148 273 1577247 274 0
1 232
235 3 942 635 0.9236122852404786 0.10364022966224226 0
14 5 0 6 786605 32 1601820 58 1290155 84 1428176 110 1342092 136 1870102 162 1729407 188 1868887 214 1952939 240 1925311 266 3436166 292 1714585 293 0
0
236 3 1083 275 0.915203769118254 0.1131994034010988 0
11 8 0 9 1261024 33 1083947 57 788327 81 783469 105 759490 130 1635403 154 3154278 178 2559706 202 3004769 203 0
0
237 1 1180 278 0.917800025566901 0.0009684509544622688 0
11 25 0 26 2161760 50 914597 75 1089575 99 837499 123 598559 147 644108 171 495391 196 676747 220 1077086 221 0
1 236
238 3 681 45 0.9163037827215506 0.00578383406809847 0
8 41 0 42 1046716 68 1708577 94 3098218 121 1686643 147 1120994 173 1363317 174 0
2 236 239
239 1 973 307 0.9214503902064061 0.03896466291238954 0
15 0 0 1 430892 26 590050 51 613899 76 543860 101 1231116 126 1581831 151 1733038 175 1280953 200 1230151 225 1162471 250 1168211 275 604102 300 559489 301 0
1 237
240 3 907 586 0.9178548829553415 0.09372594003816218 0
11 7 0 8 2229645 32 1320032 56 1457747 80 1064192 103 1317102 127 1641400 151 1478512 175 959281 199 1252663 200 0
0
241 1 1337 420 0.9156016954965353 0.14736447280654383 0
13 0 0 1 1758134 27 1848566 53 982487 79 1231819 105 1498471 131 1505595 157 2094556 183 1568982 209 2218496 235 2419696 261 2830110 262 0
0
242 3 881 572 0.9296628116405901 0.015118779079102133 0
10 23 0 24 1470777 48 1431404 71 1451129 95 916414 119 954792 143 1279773 166 816045 190 448509 191 0
0
243 2 1305 85 0.92113898514716 0.010674057382846557 0
8 119 0 120 900479 145 1189783 170 1359709 195 1249382 220 1433876 245 2123846 246 0
0
244 3 1069 436 0.9242140715359981 0.04591708051201221 0
11 27 0 28 1713371 53 1145958 77 1195510 102 1206022 127 1017399 152 539348 177 506790 201 474040 226 329279 227 0
1 243
245 2 1135 38 0.9186074130609144 0.12575967475055183 0
15 1 0 2 684254 27 1335986 51 732358 76 607735 101 666863 126 736174 151 1234351 175 1428505 200 1755625 225 1842827 249 1315775 274 1313611 299 1578982 300 0
0
246 3 1023 289 0.9270662409558569 0.13459283318722273 0
9 90 0 91 1956238 117 2168616 143 2662863 169 1680897 196 1859510 222 1625788 248 1440592 249 0
1 245
247 2 1095 301 0.9253837133066486 0.010782545559473089 0
9 126 0 127 1572270 152 2081475 176 2003573 201 2236242 226 1488976 250 1615072 275 1069297 276 0
2 245 246
248 1 713 99 0.9220557692436849 0.033190708542218304 0
15 7 0 8 1151555 32 1489328 57 2040461 81 1705147 105 1250131 130 1382444 154 2000057 178 1523660 203 875018 227 726916 251 916515 276 601654 300 624754 301 0
2 245 247
249 2 530 75 0.9200266349473416 0.0967408644590431 0
11 69 0 70 2639868 96 2622735 123 1571418 149 1005107 175 907736 202 1070463 228 1686264 255 1446087 281 1995968 282 0
0
250 2 1116 480 0.9203403269006352 0.1289051548151956 0
11 44 0 45 520478 69 1114117 92 865455 115 1065226 139 1619573 163 2100978 186 1996358 209 2205523 233 3626771 234 0
1 249
7 10 6706796558590224445
0.93226412769381872 0.067679106502696304 5.6765803484833344e-05 0 0 0 0 
0.055709365137404376 0.86369382517796467 0.080466077775187952 0.00013073190944299325 0 0 0 
0.0029719011276661766 0.1897120934122849 0.55130842421775428 0.25591607052196474 9.1510720329948843e-05 0 0 
0 0.0028797015959390821 0.079808851493291866 0.8682441247856606 0.047932982218481461 0.0011343399066269899 0 
0 0 1.1672164114947846e-08 0.14907521642044055 0.83732026274035776 0.013435401106582045 0.00016910806045539303 
0 0 0 0.00062404586588914602 0.074789566963058995 0.85399506441855177 0.070591322752500102 
0 0 0 0 0.00095739138302628434 0.32721784069250265 0.6718247679244711 
7 0 0 0 0 0 0 0
0.005935026518961264 0.9963523768081519 3.6601178305641717
