A
700
701 1186
1 63.0 64.0
2 64.0 64.0
3 63.0 63.0
4 64.0 63.0
5 63.0 61.0
6 64.0 61.0
7 61.0 63.0
8 62.0 63.0
9 62.0 62.0
10 61.0 64.0
11 60.0 63.0
12 61.0 62.0
13 62.0 61.0
14 62.0 60.0
15 61.0 60.0
16 61.0 61.0
17 60.0 60.0
18 60.0 61.0
19 63.0 59.0
20 64.0 59.0
21 63.0 60.0
22 62.0 59.0
23 63.0 57.0
24 64.0 57.0
25 63.0 58.0
26 63.0 56.0
27 62.0 58.0
28 61.0 59.0
29 60.0 59.0
30 61.0 58.0
31 62.0 57.0
32 62.0 56.0
33 60.0 58.0
34 61.0 57.0
35 59.0 64.0
36 60.0 64.0
37 59.0 63.0
38 60.0 62.0
39 59.0 62.0
40 58.0 64.0
41 58.0 63.0
42 58.0 62.0
43 59.0 60.0
44 59.0 59.0
45 64.0 62.0
46 58.0 60.0
47 58.0 59.0
48 59.0 58.0
49 59.0 57.0
50 60.0 57.0
51 58.0 57.0
52 64.0 60.0
53 57.0 59.0
54 56.0 59.0
55 57.0 58.0
56 58.0 58.0
57 58.0 56.0
58 56.0 58.0
59 56.0 57.0
60 57.0 56.0
61 57.0 57.0
62 64.0 56.0
63 64.0 55.0
64 63.0 54.0
65 64.0 54.0
66 62.0 55.0
67 63.0 55.0
68 62.0 54.0
69 61.0 55.0
70 61.0 54.0
71 60.0 54.0
72 63.0 52.0
73 64.0 52.0
74 64.0 51.0
75 63.0 51.0
76 64.0 50.0
77 62.0 52.0
78 63.0 50.0
79 63.0 49.0
80 64.0 49.0
81 64.0 48.0
82 63.0 48.0
83 61.0 52.0
84 62.0 51.0
85 61.0 51.0
86 62.0 50.0
87 60.0 51.0
88 60.0 52.0
89 61.0 50.0
90 61.0 49.0
91 62.0 49.0
92 61.0 48.0
93 62.0 48.0
94 60.0 50.0
95 60.0 49.0
96 60.0 48.0
97 59.0 56.0
98 60.0 56.0
99 60.0 55.0
100 58.0 55.0
101 59.0 55.0
102 59.0 53.0
103 60.0 53.0
104 59.0 52.0
105 58.0 54.0
106 59.0 54.0
107 58.0 53.0
108 61.0 56.0
109 56.0 56.0
110 63.0 62.0
111 56.0 55.0
112 57.0 55.0
113 57.0 54.0
114 56.0 54.0
115 57.0 53.0
116 56.0 53.0
117 56.0 52.0
118 57.0 52.0
119 53.0 58.0
120 54.0 58.0
121 53.0 57.0
122 52.0 57.0
123 52.0 58.0
124 53.0 56.0
125 51.0 63.0
126 52.0 63.0
127 50.0 64.0
128 51.0 64.0
129 50.0 63.0
130 50.0 62.0
131 51.0 54.0
132 52.0 54.0
133 52.0 53.0
134 51.0 53.0
135 52.0 52.0
136 50.0 52.0
137 50.0 53.0
138 49.0 56.0
139 50.0 56.0
140 50.0 55.0
141 50.0 54.0
142 49.0 54.0
143 48.0 56.0
144 48.0 55.0
145 49.0 55.0
146 48.0 54.0
147 52.0 51.0
148 51.0 51.0
149 51.0 50.0
150 52.0 50.0
151 51.0 52.0
152 50.0 51.0
153 50.0 50.0
154 64.0 37.0
155 64.0 38.0
156 63.0 37.0
157 64.0 36.0
158 63.0 36.0
159 62.0 37.0
160 56.0 60.0
161 57.0 60.0
162 62.0 36.0
163 51.0 44.0
164 52.0 44.0
165 51.0 43.0
166 52.0 43.0
167 51.0 42.0
168 52.0 42.0
169 50.0 44.0
170 50.0 43.0
171 50.0 42.0
172 43.0 63.0
173 44.0 63.0
174 44.0 62.0
175 42.0 64.0
176 43.0 64.0
177 42.0 63.0
178 41.0 62.0
179 42.0 62.0
180 41.0 60.0
181 42.0 60.0
182 40.0 62.0
183 41.0 61.0
184 40.0 61.0
185 40.0 60.0
186 43.0 59.0
187 44.0 59.0
188 44.0 58.0
189 43.0 60.0
190 42.0 59.0
191 43.0 58.0
192 42.0 58.0
193 43.0 57.0
194 44.0 57.0
195 42.0 57.0
196 41.0 57.0
197 40.0 58.0
198 41.0 58.0
199 40.0 57.0
200 41.0 56.0
201 40.0 56.0
202 47.0 56.0
203 47.0 55.0
204 46.0 56.0
205 47.0 54.0
206 48.0 53.0
207 48.0 52.0
208 46.0 54.0
209 47.0 53.0
210 47.0 52.0
211 45.0 56.0
212 44.0 56.0
213 46.0 55.0
214 45.0 55.0
215 46.0 53.0
216 45.0 53.0
217 46.0 52.0
218 45.0 52.0
219 45.0 54.0
220 44.0 53.0
221 44.0 54.0
222 48.0 51.0
223 47.0 50.0
224 48.0 50.0
225 46.0 51.0
226 47.0 51.0
227 46.0 50.0
228 45.0 50.0
229 46.0 49.0
230 45.0 49.0
231 46.0 48.0
232 45.0 48.0
233 44.0 50.0
234 44.0 49.0
235 44.0 48.0
236 43.0 56.0
237 44.0 55.0
238 43.0 55.0
239 43.0 54.0
240 42.0 55.0
241 42.0 54.0
242 41.0 54.0
243 42.0 52.0
244 42.0 53.0
245 41.0 52.0
246 40.0 54.0
247 41.0 53.0
248 40.0 53.0
249 40.0 52.0
250 39.0 64.0
251 40.0 64.0
252 40.0 63.0
253 44.0 52.0
254 39.0 60.0
255 39.0 59.0
256 40.0 59.0
257 47.0 40.0
258 48.0 40.0
259 47.0 39.0
260 48.0 39.0
261 52.0 64.0
262 46.0 39.0
263 46.0 38.0
264 47.0 38.0
265 46.0 40.0
266 45.0 39.0
267 44.0 40.0
268 45.0 40.0
269 44.0 39.0
270 45.0 38.0
271 46.0 37.0
272 45.0 37.0
273 46.0 36.0
274 44.0 38.0
275 44.0 37.0
276 45.0 36.0
277 44.0 36.0
278 47.0 35.0
279 48.0 35.0
280 38.0 12.0
281 39.0 12.0
282 62.0 64.0
283 37.0 27.0
284 38.0 27.0
285 39.0 58.0
286 20.0 1.0
287 21.0 1.0
288 51.0 62.0
289 36.0 16.0
290 37.0 16.0
291 54.0 57.0
292 63.0 38.0
293 44.0 8.0
294 44.0 9.0
295 43.0 62.0
296 41.0 10.0
297 42.0 10.0
298 29.0 16.0
299 30.0 16.0
300 44.0 31.0
301 44.0 32.0
302 41.0 36.0
303 42.0 36.0
304 39.0 62.0
305 42.0 25.0
306 42.0 26.0
307 39.0 63.0
308 46.0 34.0
309 46.0 35.0
310 31.0 17.0
311 31.0 18.0
312 47.0 12.0
313 48.0 12.0
314 21.0 4.0
315 22.0 4.0
316 44.0 30.0
317 46.0 18.0
318 46.0 19.0
319 40.0 10.0
320 42.0 56.0
321 47.0 33.0
322 48.0 33.0
323 18.0 7.0
324 18.0 8.0
325 40.0 12.0
326 40.0 13.0
327 43.0 10.0
328 44.0 10.0
329 41.0 28.0
330 42.0 28.0
331 44.0 60.0
332 44.0 33.0
333 44.0 34.0
334 30.0 17.0
335 30.0 18.0
336 46.0 13.0
337 46.0 14.0
338 52.0 56.0
339 58.0 52.0
340 28.0 12.0
341 28.0 13.0
342 62.0 38.0
343 42.0 9.0
344 43.0 9.0
345 42.0 13.0
346 42.0 14.0
347 36.0 14.0
348 36.0 15.0
349 28.0 14.0
350 41.0 24.0
351 41.0 25.0
352 42.0 15.0
353 32.0 16.0
354 32.0 17.0
355 31.0 16.0
356 39.0 15.0
357 40.0 15.0
358 18.0 4.0
359 18.0 5.0
360 37.0 15.0
361 47.0 34.0
362 44.0 14.0
363 45.0 14.0
364 64.0 58.0
365 29.0 13.0
366 29.0 14.0
367 44.0 26.0
368 44.0 27.0
369 40.0 37.0
370 40.0 38.0
371 43.0 28.0
372 44.0 28.0
373 31.0 13.0
374 31.0 14.0
375 37.0 12.0
376 21.0 0.0
377 48.0 13.0
378 41.0 14.0
379 41.0 15.0
380 54.0 56.0
381 43.0 33.0
382 41.0 32.0
383 41.0 33.0
384 22.0 0.0
385 22.0 1.0
386 42.0 37.0
387 29.0 15.0
388 19.0 7.0
389 19.0 8.0
390 38.0 16.0
391 47.0 18.0
392 48.0 18.0
393 30.0 12.0
394 30.0 13.0
395 42.0 61.0
396 24.0 2.0
397 24.0 3.0
398 29.0 12.0
399 22.0 2.0
400 22.0 3.0
401 23.0 3.0
402 23.0 0.0
403 24.0 0.0
404 23.0 2.0
405 18.0 3.0
406 19.0 5.0
407 19.0 6.0
408 42.0 29.0
409 42.0 30.0
410 32.0 12.0
411 32.0 13.0
412 44.0 64.0
413 40.0 33.0
414 40.0 34.0
415 28.0 15.0
416 23.0 1.0
417 41.0 16.0
418 16.0 3.0
419 17.0 3.0
420 20.0 3.0
421 21.0 3.0
422 17.0 2.0
423 18.0 2.0
424 23.0 4.0
425 17.0 6.0
426 18.0 6.0
427 19.0 2.0
428 20.0 2.0
429 20.0 7.0
430 16.0 4.0
431 16.0 7.0
432 16.0 8.0
433 48.0 36.0
434 19.0 0.0
435 19.0 1.0
436 36.0 25.0
437 37.0 25.0
438 24.0 1.0
439 28.0 16.0
440 17.0 4.0
441 37.0 24.0
442 38.0 24.0
443 20.0 4.0
444 17.0 7.0
445 20.0 8.0
446 16.0 0.0
447 16.0 1.0
448 17.0 1.0
449 18.0 1.0
450 17.0 8.0
451 46.0 15.0
452 47.0 15.0
453 48.0 38.0
454 42.0 27.0
455 43.0 27.0
456 43.0 32.0
457 21.0 2.0
458 24.0 4.0
459 30.0 14.0
460 40.0 30.0
461 41.0 30.0
462 38.0 28.0
463 20.0 0.0
464 42.0 38.0
465 17.0 0.0
466 18.0 0.0
467 41.0 34.0
468 38.0 11.0
469 39.0 11.0
470 20.0 5.0
471 41.0 12.0
472 43.0 26.0
473 43.0 15.0
474 48.0 15.0
475 16.0 6.0
476 32.0 18.0
477 46.0 12.0
478 36.0 10.0
479 37.0 10.0
480 37.0 28.0
481 44.0 35.0
482 43.0 16.0
483 44.0 16.0
484 20.0 6.0
485 40.0 11.0
486 42.0 33.0
487 37.0 9.0
488 38.0 9.0
489 31.0 12.0
490 37.0 8.0
491 31.0 15.0
492 30.0 15.0
493 32.0 14.0
494 32.0 15.0
495 43.0 14.0
496 42.0 24.0
497 47.0 19.0
498 40.0 36.0
499 38.0 26.0
500 47.0 13.0
501 39.0 27.0
502 31.0 19.0
503 36.0 28.0
504 39.0 40.0
505 40.0 40.0
506 39.0 10.0
507 48.0 34.0
508 39.0 24.0
509 40.0 24.0
510 38.0 8.0
511 19.0 4.0
512 32.0 19.0
513 46.0 16.0
514 39.0 37.0
515 48.0 19.0
516 48.0 20.0
517 43.0 35.0
518 43.0 36.0
519 47.0 20.0
520 42.0 32.0
521 52.0 62.0
522 40.0 14.0
523 47.0 36.0
524 40.0 28.0
525 38.0 25.0
526 47.0 14.0
527 42.0 31.0
528 42.0 12.0
529 44.0 15.0
530 40.0 29.0
531 41.0 29.0
532 42.0 11.0
533 41.0 13.0
534 16.0 2.0
535 39.0 28.0
536 38.0 10.0
537 43.0 31.0
538 36.0 8.0
539 36.0 9.0
540 36.0 11.0
541 37.0 11.0
542 36.0 12.0
543 40.0 25.0
544 42.0 34.0
545 43.0 34.0
546 37.0 14.0
547 38.0 15.0
548 46.0 32.0
549 47.0 32.0
550 38.0 14.0
551 39.0 14.0
552 39.0 16.0
553 36.0 24.0
554 40.0 16.0
555 48.0 16.0
556 41.0 37.0
557 41.0 11.0
558 42.0 8.0
559 43.0 8.0
560 46.0 20.0
561 40.0 26.0
562 41.0 26.0
563 39.0 36.0
564 42.0 16.0
565 44.0 12.0
566 44.0 13.0
567 45.0 12.0
568 45.0 13.0
569 48.0 14.0
570 47.0 16.0
571 36.0 26.0
572 37.0 26.0
573 39.0 25.0
574 39.0 26.0
575 40.0 27.0
576 36.0 27.0
577 40.0 39.0
578 43.0 30.0
579 39.0 38.0
580 39.0 39.0
581 48.0 32.0
582 41.0 38.0
583 40.0 41.0
584 40.0 32.0
585 42.0 35.0
586 46.0 33.0
587 56.0 64.0
588 56.0 62.0
589 52.0 60.0
590 54.0 60.0
591 48.0 64.0
592 50.0 58.0
593 50.0 60.0
594 48.0 58.0
595 52.0 48.0
596 50.0 48.0
597 64.0 40.0
598 60.0 38.0
599 60.0 40.0
600 60.0 36.0
601 50.0 40.0
602 52.0 40.0
603 48.0 44.0
604 48.0 42.0
605 46.0 64.0
606 48.0 62.0
607 48.0 60.0
608 46.0 60.0
609 46.0 62.0
610 48.0 48.0
611 38.0 56.0
612 46.0 44.0
613 46.0 42.0
614 44.0 42.0
615 44.0 44.0
616 42.0 40.0
617 62.0 40.0
618 46.0 26.0
619 48.0 26.0
620 48.0 28.0
621 16.0 10.0
622 16.0 12.0
623 38.0 32.0
624 44.0 20.0
625 40.0 8.0
626 46.0 8.0
627 24.0 8.0
628 26.0 8.0
629 44.0 18.0
630 18.0 12.0
631 20.0 12.0
632 24.0 10.0
633 26.0 10.0
634 18.0 10.0
635 20.0 10.0
636 46.0 10.0
637 48.0 10.0
638 28.0 8.0
639 28.0 10.0
640 26.0 12.0
641 38.0 30.0
642 42.0 18.0
643 24.0 12.0
644 48.0 8.0
645 44.0 24.0
646 46.0 24.0
647 36.0 30.0
648 48.0 24.0
649 42.0 20.0
650 40.0 18.0
651 46.0 28.0
652 34.0 24.0
653 40.0 20.0
654 56.0 48.0
655 64.0 32.0
656 60.0 32.0
657 56.0 36.0
658 56.0 40.0
659 56.0 32.0
660 56.0 44.0
661 40.0 48.0
662 52.0 8.0
663 56.0 8.0
664 48.0 4.0
665 8.0 4.0
666 12.0 4.0
667 40.0 44.0
668 24.0 16.0
669 12.0 8.0
670 0.0 16.0
671 4.0 16.0
672 8.0 16.0
673 4.0 12.0
674 8.0 12.0
675 8.0 0.0
676 12.0 0.0
677 0.0 8.0
678 4.0 8.0
679 8.0 8.0
680 52.0 0.0
681 56.0 0.0
682 0.0 12.0
683 0.0 0.0
684 0.0 4.0
685 4.0 4.0
686 4.0 0.0
687 32.0 8.0
688 16.0 16.0
689 52.0 4.0
690 20.0 16.0
691 56.0 4.0
692 48.0 0.0
693 32.0 0.0
694 40.0 0.0
695 56.0 16.0
696 56.0 24.0
697 64.0 0.0
698 64.0 8.0
699 64.0 16.0
700 64.0 24.0
701 0.0 32.0
699 700 8
698 699 8
697 698 8
696 700 8
695 699 8
695 696 8
693 694 8
692 694 8
689 691 4
687 693 8
685 686 4
684 685 4
683 686 4
683 684 4
681 697 8
681 691 4
680 689 4
680 692 4
680 681 4
678 679 4
678 685 4
677 682 4
677 684 4
677 678 4
675 686 4
675 676 4
674 679 4
673 678 4
673 682 4
673 674 4
672 674 4
671 673 4
671 672 4
670 701 16
670 682 4
670 671 4
669 679 4
666 676 4
666 669 4
665 675 4
665 685 4
665 679 4
665 666 4
664 689 4
664 692 4
663 698 8
663 695 8
663 691 4
662 689 4
662 663 4
659 696 8
658 660 4
657 659 4
657 658 4
656 659 4
655 700 8
655 656 4
654 660 4
650 653 2
649 653 2
648 696 8
646 648 2
645 646 2
644 662 4
644 664 4
643 668 4
642 649 2
642 650 2
641 647 2
640 643 2
638 687 4
638 639 2
637 644 2
636 637 2
634 635 2
633 639 2
633 640 2
632 643 2
632 633 2
631 690 4
631 643 4
631 635 2
630 634 2
630 631 2
629 642 2
628 633 2
628 638 2
627 632 2
627 628 2
626 644 2
626 636 2
625 694 8
624 645 4
624 629 2
624 649 2
623 641 2
622 688 4
622 630 2
621 634 2
621 622 2
620 651 2
619 648 2
619 620 2
618 651 2
618 646 2
618 619 2
615 667 4
614 615 2
613 614 2
612 615 2
612 613 2
608 609 2
607 608 2
606 609 2
606 607 2
605 609 2
604 613 2
603 610 4
603 604 2
603 612 2
602 658 4
601 602 2
600 657 4
600 656 4
599 658 4
599 617 2
598 600 2
598 599 2
597 617 2
596 610 2
595 654 4
595 596 2
594 607 2
593 607 2
592 594 2
592 593 2
591 606 2
591 605 2
589 593 2
589 590 2
587 588 2
584 623 2
581 659 8
581 620 4
577 580 1
573 574 1
571 572 1
567 568 1
566 568 1
565 567 1
565 566 1
564 642 2
561 574 1
561 575 1
561 562 1
560 624 2
558 625 2
558 559 1
556 582 1
555 695 8
555 570 1
554 650 2
553 652 2
552 554 1
550 551 1
549 581 1
548 586 1
548 549 1
547 550 1
546 550 1
544 585 1
544 545 1
543 573 1
543 561 1
257 265 1
257 259 1
257 258 1
255 256 1
252 307 1
251 252 1
250 251 1
247 248 1
245 249 1
245 247 1
244 247 1
243 253 2
243 245 1
243 244 1
242 247 1
242 246 1
241 244 1
241 242 1
240 320 1
240 241 1
239 241 1
238 239 1
238 240 1
237 238 1
236 320 1
236 238 1
235 615 4
235 661 4
234 235 1
233 253 2
233 234 1
232 235 1
231 610 2
231 232 1
230 234 1
230 232 1
229 231 1
229 230 1
228 230 1
228 233 1
227 229 1
227 228 1
225 227 1
225 226 1
224 610 2
223 227 1
223 226 1
223 224 1
222 226 1
222 224 1
221 239 1
221 237 1
220 253 1
220 221 1
219 221 1
218 253 1
217 225 1
217 218 1
216 218 1
216 220 1
216 219 1
215 217 1
215 216 1
214 219 1
214 237 1
213 214 1
212 237 1
212 236 1
211 214 1
211 212 1
210 226 1
210 217 1
209 215 1
209 210 1
208 219 1
208 215 1
208 213 1
207 222 1
207 210 1
206 209 1
206 207 1
205 209 1
205 208 1
204 213 1
204 211 1
203 213 1
203 205 1
202 203 1
202 204 1
201 611 2
201 246 2
200 201 1
200 320 1
199 201 1
197 285 1
197 256 1
197 199 1
197 198 1
196 198 1
196 200 1
196 199 1
195 320 1
195 196 1
194 212 1
193 236 1
193 195 1
193 194 1
192 198 1
192 195 1
191 193 1
191 192 1
190 192 1
189 331 1
188 191 1
188 194 1
187 331 1
187 188 1
186 191 1
186 190 1
186 189 1
186 187 1
185 256 1
185 254 1
184 185 1
183 395 1
183 184 1
182 252 1
182 304 1
182 184 1
181 395 1
181 189 1
181 190 1
180 185 1
180 183 1
180 181 1
179 295 1
179 395 1
178 183 1
178 182 1
178 179 1
177 179 1
176 412 1
175 251 2
175 177 1
175 176 1
174 331 2
174 609 2
174 295 1
173 412 1
173 174 1
172 176 1
172 295 1
172 177 1
172 173 1
171 601 2
171 604 2
170 171 1
169 603 2
169 170 1
168 602 2
167 171 1
167 168 1
166 168 1
165 167 1
165 170 1
165 166 1
164 660 4
164 595 4
164 166 1
163 165 1
163 169 1
163 164 1
162 600 2
160 590 2
160 588 2
160 161 1
159 162 1
159 342 1
158 162 1
157 655 4
157 158 1
156 292 1
156 158 1
156 159 1
155 597 2
155 292 1
154 157 1
154 156 1
154 155 1
153 224 2
153 596 2
152 153 1
150 595 2
149 153 1
149 150 1
148 152 1
148 149 1
148 151 1
147 150 1
147 148 1
146 205 1
146 206 1
144 146 1
144 203 1
144 145 1
143 594 2
143 144 1
143 202 1
142 146 1
142 145 1
141 142 1
140 145 1
140 141 1
139 592 2
139 338 2
139 140 1
138 145 1
138 143 1
138 139 1
137 141 1
136 207 2
136 152 1
136 151 1
136 137 1
135 151 1
135 147 1
134 137 1
134 151 1
133 135 1
133 134 1
132 338 2
132 133 1
131 141 1
131 134 1
131 132 1
130 606 2
130 593 2
130 288 1
129 130 1
128 261 1
59 109 1
59 61 1
490 538 1
490 510 1
58 120 2
58 59 1
57 100 1
57 60 1
57 97 1
488 536 1
488 510 1
487 539 1
487 490 1
487 488 1
55 61 1
55 58 1
55 56 1
486 544 1
486 520 1
54 160 1
54 58 1
485 557 1
53 161 1
53 55 1
53 54 1
483 629 2
483 513 2
483 529 1
51 56 1
51 61 1
51 57 1
482 564 1
482 483 1
50 98 1
481 517 1
49 97 1
49 51 1
49 50 1
480 503 1
48 56 1
48 49 1
479 541 1
479 487 1
479 536 1
47 56 1
47 53 1
478 540 1
478 539 1
478 479 1
46 161 1
46 47 1
477 636 2
477 567 1
45 110 1
44 48 1
44 47 1
476 512 1
43 44 1
43 46 1
42 46 2
42 588 2
41 42 1
474 569 1
474 555 1
40 587 2
40 41 1
39 42 1
473 529 1
473 482 1
473 495 1
38 39 1
37 39 1
37 41 1
471 533 1
471 557 1
471 528 1
470 484 1
35 37 1
35 40 1
35 36 1
469 485 1
469 506 1
34 108 1
34 50 1
468 536 1
468 541 1
468 469 1
33 50 1
33 48 1
32 66 1
32 108 1
467 544 1
31 34 1
31 32 1
30 34 1
30 33 1
465 466 1
13 16 1
13 14 1
451 513 1
451 452 1
12 16 1
12 38 1
11 38 1
11 37 1
11 36 1
449 466 1
10 36 1
10 282 1
448 465 1
448 449 1
9 110 1
9 12 1
9 13 1
8 282 1
8 9 1
7 12 1
7 11 1
7 10 1
7 8 1
447 534 1
447 448 1
6 52 1
6 45 1
446 465 1
446 676 4
446 447 1
5 13 1
5 21 1
5 110 1
5 6 1
445 627 4
445 635 2
4 45 1
444 450 1
3 110 1
3 8 1
3 4 1
443 511 1
443 470 1
2 4 1
442 508 1
442 525 1
1 282 1
1 3 1
1 2 1
441 553 1
441 442 1
14 15 1
14 21 1
14 22 1
452 526 1
452 570 1
452 474 1
15 28 1
15 17 1
15 16 1
16 18 1
454 455 1
17 29 1
17 43 1
17 18 1
455 472 1
18 38 1
456 537 1
456 520 1
19 25 1
19 22 1
19 21 1
19 20 1
20 52 1
20 364 1
21 52 1
458 627 4
22 28 1
22 27 1
459 492 1
23 31 1
23 26 1
23 25 1
23 24 1
24 364 1
24 62 1
460 641 2
460 584 2
460 530 1
460 461 1
25 364 1
25 27 1
461 531 1
26 32 1
26 67 1
26 62 1
462 641 2
462 535 1
462 480 1
27 31 1
27 30 1
28 30 1
28 29 1
464 616 2
464 582 1
29 33 1
29 44 1
60 112 1
60 109 1
60 61 1
491 494 1
491 492 1
62 63 1
493 494 1
63 65 1
63 67 1
64 67 1
64 68 1
64 65 1
65 73 2
496 645 2
66 68 1
66 69 1
66 67 1
497 519 1
497 515 1
68 77 2
68 70 1
498 563 1
69 108 1
69 99 1
69 70 1
499 572 1
499 574 1
499 525 1
70 71 1
500 526 1
71 103 1
71 99 1
71 106 1
501 575 1
501 574 1
501 535 1
72 75 1
72 77 1
72 73 1
73 74 1
74 76 1
74 75 1
504 505 1
75 84 1
75 78 1
505 583 1
505 616 2
505 577 1
76 78 1
76 80 1
506 536 1
77 84 1
77 83 1
78 86 1
78 79 1
508 573 1
508 509 1
79 91 1
79 82 1
79 80 1
509 653 4
509 543 1
80 81 1
510 625 2
81 597 8
81 82 1
82 93 1
83 88 1
83 85 1
513 570 1
84 86 1
84 85 1
85 89 1
85 87 1
515 516 1
86 91 1
86 89 1
516 648 4
516 519 1
87 94 1
87 88 1
88 103 1
88 104 1
89 90 1
89 94 1
517 585 1
517 545 1
517 518 1
90 95 1
90 92 1
90 91 1
91 93 1
519 560 1
92 96 1
92 93 1
520 527 1
521 589 2
94 95 1
522 551 1
95 96 1
96 654 4
524 530 1
524 535 1
524 575 1
97 101 1
97 98 1
525 573 1
98 108 1
98 99 1
526 569 1
99 101 1
100 112 1
100 105 1
100 101 1
527 537 1
101 106 1
528 565 2
528 532 1
102 106 1
102 104 1
102 107 1
102 103 1
530 531 1
104 339 1
105 107 1
105 113 1
105 106 1
532 557 1
107 339 1
107 115 1
109 380 2
109 111 1
537 578 1
111 114 1
111 112 1
112 113 1
538 687 4
538 539 1
113 114 1
113 115 1
114 116 1
540 542 1
540 541 1
115 118 1
115 116 1
116 117 1
117 654 4
117 135 4
117 118 1
118 339 1
119 123 1
119 121 1
119 120 1
120 590 2
120 291 1
121 291 1
121 124 1
121 122 1
122 338 1
122 123 1
123 589 2
123 592 2
124 380 1
124 338 1
125 128 1
125 129 1
125 288 1
125 126 1
126 521 1
126 261 1
127 591 2
127 129 1
127 128 1
258 601 2
258 604 2
258 260 1
259 264 1
259 262 1
259 260 1
260 453 1
261 587 4
262 263 1
262 266 1
262 265 1
263 271 1
263 270 1
263 264 1
264 453 1
265 613 2
265 268 1
266 268 1
266 270 1
266 269 1
267 616 2
267 614 2
267 269 1
267 268 1
269 274 1
270 272 1
270 274 1
271 273 1
271 272 1
272 276 1
272 275 1
273 523 1
273 309 1
273 276 1
274 464 2
274 275 1
275 277 1
276 277 1
277 518 1
277 481 1
278 523 1
278 309 1
278 361 1
278 279 1
279 507 1
279 433 1
280 550 2
280 468 1
280 375 1
280 281 1
281 469 1
281 325 1
283 576 1
283 572 1
283 480 1
283 284 1
284 501 1
284 499 1
284 462 1
286 435 1
286 428 1
286 463 1
286 287 1
287 385 1
287 457 1
287 376 1
288 521 1
289 353 4
289 348 1
289 290 1
290 390 1
290 360 1
291 380 1
292 342 1
293 626 2
293 559 1
293 294 1
294 344 1
294 328 1
296 319 1
296 557 1
296 297 1
297 327 1
297 343 1
297 532 1
298 439 1
298 387 1
298 299 1
299 492 1
299 334 1
299 355 1
300 316 1
300 537 1
300 301 1
301 548 2
301 456 1
301 332 1
302 556 1
302 498 1
302 303 1
303 518 1
303 585 1
303 386 1
305 351 1
305 496 1
305 306 1
306 562 1
306 454 1
306 472 1
308 333 2
308 586 1
308 361 1
308 309 1
310 334 1
310 354 1
310 355 1
310 311 1
311 502 1
311 476 1
311 335 1
312 477 1
312 500 1
312 313 1
313 637 2
313 377 1
314 443 1
314 421 1
314 315 1
315 424 1
315 400 1
316 372 2
316 578 1
317 629 2
317 513 2
317 391 1
317 318 1
318 560 1
318 497 1
319 625 2
319 485 1
319 506 1
321 586 1
321 361 1
321 549 1
321 322 1
322 581 1
322 507 1
323 426 1
323 444 1
323 388 1
323 324 1
324 634 2
324 450 1
324 389 1
325 485 1
325 471 1
325 326 1
326 533 1
326 522 1
327 344 1
327 328 1
328 636 2
328 565 2
329 531 1
329 524 1
329 330 1
330 408 1
330 371 1
330 454 1
331 608 2
332 381 1
332 333 1
333 545 1
333 481 1
334 335 1
336 568 1
336 500 1
336 477 1
336 337 1
337 451 1
337 363 1
337 526 1
340 639 2
340 640 2
340 398 1
340 341 1
341 365 1
341 349 1
342 617 2
342 598 2
343 558 1
343 344 1
344 559 1
345 528 1
345 533 1
345 346 1
346 495 1
346 378 1
346 352 1
347 542 2
347 546 1
347 348 1
348 360 1
349 366 1
349 415 1
350 496 1
350 509 1
350 351 1
351 543 1
351 562 1
352 564 1
352 379 1
352 473 1
353 355 1
353 494 1
353 354 1
354 476 1
355 491 1
356 552 1
356 547 1
356 551 1
356 357 1
357 554 1
357 379 1
357 522 1
358 440 1
358 511 1
358 405 1
358 359 1
359 406 1
359 426 1
360 547 1
360 546 1
361 507 1
362 566 1
362 529 1
362 495 1
362 363 1
363 568 1
365 394 1
365 398 1
365 366 1
366 459 1
366 387 1
367 618 2
367 645 2
367 472 1
367 368 1
368 372 1
368 455 1
369 498 1
369 556 1
369 514 1
369 370 1
370 582 1
370 579 1
370 577 1
371 455 1
371 372 1
372 651 2
373 489 1
373 411 1
373 394 1
373 374 1
374 491 1
374 493 1
374 459 1
375 541 1
375 542 1
376 384 1
376 463 1
377 569 1
377 500 1
378 533 1
378 522 1
378 379 1
379 417 1
381 545 1
381 486 1
381 456 1
382 584 1
382 520 1
382 383 1
383 413 1
383 486 1
383 467 1
384 402 1
384 385 1
385 399 1
385 416 1
386 556 1
386 464 1
387 492 1
387 415 1
388 407 1
388 429 1
388 389 1
389 445 1
390 552 1
390 547 1
391 497 1
391 392 1
392 555 2
392 515 1
393 489 1
393 398 1
393 394 1
394 459 1
396 404 1
396 438 1
396 397 1
397 458 1
397 401 1
399 457 1
399 404 1
399 400 1
400 421 1
400 401 1
401 404 1
401 424 1
402 416 1
402 403 1
403 693 8
403 438 1
404 416 1
405 423 1
405 419 1
406 511 1
406 470 1
406 407 1
407 484 1
407 426 1
408 531 1
408 409 1
409 578 1
409 527 1
409 461 1
410 542 4
410 687 4
410 489 1
410 411 1
411 493 1
412 605 2
413 584 1
413 414 1
414 498 2
414 467 1
415 439 1
416 438 1
417 564 1
417 554 1
418 534 1
418 430 1
418 419 1
419 422 1
419 440 1
420 428 1
420 443 1
420 421 1
421 457 1
422 534 1
422 448 1
422 423 1
423 427 1
423 449 1
424 458 1
425 475 1
425 444 1
425 426 1
427 435 1
427 428 1
428 457 1
429 445 1
429 484 1
430 666 4
430 475 2
430 440 1
431 475 1
431 444 1
431 432 1
432 669 4
432 621 2
432 450 1
433 453 2
433 523 1
434 466 1
434 463 1
434 435 1
435 449 1
436 553 1
436 571 1
436 437 1
437 525 1
437 572 1
437 441 1
5
390 38 2 2 3
10 50 1 3
259 40 1 1
696 55 3 1 2 3
202 74 2 1 2
252
1 1 1358 428 0.9902620030410744 0.10896498381063506 0
10 159 0 160 1796810 186 1706488 213 1316367 239 1630583 265 2062132 291 1063351 318 1394927 344 1599980 345 0
0
2 1 793 196 0.9855755103846884 0.08388367936992873 0
29 21 0 22 380907 47 345765 73 383020 98 362215 123 423737 148 397073 174 202925 199 190353 224 328335 249 515175 275 864816 300 1344123 325 1237679 351 2051580 376 1072064 401 2328367 426 2430234 452 2079501 477 2330176 502 1606506 527 1732166 553 2527366 578 1569417 603 2565316 628 1770699 654 2516253 679 1725990 680 0
1 1
3 1 531 559 0.9871221981557007 0.09427971434923696 0
20 59 0 60 1243147 85 1542405 111 935268 136 1855284 161 2266303 187 1727862 212 1473808 237 1365430 263 967676 288 974150 314 1642043 339 1410460 364 1314504 390 1303950 415 1569543 440 3568424 466 3387278 491 3672080 492 0
1 1
4 1 1308 598 0.9850578303198968 0.13017416078194466 0
8 95 0 96 1627097 121 1130125 146 2135561 170 2529408 195 2144555 220 996931 221 0
1 2
5 1 1157 214 0.9986658655334645 0.038568976072979995 0
7 41 0 42 871220 67 1294655 93 980807 118 1118067 143 744881 144 0
0
6 3 1228 423 0.9885517812472525 0.007042715006346584 0
27 76 0 77 884228 102 523423 127 369753 152 331328 177 185791 202 203233 227 607993 252 836409 277 782813 302 1000108 327 1702168 352 1828969 377 1669476 403 1596212 428 1857594 453 1004283 478 684037 503 595869 528 338506 553 509411 578 495051 603 839458 628 592146 653 1188231 678 1650907 679 0
0
7 1 1066 126 0.9834956549715657 0.005680949309772664 0
14 104 0 105 1091842 131 1906324 156 1704986 182 1001595 208 1576353 234 1347630 259 1004867 285 444007 311 514874 337 547774 362 572110 388 788334 389 0
1 6
8 2 1489 418 0.9807414792728596 0.014544115024120884 0
27 44 0 45 1473627 70 1462389 96 2492837 121 1599813 146 1307327 171 964872 197 964863 222 975681 247 1302426 273 1638111 298 1180867 323 1383140 349 1138490 374 1252831 399 1359108 424 870128 450 1090530 475 1412019 500 836300 526 767506 551 558059 576 615404 601 469173 627 429710 652 675013 653 0
0
9 2 549 320 0.9967658058128094 0.007734306071308272 0
28 46 0 47 2985067 72 2624553 97 1563072 122 1129438 147 1815123 171 1339325 196 1493624 221 1322469 246 897642 271 682571 296 476563 321 379175 346 493257 370 562627 395 421183 420 632884 445 494375 470 879535 495 994637 520 812147 545 742486 569 809997 594 958068 619 848906 644 777799 669 678273 670 0
1 8
10 3 566 387 0.9977432061491484 0.10916413477340699 0
18 140 0 141 564151 166 531689 190 637038 215 1560006 239 1435168 264 1486486 288 1366905 313 1521730 337 1177036 362 1264571 386 607073 411 723546 435 844938 460 691426 484 1083420 509 1308704 510 0
0
11 1 1040 480 0.9801011797674085 0.141463533524816 0
14 381 0 382 3481268 406 1468884 430 1673841 455 1768514 479 1461318 503 1492967 527 1353397 551 1122480 575 928524 600 1194624 624 1276704 648 1976355 649 0
0
12 2 1307 701 0.9906688711742098 0.14654855260072053 0
22 130 0 131 1838687 156 2268850 180 3600614 205 3625000 229 2518656 254 1214137 278 1531305 303 1061454 327 1340393 352 1012104 376 1168668 401 916310 425 869585 450 490682 474 529152 499 722277 523 729672 548 949784 572 955802 597 873683 598 0
0
13 3 1479 398 0.9957846202733108 0.1433206388987071 0
25 139 0 140 1473166 165 988658 189 1175198 214 959868 238 1022101 263 696449 288 517399 312 686667 337 539215 361 593444 386 780882 411 669915 435 392886 460 434983 484 510984 509 692763 533 783213 558 1296832 583 2323670 607 2019721 632 3443333 656 2364718 681 1723186 682 0
1 12
14 1 1359 629 0.9966789532156123 0.0018004281910483366 0
30 8 0 9 1090692 34 1437558 59 1542109 85 1194166 110 1320232 135 901997 160 843484 186 1165116 211 1152320 236 1132209 261 1364038 286 1467728 312 1449853 337 1527672 362 1497361 387 1818552 413 2475231 438 3071816 463 2242391 488 2032662 513 1736441 539 2370637 564 2076181 589 1353074 614 1125721 640 922463 665 523993 690 576660 691 0
0
15 3 653 640 0.9940534849391607 0.12200895037379403 0
9 369 0 370 1392374 395 1478288 419 1412504 443 1987718 468 2594102 493 1160578 517 962376 518 0
1 14
16 2 700 511 0.982721961386186 0.0747903084539554 0
14 319 0 320 1373694 345 2318066 371 1806328 396 1384333 421 952893 447 1061551 472 1687520 498 1719225 523 1663955 548 1277059 574 1242659 599 1094350 600 0
0
17 1 1463 499 0.9801804737053383 0.016242969414193457 0
18 274 0 275 2631885 301 2355796 326 1559627 352 827960 377 725355 403 1159371 429 1319623 454 1094488 480 751218 505 531521 531 444877 557 575384 582 581902 608 397188 633 298955 659 287983 660 0
0
18 2 934 65 0.9917706114201129 0.0357213974577535 0
11 89 0 90 683189 114 871159 137 795706 161 837406 185 985463 209 1038236 233 2337490 256 1246529 280 615784 281 0
1 17
19 3 1302 491 0.9974539024322204 0.06049303078912585 0
14 388 0 389 961888 414 1027730 440 976938 465 1829401 491 1414809 516 1267502 542 1376278 567 1356875 593 2005775 618 1524755 644 1081360 669 717185 670 0
1 18
20 2 795 372 0.9981174482454593 0.1133338491868322 0
21 19 0 20 438225 45 473036 70 771893 95 1092039 120 938019 145 433194 170 364345 195 228622 220 246857 245 244497 269 609684 294 624603 319 779974 344 768314 369 1065096 394 2259039 419 1788985 444 2553001 469 2340851 470 0
0
21 2 1090 65 0.9863384650210085 0.136149924498303 0
30 5 0 6 2071075 31 2207506 56 3374370 81 2858835 106 3377516 132 2049836 157 2223015 182 1407038 207 938207 232 1266286 257 1515365 282 1161041 307 1716813 332 1055600 358 996938 383 969151 408 538721 433 546242 458 403714 483 232245 508 246639 533 150898 558 137120 584 156614 609 191288 634 258901 659 276454 684 224634 685 0
0
22 3 1125 41 0.9889233433779481 0.12511517966900146 0
29 19 0 20 1595175 45 1268154 69 1648652 94 1613244 118 1075887 143 1641716 167 1353642 192 1326680 216 1888300 241 1454467 265 1435363 290 1091993 314 1708453 339 1159312 364 1694743 388 1325135 413 1042497 437 1635526 462 1017558 486 797415 511 1386212 535 825946 560 888499 584 568585 609 849396 633 939682 658 941582 659 0
0
23 1 1070 192 0.9872541928263605 0.09503741363375319 0
30 8 0 9 598016 34 1144934 59 1116482 85 1467299 110 1808606 135 1628668 160 1075475 185 1384252 210 1640973 236 1572860 261 2371254 286 2147961 311 1638191 336 2139386 362 1714089 387 1291379 412 1854668 437 1464158 462 1930463 488 2298189 513 1782801 538 1845056 563 1719913 588 2253786 613 2126912 639 1244030 664 2900673 689 2746446 690 0
2 22 24
24 2 1338 277 0.9872629990688777 0.0310582620604341 0
15 348 0 349 929704 375 615652 400 602374 425 1104901 451 779181 477 748244 502 1044810 527 1267624 553 1285974 579 1485542 604 1214653 629 1302601 655 1905600 656 0
0
25 3 1386 86 0.9985980697888567 0.04681807212123659 0
24 109 0 110 734880 135 1126116 160 730005 185 485190 209 706822 234 785940 259 533185 284 587490 309 585628 334 477175 359 925306 383 824322 408 1126226 433 979177 458 908076 483 1007439 508 1270510 533 674901 557 844874 582 1705045 607 1390909 632 2271647 633 0
0
26 1 1223 19 0.99016726790558 0.0338220941537806 0
9 523 0 524 2155985 551 2680275 577 1757716 604 1492498 631 1118421 657 1754272 684 1291263 685 0
2 25 28
27 3 1255 501 0.9933809783657326 0.12802753200612393 0
24 65 0 66 1710505 91 2379355 116 1899318 141 1992332 166 1712025 191 2139954 217 1998039 242 863184 267 1129052 292 760647 317 1491190 342 1386535 367 1100865 392 1179324 417 1225786 442 1933551 468 2085872 493 3109169 518 2157023 543 1976834 568 1659884 593 1952169 594 0
3 25 28 26
28 2 1331 609 0.9981012421400892 0.11822632796760507 0
23 53 0 54 626307 78 700942 103 910504 127 959623 151 1351559 176 1082566 200 1037241 224 911800 249 758258 273 621445 297 791140 322 1355439 346 2702771 371 3076367 395 2284902 419 2647756 444 3718330 468 3152446 492 2440448 517 1714302 541 1468537 542 0
0
29 2 1405 418 0.9841959213042875 0.04046262214830777 0
30 0 0 1 407105 26 499962 51 562208 76 384319 101 462283 126 439711 151 700146 175 955470 200 1128079 225 908096 250 1013361 275 1334019 300 1698935 325 2257554 350 1794363 375 3469005 400 3126711 425 3146843 450 3506163 475 2587163 500 3044249 524 2271535 549 1892730 574 1164113 599 769270 624 541019 649 669632 674 368083 675 0
0
30 1 1071 546 0.9853235683502469 0.09939676441913535 0
17 169 0 170 338299 195 438786 221 650937 246 455608 271 474203 296 356667 322 504093 347 666357 372 916351 398 1420951 423 1774997 448 2430518 473 1771934 499 1776779 524 1810672 525 0
1 29
31 1 1206 145 0.9998600803293328 0.019650391769591102 0
10 313 0 314 408270 340 656131 366 756624 392 855581 418 1098871 444 1783922 470 2138938 496 3136175 497 0
0
32 2 859 231 0.9840358194958684 0.05354989603294285 0
17 8 0 9 3962259 33 2047370 57 2221149 81 3288731 105 2794000 129 2333057 153 1343191 177 1161536 202 663152 226 735792 250 581877 274 567965 298 443149 322 322099 346 499594 347 0
1 31
33 1 1325 396 0.9935274820980178 0.07214752197991316 0
22 30 0 31 2649436 56 2905304 82 3598672 107 2295800 132 2247470 158 1794201 183 806255 208 704746 234 630505 259 714443 284 898586 309 625418 335 423709 360 724612 385 1170824 411 1543038 436 1096498 461 1463489 487 1341187 512 1271142 513 0
0
34 1 1069 631 0.9870486224561899 0.14358580817340388 0
14 52 0 53 3082242 77 1970047 102 2149677 126 1267874 150 1910474 175 1913119 199 1317729 224 1564618 248 1561836 272 1334703 297 1003193 321 929658 322 0
0
35 1 1286 539 0.9934173124230955 0.08441084665025932 0
15 310 0 311 1156005 336 1819124 361 1713819 385 1793882 410 993811 435 1494454 459 1257782 484 748620 509 549442 534 502750 559 442218 583 320138 608 459703 609 0
1 34
36 1 825 405 0.9800974727463719 0.14185317735851122 0
7 57 0 58 1455027 84 1124217 111 1268205 137 1942995 163 1462251 164 0
0
37 2 824 543 0.9899756371105255 0.05041559776745345 0
21 118 0 119 2059447 144 2119467 169 2431767 195 1453550 220 1381412 245 1425084 270 1423277 295 1506295 320 1595718 345 1507990 371 1325796 396 1112244 421 602520 446 327844 471 267531 497 658077 522 839801 547 646907 572 837213 573 0
0
38 1 624 449 0.9967589912264478 0.006694664319071025 0
25 91 0 92 4157131 117 3406442 142 2656000 168 1681463 193 1353709 218 1043746 243 556088 269 334590 294 448262 319 449661 344 192701 369 195744 395 308880 420 372199 445 179508 470 99931 496 170043 521 172959 546 139957 571 135320 597 100361 622 95573 647 82357 648 0
2 37 40
39 3 1098 638 0.9947986464190569 0.027462525081496436 0
29 4 0 5 188717 30 188138 55 169017 80 146871 105 116192 130 79281 155 84544 180 186812 205 314277 230 291089 255 359662 280 612901 305 527655 329 593791 354 561483 379 583178 404 747519 429 1368736 454 904623 479 1281941 504 2454022 529 2044015 554 2134459 579 1870044 604 3076156 629 4095678 654 4910863 655 0
2 37 40
40 1 527 22 0.9879776251159269 0.0871025516589914 0
12 132 0 133 998884 159 985970 185 1249677 211 1367599 237 1137611 264 1522212 290 823857 316 726189 342 1281460 368 1086901 369 0
0
41 3 650 632 0.9883452502291387 0.07927566773324973 0
20 220 0 221 891668 246 979074 270 905638 295 480354 319 860605 344 770258 369 772900 393 1257158 418 804089 442 875707 467 1279504 491 1990239 516 1687067 541 1405898 565 1115694 590 894469 614 1345600 639 1186089 640 0
0
42 2 659 485 0.983435526572211 0.005745384709567835 0
17 164 0 165 835976 190 1634449 214 1390064 239 2853305 264 2266331 288 2625070 313 3066619 337 1377318 362 1235917 387 1109842 411 1264322 436 1795574 461 1310476 485 768878 510 1319146 511 0
1 41
43 3 794 215 0.9867770433726278 0.13332355209452262 0
12 380 0 381 1877253 407 1596174 432 1996979 458 1934139 484 1490415 509 1656055 535 720611 561 758771 586 1099036 612 806130 613 0
0
44 1 1251 262 0.9921328257600697 0.12779203709065862 0
18 279 0 280 2115228 305 2237122 330 1415913 355 1329301 380 1171133 405 556401 430 477351 455 479314 481 597582 506 645578 531 780572 556 1267129 581 1317359 606 1417267 631 1723048 656 2175285 657 0
0
45 1 1248 407 0.9946185677135329 0.03659535249404718 0
11 367 0 368 766393 394 608656 420 1017337 446 624442 471 889393 497 846903 523 1108013 549 1503442 575 1730023 576 0
0
46 3 618 160 0.9894004575563728 0.051069680292093 0
29 41 0 42 1541011 67 1640572 92 1434066 117 601150 142 545761 168 571374 193 395810 218 579058 243 621308 268 875052 293 1355247 318 1223603 343 1332234 369 1670230 394 1974797 419 2192346 444 2535914 469 2701334 494 2679740 519 2234174 544 2336277 569 2605644 595 3202580 620 2846330 645 1502716 670 1758743 695 1957901 696 0
1 45
47 3 1409 378 0.987842674519189 0.04812208060300636 0
28 12 0 13 2390316 38 2486149 63 2368426 87 1870284 112 1783140 137 1644237 162 1878305 187 1094726 211 1665336 236 2746025 261 1741208 286 1825581 311 1250511 335 1595763 360 1294990 385 1261865 410 1082309 435 740548 459 620501 484 588785 509 572105 534 569774 559 679602 583 733410 608 914658 633 1077058 634 0
0
48 3 793 463 0.9841072622461161 0.08446723309011214 0
27 73 0 74 725676 98 831712 123 559271 147 331429 172 698620 196 967585 221 732039 245 1238905 270 948472 294 602156 319 623108 343 499238 367 698355 392 767621 416 803277 441 739448 465 913167 490 1048968 514 933778 539 860756 563 738424 588 1405122 612 1595812 637 2454975 661 3149297 662 0
1 47
49 1 1136 174 0.9802465584308198 0.0319639184015798 0
15 166 0 167 1857712 192 1944667 218 2723846 243 3013770 268 2154277 294 1339591 319 1964858 344 1692070 370 1557788 395 1648102 420 2216738 446 1533247 471 1188031 472 0
0
50 2 1406 191 0.9890439890304351 0.12058601694135712 0
21 239 0 240 901249 265 771802 290 1449063 315 1711343 339 2619012 364 3280289 389 2314449 414 1357069 439 1459285 463 735550 488 1640716 513 1111562 538 1222576 563 1449936 588 548730 613 714912 637 994516 662 692552 687 1417288 688 0
0
51 1 914 469 0.9908028149884773 0.013811842433267179 0
26 69 0 70 1426981 95 965340 120 1302002 145 686336 170 543894 195 393921 220 334187 245 438186 270 487979 295 540383 320 693197 345 805094 370 927306 395 1188494 420 1362060 445 2318332 470 2518050 495 2303535 520 2979903 545 3017274 570 1878390 595 2308188 620 3980570 645 3502700 646 0
1 50
52 2 848 276 0.9855459198758045 0.05469812261190079 0
29 12 0 13 134339 38 322726 63 223254 88 161033 113 165481 139 260940 164 424018 189 390354 214 254053 239 157097 264 193780 289 149641 314 95689 339 108357 365 210536 390 274985 415 435944 440 467774 465 703512 490 809121 515 1162157 540 1050756 566 1528792 591 1240347 616 1723072 641 2444542 666 4728818 667 0
2 50 51
53 2 556 413 0.9996273237102299 0.09552433228145377 0
9 200 0 201 749805 227 784359 252 1349584 278 1639186 304 731657 329 983156 355 1040572 356 0
0
54 2 1218 41 0.9874528135045749 0.04433351960827835 0
30 15 0 16 200391 41 193542 66 178124 92 245772 117 184881 142 325621 167 440356 193 716777 218 1150972 243 1198404 268 1077558 293 1181543 319 873904 344 1714838 369 1603192 394 2668641 420 3021417 445 3271751 470 2525284 495 1953687 520 1421412 546 983256 571 1529282 596 1171364 621 1050400 647 1539084 672 1752070 697 1345378 698 0
2 53 56
55 3 1203 612 0.9863794889857784 0.1420642184657221 0
11 507 0 508 2243256 531 1356896 555 1213911 579 1338258 602 949702 625 699608 649 549029 673 185342 696 193313 697 0
3 53 56 54
56 1 1067 210 0.9885206249563226 0.0454194958282022 0
15 33 0 34 998832 58 1919079 82 1094315 106 1250063 130 1165067 154 903690 179 1026115 203 677607 227 1098896 251 962678 275 969162 299 748843 323 686192 324 0
0
57 1 1388 237 0.9966158379553234 0.06808511559890276 0
8 217 0 218 1643179 240 1256920 263 1094256 285 1295929 308 1664498 330 1559583 331 0
0
58 1 1345 147 0.9826810912815305 0.045639832658811094 0
8 523 0 524 1372094 551 1302868 578 2141105 604 2036643 631 1430798 658 1784037 659 0
0
59 2 1197 588 0.99300169078401 0.11953278271084919 0
13 99 0 100 2642415 124 1740306 148 858241 172 757607 196 794394 221 804311 245 388134 269 380227 293 471468 317 393999 341 445123 342 0
2 58 60
60 2 993 265 0.9881693603948227 0.098396622613652 0
11 467 0 468 1604134 493 1636182 519 1880157 545 2222568 570 1786569 595 1733185 621 1237602 647 1223048 672 1457837 673 0
0
61 2 552 297 0.9903697379936274 0.10002743343630811 0
8 321 0 322 1154512 345 973146 367 1910274 390 2381811 412 1247246 435 1097071 436 0
2 60 59
62 1 586 80 0.9849827365810895 0.08313766686273433 0
15 210 0 211 2604353 236 2379261 261 2213956 285 1623739 310 1449824 335 1280079 360 1309821 385 1009792 410 1105469 435 1346478 459 1302815 484 1770977 509 2691628 510 0
0
63 1 976 417 0.9995932174346118 0.12867826162088647 0
9 490 0 491 1657466 517 1185099 544 879010 570 931235 596 1079751 623 1603866 649 1275248 650 0
1 62
64 1 747 340 0.9957235001852622 0.07479303438137334 0
27 42 0 43 843143 68 1182088 93 2348952 118 2790908 143 2010775 168 2211328 193 2727222 218 2378344 243 1839451 268 2219516 293 1224799 318 1465053 343 1986315 368 1048999 393 850723 418 853932 443 930228 468 818909 493 768375 518 845957 543 573027 568 596468 593 337875 618 541954 643 686980 644 0
0
65 3 861 393 0.9932140439303445 0.1203999438429228 0
24 77 0 78 782676 103 544262 129 527358 154 365815 180 335914 205 533502 231 609051 256 532653 282 564980 307 874425 333 1185456 358 863013 384 1246058 409 1178832 435 1464255 460 1814684 486 1389724 511 1574161 537 2458355 562 2342226 588 1654084 613 1667297 614 0
1 64
66 2 1213 371 0.9877075004096666 0.04242060481739584 0
21 222 0 223 686769 249 628215 274 952548 300 2130067 325 2566811 351 1278227 376 918065 402 1270486 427 1689385 453 1615698 479 756764 504 494537 530 676543 555 654711 581 931320 606 742942 632 787129 657 852198 683 644136 684 0
1 65
67 1 1336 658 0.9828176883073179 0.1256198416785887 0
22 202 0 203 522442 227 668566 252 857074 276 1342505 301 1629826 325 1202264 350 1014004 374 1046800 399 1056574 423 1752815 448 1730696 472 1831989 497 1656958 521 933351 546 680277 570 727284 595 1028397 619 1382528 644 1052648 668 790966 669 0
0
68 3 1127 506 0.9867784043226897 0.04137870796377858 0
23 164 0 165 1451322 190 1647894 215 1630797 241 1712901 266 1473904 291 2289013 317 1362876 342 2532210 367 1423920 392 1388683 417 1566641 443 1627347 468 2157033 493 3376557 519 2590870 544 1744982 569 1271414 594 1582490 619 1346678 645 1192863 670 856741 671 0
0
69 2 541 321 0.998340291173625 0.10299858062812838 0
18 72 0 73 1293811 99 1199570 124 1513345 150 1912162 175 2122316 201 1491470 227 2279514 252 2071928 278 1443549 303 1097876 329 1028803 355 611340 380 374392 406 490409 431 553743 457 516803 458 0
1 68
70 2 1022 375 0.9864820466624672 0.062221444309757665 0
10 288 0 289 1674166 314 1394239 340 2141493 365 1488941 391 1240873 416 1376015 442 1900784 467 931044 468 0
3 68 71 69
71 2 777 348 0.9837147939320129 0.07597925527550503 0
22 22 0 23 2250414 48 2200233 73 1854115 99 2455548 124 2541373 149 2204125 174 1778654 199 2783470 225 1466266 250 1700139 275 1034455 300 756713 326 590187 351 500369 376 569823 401 865567 426 1216640 452 1180202 477 2214810 502 1722188 503 0
0
72 1 1012 497 0.9922935593111408 0.040637042665650665 0
28 41 0 42 865890 67 748298 91 960798 116 695128 140 537370 165 691931 190 746081 214 759595 239 685775 263 587855 288 1016731 313 1087330 337 840553 362 923600 386 1211110 411 1166510 436 971302 460 943297 485 924867 509 1159266 534 1818854 559 1265030 583 1321446 608 1798527 632 2051559 657 1933564 658 0
0
73 3 965 313 0.999840846426852 0.0948527420089293 0
22 111 0 112 1217654 137 1195920 162 1367834 188 1421286 213 2364757 238 1776103 263 2814083 288 2605879 314 2529523 339 2189189 364 1378766 389 1027588 415 1191654 440 1133282 465 997574 490 828983 515 911250 541 941245 566 1240699 591 935612 592 0
1 72
74 1 767 645 0.9903133385706858 0.1053489249637573 0
24 100 0 101 886695 126 1579357 152 2311538 177 1624962 203 2141794 228 1656093 253 2144030 279 2655340 304 1201445 329 1992648 355 2297892 380 2115327 406 1484606 431 916639 456 820387 482 1358178 507 1256805 532 582502 558 620201 583 666982 609 480439 634 330977 635 0
0
75 3 1495 434 0.9886962977102648 0.0747912481845372 0
19 90 0 91 1900310 116 1808395 140 1790719 165 1786446 189 1578009 214 1229080 238 1121640 263 717068 287 682569 312 1517776 337 773535 361 1228792 386 1480048 410 2531600 435 3320923 459 3313753 484 2920580 485 0
0
76 1 506 259 0.9987875676843356 0.03752910933571887 0
27 87 0 88 251836 113 596916 137 700585 162 580108 187 761298 212 745940 236 1287681 261 1490403 286 2299298 310 1734841 335 1521807 360 1520821 385 1811392 409 1343299 434 908601 459 1782425 483 1298828 508 1578066 533 620322 557 414519 582 457149 607 393458 632 404890 656 457536 681 350613 682 0
1 75
77 3 1035 399 0.9819128644945211 0.14432060098276253 0
29 20 0 21 757420 46 616863 71 902954 96 1037764 121 923359 146 702004 171 1228504 195 765140 220 1344504 245 1803942 270 2557023 295 3372208 320 3566363 345 3030056 370 2251374 395 1788738 420 1548632 445 2249943 470 2017832 495 2582393 519 2709620 544 2448502 569 1908123 594 1967061 619 1661574 644 1266098 669 1703017 670 0
0
78 3 887 223 0.9876738504533922 0.0975824991450293 0
28 2 0 3 303053 28 242982 53 245456 78 239354 102 286623 127 284107 152 370764 177 426256 202 390142 227 764449 251 780381 276 1203815 301 1311127 326 1388974 351 1461175 376 2154579 400 1984329 425 2167868 450 1832275 475 1679554 500 1580563 525 2376544 549 1581213 574 1866139 599 2062930 624 1385368 625 0
1 77
79 3 1481 567 0.9827664377456683 0.011332687895293724 0
30 10 0 11 705179 36 672275 61 629064 86 549066 110 497300 135 994647 160 1001699 185 702119 210 323919 235 410487 260 448899 284 572112 309 661493 334 533908 359 643613 384 740704 409 860268 433 1388872 458 1617152 483 3300060 508 3414834 533 2050431 558 2763101 583 2680935 607 2186927 632 2086441 657 2295059 682 2050667 683 0
2 77 78
80 2 772 599 0.9856439751697875 0.09287145952291088 0
20 20 0 21 454771 46 534876 70 779419 95 999136 120 722159 145 1130100 169 1103273 194 1029977 219 1519199 243 1585930 268 1730475 293 1971579 317 2615312 342 1748697 367 1957693 392 1360294 416 1254943 441 1785366 442 0
0
81 3 1254 609 0.9878908930308977 0.11398553923612054 0
12 130 0 131 841461 157 741786 182 900353 208 1490991 233 1098864 259 1407205 284 1591371 310 952500 335 1124897 361 3474988 362 0
2 80 83
82 1 851 40 0.9937810189771503 0.010572077518975419 0
17 225 0 226 1027123 252 2171288 277 2741871 303 2322782 328 1446003 354 1602421 379 1237725 405 1240809 431 1345476 456 1197566 482 1345282 507 1227963 533 1184780 558 1811790 584 1434202 585 0
0
83 3 574 107 0.9987207594752661 0.10463606811766585 0
12 381 0 382 1233907 406 2519139 430 1489490 453 1482452 477 1130677 501 1395643 525 1524559 548 744380 572 611613 596 565218 597 0
1 82
84 1 953 27 0.9909678692351348 0.054637848841762385 0
20 180 0 181 366564 206 356046 231 654509 256 729636 281 910147 305 923781 330 679624 355 623935 380 739203 405 1135662 430 1384176 455 1484982 480 1637516 504 1182696 529 1285559 554 1156131 579 1117103 604 1015629 605 0
0
85 1 1322 185 0.9963143327192799 0.07192689091727525 0
10 96 0 97 1355370 122 1090371 147 1092325 172 1045916 197 1101628 222 1309555 247 1316826 272 3036634 273 0
0
86 2 998 656 0.9889508263476231 0.12155829593596765 0
27 56 0 57 4629855 82 3360546 107 3824913 132 2067581 157 1339791 183 898626 208 487771 233 356643 258 412363 283 424286 308 337130 333 310858 359 381208 384 256899 409 223921 434 237821 459 184743 484 361962 509 660676 534 696057 559 864369 585 914413 610 791809 635 581168 660 807730 661 0
1 85
87 1 934 214 0.9986070184741651 0.12491586126469852 0
30 11 0 12 225365 37 267314 63 234797 88 268276 113 342171 138 274523 164 261505 189 242033 214 369001 239 183738 265 213825 290 318536 315 367761 340 369763 366 529118 391 694492 416 716265 441 1597455 467 1409546 492 1909314 517 1794827 542 772278 568 2788431 593 3981805 618 3947078 643 3314091 669 4279097 694 3633641 695 0
0
88 2 1483 40 0.9834864114488254 0.059669100246346904 0
25 77 0 78 716669 103 1648182 128 1558456 153 2043709 178 2700530 203 1327235 229 726053 254 822559 279 876683 304 962203 329 1349411 354 2025870 379 1862597 404 1259753 429 1757052 454 1724398 479 1361586 505 1281083 530 1139437 555 1132979 580 1214663 605 1403079 630 1446711 631 0
2 87 86
89 1 1467 654 0.9963467629029528 0.0864526799118486 0
22 121 0 122 1326524 146 1274202 171 2317289 195 1840382 220 2113649 244 2407653 269 2015902 293 2816912 318 1914672 342 2921921 367 3182429 391 1931829 416 2083449 440 928459 465 544748 489 407244 514 381788 538 519473 563 660751 587 749383 588 0
0
90 1 946 212 0.9973038186106582 0.03470505476829136 0
18 318 0 319 951800 344 1492995 368 1857087 393 2095636 418 2188871 443 1771379 467 1399419 492 785197 517 947837 542 1541505 566 1606072 591 1132008 616 820181 641 418569 665 595921 690 314022 691 0
1 89
91 3 1065 690 0.9859948875594753 0.12088033907384502 0
19 292 0 293 312176 317 425882 342 443392 366 610676 391 883324 415 1010211 440 1365821 464 948462 489 946885 513 995756 537 867371 562 1063985 586 1956664 611 2116308 635 1115705 660 1056061 684 852127 685 0
2 89 90
92 1 665 560 0.9845935282847884 0.08891883184351823 0
8 412 0 413 721265 438 603147 463 1125438 487 2522400 512 2402449 537 1104458 538 0
0
93 2 1067 403 0.9858328059420334 0.08475569591084388 0
27 40 0 41 2690374 66 2249769 91 1622338 115 1390055 140 1340359 165 1445921 190 970240 215 810878 240 1504913 265 1743384 289 1558464 314 1475000 339 966136 364 919350 389 1068020 413 782498 438 905031 463 650840 488 503967 513 313123 538 216251 563 129666 587 151230 612 176166 637 195800 638 0
1 92
94 2 1488 616 0.984099423909661 0.05036207184216028 0
17 151 0 152 1611024 177 2793529 203 1944953 228 1364762 253 1039887 279 1186779 304 1137463 329 1898151 355 3037139 380 1281204 406 1738970 431 1352232 456 1523911 482 1079528 507 1495112 508 0
1 93
95 3 815 214 0.9885218308839907 0.12060251294584189 0
8 8 0 9 1811798 36 1625326 63 1133819 91 817880 118 677423 145 925918 146 0
1 94
96 3 1085 263 0.9958239885175354 0.055646095607909694 0
27 38 0 39 1352839 64 1490646 89 1551428 114 1395713 139 1391483 164 1520997 189 1297714 214 1085901 239 608955 264 866269 289 772010 314 849267 339 545464 364 671538 389 1310145 414 1479278 439 1250974 464 1267260 489 1365914 514 1073050 539 2322933 564 2692557 589 2862383 614 1881913 639 1725586 640 0
0
97 1 594 585 0.9879993667137761 0.10661551819742984 0
10 424 0 425 1202575 451 886701 477 989912 503 1246552 530 874775 556 1125652 582 1545333 608 2308620 609 0
3 96 98 99
98 3 661 588 0.9986847216782317 0.022183235459121292 0
8 356 0 357 990775 383 1349920 409 1561992 436 652936 462 600152 488 318064 489 0
0
99 2 1391 664 0.9979687545930142 0.03822868777145716 0
9 372 0 373 1509957 397 1857057 421 1163491 445 928559 469 911546 493 1304770 517 1896151 518 0
1 98
100 2 974 400 0.985106933417589 0.09537173255178918 0
7 253 0 254 1184219 279 1184780 305 1451221 330 1399163 355 1846979 356 0
0
101 1 1493 153 0.9928243231119361 0.03856320851154183 0
26 4 0 5 656371 30 990889 54 1362821 79 1156553 104 1378149 128 899620 153 541517 178 508638 202 671658 227 1001366 252 1555580 276 974071 301 920528 325 1410124 350 640006 375 1479461 399 940787 424 1078951 449 907710 473 1075953 498 1140867 523 1483369 547 1048714 572 788650 573 0
1 100
102 3 712 517 0.9913778136613463 0.13608432089697434 0
15 8 0 9 936000 34 1523010 59 2792043 85 2765378 110 1893338 135 1841379 161 2236866 186 1995387 211 1845851 236 2053293 261 1913926 287 1416374 312 1244707 313 0
0
103 3 574 449 0.9809029189918008 0.1292880353747809 0
10 215 0 216 1719624 239 1415558 262 1212917 285 1594191 309 950545 332 1458548 355 942049 378 1323150 379 0
1 102
104 2 1411 597 0.9996078843045798 0.06415635920794628 1
13 297 0 298 909474 324 754700 350 735249 375 773518 401 1378801 427 1904754 453 2361261 479 1669455 504 1302384 530 1161544 556 961687 557 0
0
105 1 1175 694 0.9858499151365393 0.061773392852972314 0
24 17 0 18 693004 43 992909 68 1723262 93 1360030 118 1811675 143 1125756 169 914103 194 768917 219 1096162 244 806874 269 932698 294 1234765 319 1072998 344 1192714 369 998683 394 1232865 420 1825097 445 924367 470 1507325 495 964372 520 1517942 545 1016456 546 0
0
106 1 1473 647 0.9860527267058259 0.09028750454445472 0
26 28 0 29 1383894 54 786996 79 644363 104 489426 129 405193 154 193375 179 292657 204 485815 229 701345 254 625315 279 1095763 304 1123784 329 849521 354 582371 379 586534 404 508298 429 1065263 454 2242366 479 1970249 504 2261671 529 1272496 554 1534604 579 1457424 604 1569648 605 0
0
107 2 1409 537 0.9884358455829637 0.12330364807100312 0
26 92 0 93 3130271 118 2381936 142 1646918 167 1156621 192 1067495 217 1432684 241 1850856 266 1734295 291 1479198 316 2148274 340 2443307 365 3362342 390 2500222 415 1660458 439 2852708 464 2159573 489 1363136 514 1721628 538 1233888 563 1621384 588 1156604 613 808115 637 866183 662 497075 663 0
0
108 1 1194 588 0.9863063282787001 0.042739637258946625 0
29 32 0 33 379527 58 307930 83 345906 108 450689 133 645671 158 691822 183 670537 208 518630 233 649232 258 915079 283 844620 308 661870 333 611659 357 419844 382 399213 407 462661 432 1282705 457 1091780 482 857803 507 1020681 532 1604202 557 1579062 582 1854527 607 2004504 632 2383641 657 1826107 682 2341108 683 0
1 107
109 1 514 227 0.9894778760983817 0.05319946780190546 0
11 337 0 338 1960386 363 1286766 388 1193199 413 1095362 438 2283097 463 1981191 488 2032557 513 1710385 538 2342135 539 0
0
110 1 953 317 0.9810474819711839 0.024180442435857433 0
21 35 0 36 1972427 61 1434414 86 1908423 112 2341114 137 1729025 162 1943642 187 3401490 213 2615613 238 2929080 263 3306806 288 1593103 313 1538148 339 1783899 364 1603551 389 979183 414 959155 440 940664 465 1031843 490 969201 491 0
0
111 2 895 373 0.9895117196175546 0.09372709867145841 0
18 67 0 68 1467491 92 1337256 117 1170640 141 734790 165 1074069 189 942644 214 1685742 238 1650984 262 1419494 286 1562910 311 2087520 335 1802333 359 1460852 383 662229 408 777621 432 632002 433 0
0
112 2 1252 216 0.995228855984773 0.07717175864152524 0
10 466 0 467 1308432 491 1195744 516 877497 540 1263992 565 1314665 589 2106438 614 1196422 638 709274 639 0
0
113 3 528 496 0.9940289405451705 0.059187796694808295 0
20 36 0 37 489846 63 543019 88 367654 114 411527 139 336459 165 343977 191 371236 216 451788 242 938281 267 1064953 293 1169097 318 1228734 344 2571164 370 3251805 395 4226165 421 2563890 446 2780609 472 2825104 473 0
1 112
114 2 795 172 0.9928190924999725 0.06873664518738339 0
17 36 0 37 3401336 63 2576705 88 2443392 114 2349449 139 2055703 165 1791401 190 1771141 216 1748951 242 1915311 267 1381074 293 1090163 318 1462626 344 603225 369 682092 395 550922 396 0
0
115 3 550 153 0.9876802841763223 0.10141852093665785 0
26 83 0 84 130011 109 111189 135 119095 160 118051 186 205459 211 151250 236 97720 262 110542 287 184085 313 229797 338 233218 363 352192 389 638601 414 560537 439 878035 465 1883305 490 2578923 516 1861587 541 2164867 566 1768340 592 2544941 617 1864458 643 1399528 668 1202540 669 0
1 114
116 1 597 17 0.9859813488792494 0.018764327623633465 0
16 166 0 167 443754 193 507102 218 522748 244 493762 269 573881 295 652627 320 1015752 346 904472 371 1036344 397 1826550 422 1696254 448 2030094 473 3160122 499 3595968 500 0
0
117 1 542 674 0.9923499266770122 0.0009996397373619014 0
15 18 0 19 1572318 44 1900872 69 2846773 93 3246269 118 2665532 143 1501635 167 705364 192 441194 217 635828 242 801759 267 674523 291 1025569 316 667322 317 0
1 116
118 3 834 558 0.98032133830448 0.014402398588940046 0
19 86 0 87 454514 112 528856 136 1054385 161 908453 185 1107393 210 1594026 234 1748222 259 1516778 283 1842721 308 2219052 333 2014379 357 1224631 382 1196676 406 1521547 431 1212363 455 1204860 480 1609762 481 0
0
119 1 771 367 0.9932844768980352 0.13153411453941638 0
23 132 0 133 2603088 158 1642692 182 1213741 207 940559 231 1206938 256 1233587 281 1500771 305 889627 330 1113562 354 1104704 379 1795480 404 1073409 428 1230863 453 2402484 477 1736333 502 1562993 527 1222723 551 1226228 576 1164862 600 2374210 625 2763459 626 0
1 118
120 1 531 407 0.9805946513793968 0.03542516656072406 1
10 497 0 498 1650398 521 1411140 544 1791761 567 2446504 591 1515742 614 1609014 637 1638740 660 1665521 661 0
2 118 119
121 3 839 253 0.9963000171185541 0.07217768665033363 0
16 110 0 111 2531855 136 1960993 161 1591665 186 1207907 211 1419647 236 904013 261 1225947 287 1505488 312 1248604 337 1113145 362 1272200 387 1169745 412 1272783 437 2485247 438 0
0
122 2 1479 516 0.9937562487201622 0.12234397723283387 0
22 91 0 92 1259828 116 1905752 141 1419547 165 2531183 189 2378366 214 2461109 238 1981402 262 1232385 287 1356696 311 908875 335 812449 359 893320 384 834461 408 1275721 432 1548108 457 1186906 481 1432345 505 1395873 530 2395519 554 2971931 555 0
1 121
123 3 1480 213 0.9939687984183975 0.13564228311568577 0
25 116 0 117 1486429 142 1218933 166 1066307 191 1433192 216 1233324 240 1665542 265 1694773 290 1804962 314 1852563 339 2295081 364 2332927 389 1857481 413 2177714 438 1745038 463 1610679 487 1420794 512 1706575 537 1324519 561 1747663 586 1890353 611 1058316 635 1159401 660 1822747 661 0
0
124 2 1316 146 0.9836279270625379 0.010850679618184417 0
9 11 0 12 1551925 35 1980467 59 1671125 82 1377218 105 1304001 129 2199223 152 2715610 153 0
1 123
125 1 610 84 0.989649840601565 0.02426708793665393 0
13 459 0 460 495329 484 799840 508 984969 531 1645070 555 1193251 579 905100 603 896503 627 906820 650 1387009 674 1916500 698 1671218 699 0
0
126 1 955 137 0.9952142106982506 0.05670572692306134 0
11 57 0 58 1336875 83 1781467 108 1407009 133 1562147 158 1847949 183 1961636 208 1153210 233 1687845 258 2300677 259 0
0
127 2 829 255 0.9853171996422795 0.1356682737689731 0
28 61 0 62 196625 87 491602 111 618656 136 540844 160 552565 185 473625 210 506550 234 792459 259 1072571 283 804537 308 1431744 333 1081274 357 711958 382 428569 406 396255 431 493981 456 772595 480 993344 505 1044967 529 1423341 554 1499267 579 1866983 603 1663227 628 1591161 652 1546278 677 1219966 678 0
1 126
128 1 800 468 0.9983068577401853 0.07030684836420575 0
24 150 0 151 1021277 176 1950023 201 1820651 225 2009254 250 1648521 275 863369 300 1039550 325 732737 349 748757 374 982654 399 1018470 424 956927 449 760807 474 497103 498 751984 523 995546 548 1479476 573 1491412 598 1804004 622 2251971 647 2457415 672 2985535 673 0
0
129 1 1478 675 0.987067656909551 0.10807291975569065 1
13 45 0 46 1289877 71 1134694 96 2029956 121 1475170 146 1815531 171 2003735 197 1603588 222 1536634 247 2924729 272 1754491 297 916872 298 0
1 128
130 1 1217 566 0.9823636156883473 0.12274352398318596 0
25 158 0 159 182053 183 210548 208 288065 233 338299 257 972871 281 1069729 306 1113657 331 823708 355 569164 379 973213 404 1157978 429 1478325 453 1392331 477 1410091 502 1082816 527 667589 551 1243367 575 2108501 600 3344166 625 3132190 649 4154953 673 3264874 698 3158203 699 0
1 129
131 1 996 251 0.9864421990623234 0.10835957582293534 0
27 10 0 11 5934267 36 5240936 60 3235117 85 1991855 109 1379458 134 789306 159 363042 183 290146 208 208206 232 328214 257 256337 281 346228 306 281548 331 150028 355 98591 380 80901 404 93537 429 43203 453 56545 478 48481 503 35216 527 57710 552 69695 576 79987 601 58693 602 0
0
132 2 779 663 0.9871955248622357 0.08616873678975105 0
19 103 0 104 1084655 129 1067814 153 2089403 177 1975785 202 1760758 227 1778120 251 2286201 275 1594431 300 857730 325 952373 349 985704 373 1058154 398 1252508 423 1260392 447 871682 471 1018768 496 713166 497 0
0
133 3 830 322 0.9929022980188559 0.11287040944885696 0
9 30 0 31 470895 57 698218 83 788392 109 1545646 135 1453314 161 1782838 187 1615269 188 0
0
134 1 612 443 0.9811445799178664 0.054555261313355204 0
19 256 0 257 1517242 281 1633681 306 1909828 330 1520536 355 1977140 379 1399306 404 1515509 428 997560 453 1170386 477 1332611 501 727283 526 812008 550 403601 575 182204 599 178098 624 211244 648 260338 649 0
0
135 2 740 217 0.9972936799290054 0.07296745643929363 0
11 399 0 400 985488 426 1328609 451 1312145 477 1623746 503 1428305 528 607652 554 621752 579 771064 605 642756 606 0
1 134
136 2 1437 567 0.9852519781303238 0.03378377808000072 0
22 147 0 148 1464848 173 1328985 198 2047288 223 1310813 248 1633173 272 1500599 297 2371449 322 2056807 347 1376023 372 1300881 397 1092414 422 1767914 447 2476375 472 1594082 497 1345525 521 1021803 546 1309666 571 1461702 596 1498567 621 1452421 622 0
0
137 1 1366 647 0.9825615770166783 0.10754266484824411 0
21 210 0 211 361319 235 381242 260 493792 284 856086 308 825954 333 1057338 357 1500751 381 1615797 406 1264486 430 980009 454 913508 479 1470927 503 2352768 527 2642452 552 2581396 576 3108739 600 2869241 625 2518037 649 1831811 650 0
1 136
138 3 1349 236 0.9911168215644924 0.05255807986822656 0
12 289 0 290 1394484 315 1335952 341 1670727 366 2311590 391 1804202 417 2219832 442 1970901 467 1826738 493 1430220 518 2128831 519 0
1 137
139 3 840 93 0.9979831358917012 0.1278860339684366 0
31 0 0 1 1261031 26 1162673 51 754675 76 603218 101 538124 125 633249 150 671749 175 845034 200 1222499 225 1371053 250 1122651 275 1468050 300 1466478 325 2123214 349 3313796 374 3339896 399 2305902 424 2076295 449 1559869 474 1015975 499 892394 524 878781 549 533476 574 795774 598 570143 623 365910 648 548746 673 607707 698 422015 699 0
0
140 2 1197 163 0.9938802389839434 0.011687491841706138 0
9 493 0 494 2249166 518 2211181 542 2418376 565 2352863 589 1585636 613 1057373 637 946917 638 0
1 139
141 3 559 536 0.9820696653470163 0.055507220224514355 0
9 72 0 73 585858 99 888581 124 1485480 149 1365919 175 1555493 201 1194130 226 2086688 227 0
0
142 2 574 458 0.9878142125366077 0.07624714418099678 0
23 49 0 50 2141412 76 2557207 101 2327950 127 1920324 152 916018 178 997950 203 1383505 229 1601422 254 1754671 280 1289760 305 1475325 331 1418836 357 1134554 382 976934 408 1039553 433 1037562 459 1184595 484 934558 510 930131 535 929834 561 687897 562 0
0
143 1 800 4 0.9878925641314392 0.06718776045643002 0
26 18 0 19 534200 44 578761 69 575693 94 834591 119 705527 144 877549 169 889010 194 866792 219 946451 244 775058 269 921711 294 1298789 319 1545653 344 2403678 369 2401512 394 2297082 419 1054086 444 1383890 469 1575021 494 1064200 519 673924 544 605591 569 716178 594 848740 595 0
1 142
144 3 1291 517 0.987210149245011 0.07801242002844293 0
13 119 0 120 1306434 145 1490802 170 3338263 195 2273281 220 2226100 245 906907 270 1760201 295 2074224 320 1360042 345 1084809 370 694786 371 0
0
145 2 647 354 0.9919420673584007 0.13625666596576966 0
21 32 0 33 508729 58 920689 83 710029 108 708114 133 1371863 158 1136626 183 1578599 208 1827377 233 1860771 257 3222860 282 3209040 307 2528586 332 1522982 357 1090667 382 844473 407 1377966 432 938796 457 1216882 482 1974886 483 0
1 144
146 1 1372 497 0.9974599628096515 0.1283904999976323 0
10 436 0 437 2249342 463 2205572 490 1144618 516 1005231 542 1262942 568 1634116 595 1177244 621 1103342 622 0
0
147 2 1116 667 0.9850603221367982 0.06417584226291702 0
24 58 0 59 203468 84 342257 109 535696 134 752537 159 1070253 184 2369801 209 956846 234 524809 259 1015495 284 1525634 309 1885682 335 2064291 360 1010586 385 805586 410 1047991 435 1019301 460 862944 485 944996 510 893783 535 1109366 560 828260 585 584258 586 0
1 146
148 2 834 14 0.9896292822245104 0.001046020036064882 0
24 101 0 102 529955 127 374007 152 255757 177 217355 202 237489 227 390435 252 601171 277 1055719 302 1838855 327 1901946 352 3637792 376 2088336 401 1170555 426 2596631 451 1882755 476 1180122 501 578605 526 528802 551 829758 576 510486 601 489956 626 414053 627 0
0
149 2 881 202 0.9832057638731817 0.1242767522614938 0
19 209 0 210 2081157 235 2477938 260 1592962 285 1153153 310 745385 335 924807 360 1822517 385 1441293 410 1033863 435 1279248 460 1340111 485 2249413 510 1440565 535 1356728 560 1155635 585 898857 610 1072404 611 0
1 148
150 1 1175 691 0.9963345409873436 0.005054199812509924 0
8 447 0 448 3049444 475 2690596 501 1335013 528 730734 554 471485 581 634520 582 0
0
151 1 921 401 0.9917487511429027 0.047198584547415504 0
12 13 0 14 2090548 40 960624 65 975716 91 543881 117 784429 142 1221892 168 1023143 194 780665 219 959265 245 1740976 246 0
0
152 3 1001 358 0.9821543286391254 0.08801434403993123 0
27 98 0 99 735343 124 591492 149 695091 174 1010011 199 1013328 224 1276848 249 1235699 274 697249 299 540040 324 454545 349 630590 374 517782 399 755197 423 2098091 448 2618753 473 3581765 498 1657981 523 955887 548 1872168 573 3324563 598 2499352 623 2089070 648 2472995 673 4224844 698 3751230 699 0
1 151
153 3 1248 19 0.9872626345573788 0.09916063818516381 0
23 180 0 181 1942238 206 1732108 230 1389646 255 1408959 280 989225 304 1597289 329 1496342 354 885564 378 622792 403 863854 427 909390 452 926767 477 1294944 501 1609255 526 2110324 551 1679751 575 1553203 600 1760674 625 1452311 649 2010644 674 2434034 675 0
0
154 2 1231 484 0.990001399687842 0.09288259119447116 0
19 276 0 277 942618 302 580389 326 739692 351 1015282 375 699417 400 763910 424 1133491 449 1309253 473 1413741 498 1256825 523 1428995 547 2084130 572 1597038 596 2448614 621 2122267 645 1980581 670 1265455 671 0
0
155 2 744 159 0.9851626731078199 0.0681796669083244 0
9 125 0 126 877151 149 1126001 172 1748889 195 1612926 218 1262284 241 1572132 264 1083905 265 0
2 154 157
156 2 853 60 0.9946892522139725 0.14735651885029738 0
14 80 0 81 2211122 106 2209533 131 1815438 155 3884070 180 2593736 205 2099208 230 1890012 255 1176588 280 669527 304 390198 329 605945 354 422597 355 0
0
157 1 1009 203 0.9866873524217954 0.07804003386477289 0
30 6 0 7 1403433 32 881834 57 1121951 82 1390438 107 1661937 132 2016642 157 2682616 182 1799873 207 2259064 232 1642615 257 1716660 282 876689 307 889534 332 733010 357 743021 382 1075351 407 948558 432 709023 457 754429 482 718816 507 540920 532 635896 557 561578 582 593980 607 565819 632 453990 657 501389 682 659223 683 0
1 156
158 3 515 282 0.9987844025847384 0.09146078542568796 0
9 55 0 56 1266852 83 652678 109 1141511 136 1581507 163 2022416 189 1453808 216 776671 217 0
0
159 3 521 616 0.980642959807627 0.10349947023280384 0
12 477 0 478 1757184 502 1112476 526 1370990 550 1936045 574 1268465 598 1065802 622 706610 646 1018853 670 550254 694 685096 695 0
2 158 160
160 2 533 402 0.9855130085619033 0.14988661787157426 0
18 22 0 23 2763595 48 1894140 74 1629324 99 1257363 124 1068098 150 1080759 175 997594 200 472092 226 317068 251 266260 276 276290 302 168568 327 248497 352 195450 378 147785 403 134749 404 0
0
161 3 725 442 0.9804162806040743 0.04998729841132142 0
12 37 0 38 619172 62 292347 86 275954 110 483171 134 775454 159 490828 183 937727 207 1073264 231 1251725 255 2801641 256 0
0
162 2 1188 536 0.9881363179013886 0.13740504313030777 0
15 182 0 183 1127268 207 1084423 231 2102056 255 3005020 279 2147535 303 1677214 327 2148744 351 1610148 375 2960166 399 1694835 423 1239520 447 1468157 471 829760 472 0
1 161
163 3 519 461 0.9844716433036516 0.10784129403294535 0
19 264 0 265 571498 290 627697 314 807221 339 822235 363 693026 388 790578 413 874381 437 1736126 462 1414771 487 1697379 511 1702085 536 2149916 561 1937225 585 1521739 610 1302741 634 1348506 659 1429723 660 0
0
164 3 512 572 0.9811620895805626 0.00692304823588476 0
24 73 0 74 382875 99 455439 123 805245 148 923798 172 841080 197 972561 221 1346984 246 1891222 271 1747896 295 1719303 320 2235722 344 2932684 369 3042256 393 3095066 418 1735060 443 1852716 467 1613088 492 2936515 516 3122934 541 1394680 565 1617735 590 1700596 591 0
2 163 165
165 1 564 321 0.9889987168452701 0.013396960365636779 0
28 60 0 61 3080292 86 1637030 111 698079 135 884722 160 1082571 185 1148095 210 1178434 234 1038049 259 1023816 284 936797 309 1275675 333 1265003 358 1557144 383 1737444 408 2473982 432 1848735 457 2449013 482 936670 507 1092652 531 1295541 556 1194470 581 1391630 606 875621 630 744751 655 590852 680 520705 681 0
0
166 3 1316 435 0.9821665327485049 0.009395552419844732 0
20 221 0 222 593096 247 427514 273 497103 298 699482 323 651872 349 521913 374 759496 399 614639 425 658155 450 1089103 476 786148 501 860736 526 453430 552 726078 577 1181249 602 2038783 628 2058233 653 1733324 654 0
0
167 2 1166 313 0.9856996963744424 0.017921533409190782 0
15 237 0 238 768586 263 432121 288 501182 313 654925 338 625110 363 601128 387 1014238 412 914129 437 1205618 462 2078078 487 1692083 512 2555665 537 2538873 538 0
0
168 3 1482 347 0.9881798270980093 0.03293481023079813 0
8 151 0 152 1094222 175 1360779 197 1072033 220 1647677 242 1768055 265 2572128 266 0
0
169 2 1296 487 0.9943475707632052 0.0808729787613503 0
26 57 0 58 2872473 83 1673964 108 1353028 133 1015027 158 1016664 183 1313665 208 1680347 233 1616138 258 2047500 283 2586607 308 1695354 333 1916245 358 1933692 383 982620 408 1264960 433 1275904 458 1091177 483 1055203 508 459272 533 466523 558 370206 583 171217 608 88110 633 142332 634 0
1 168
170 2 1203 500 0.9972900530245891 0.030422472646738422 0
21 218 0 219 1133769 244 870060 269 1197572 294 1417968 319 2088590 344 2465779 369 2297103 394 2866784 419 3097792 443 2110149 468 1906327 493 2561502 518 2062383 543 2317086 568 1324003 593 699595 618 903073 643 745121 668 1073160 669 0
1 168
171 3 858 183 0.9964948283723344 0.06241917638492156 0
29 2 0 3 521180 28 683585 53 694203 79 839538 104 946950 129 900483 154 765834 179 878436 205 860406 230 797236 255 825310 280 1016260 305 964345 331 744743 356 759529 381 427394 406 337849 431 631464 456 670307 482 956210 507 1426748 532 1866101 557 1650003 582 1945850 608 1577187 633 1350894 658 947534 659 0
1 169
172 3 1100 656 0.9875013693399299 0.13882937766989623 0
18 13 0 14 1840637 39 1040744 64 1021201 89 1058690 114 886911 139 809195 164 1305912 189 1092666 215 1421094 240 1615890 265 1265663 290 1644192 315 1688386 340 1891155 365 1869498 390 1752364 391 0
0
173 1 1446 472 0.9914213982003797 0.015046173980335736 0
16 198 0 199 1697152 225 1907087 250 1497095 276 2272974 301 2070310 327 1662413 352 1363120 378 957830 403 743757 429 809332 454 646609 480 602029 505 929893 531 882150 532 0
1 172
174 1 697 87 0.9854672555833415 0.12942575483573976 0
16 320 0 321 3175471 345 3331804 370 2039529 394 1125888 419 1210964 443 1135710 468 937991 492 828381 517 911324 541 549653 566 426116 590 452925 615 331760 639 427895 640 0
1 173
175 1 1084 107 0.9988034198945633 0.14304351329360324 0
8 341 0 342 2190814 365 2059146 387 1247769 410 1191224 432 1412058 455 2364795 456 0
0
176 1 844 449 0.9829818119480754 0.06526911835726647 0
7 256 0 257 1414766 283 1521837 309 2730739 336 2015626 362 1861746 363 0
2 175 177
177 1 791 372 0.980938032311585 0.1334581505709082 0
8 500 0 501 502362 528 766962 555 789188 582 1216505 609 1956243 636 2143241 637 0
0
178 2 1248 579 0.999173127829399 0.11230374600388916 0
17 290 0 291 773895 316 693121 341 780638 366 1502439 392 1985411 417 2340364 442 2107054 467 1868118 492 1148010 517 1726715 542 1793821 568 2049181 593 1333127 618 1407537 643 577138 644 0
1 176
179 2 568 57 0.9865701778004368 0.1282711993452179 0
14 263 0 264 403126 289 554776 314 496250 339 569627 364 1037085 389 1033487 413 1313813 438 2019196 463 2419158 488 3497207 513 3208549 538 2419149 539 0
0
180 1 761 289 0.9891197056309842 0.01963912945948811 0
17 49 0 50 608193 75 1235780 100 1532903 125 948499 149 1582053 174 2049639 199 1716367 224 877195 249 1001020 274 1168757 299 1710788 323 2302221 348 1723001 373 2465129 398 3204426 399 0
1 179
181 1 1361 539 0.9986819502034409 0.050667013077793324 0
8 115 0 116 449542 142 671362 168 1084018 193 792003 219 2094427 245 1646218 246 0
2 179 180
182 3 778 299 0.9973495331345937 0.13246068712552883 0
30 1 0 2 1749275 27 1395268 52 1908127 77 1531037 101 2438205 126 3996542 151 4246326 176 3120911 201 2752150 226 2549558 251 1826611 275 1502787 300 1271226 325 1147060 350 1898746 375 2114095 400 1482320 424 1286045 449 957521 474 567105 499 483258 524 428272 549 318734 574 508088 598 423537 623 351323 648 444014 673 412458 674 0
1 180
183 2 751 626 0.999429283454738 0.10538187412545112 0
9 186 0 187 1059894 212 1589370 237 1099504 262 883691 287 1166225 312 1431713 337 1888137 338 0
0
184 1 1173 188 0.9965458346412054 0.09413806939329995 0
12 302 0 303 2267973 329 1611232 355 907908 382 1262498 408 1251633 434 1209097 460 1414614 487 986310 513 788383 539 1252206 540 0
0
185 3 1454 668 0.9933882303145003 0.04429162043148619 0
26 32 0 33 608483 58 710433 83 839766 109 716713 134 883427 159 1898271 184 1873502 209 1556269 234 1239787 260 1265302 285 1444232 310 1441922 335 1019427 360 1117916 385 1097232 411 853101 436 256078 461 297990 486 434968 511 263112 536 454295 562 492342 587 412777 612 385078 613 0
0
186 1 1297 391 0.9855954409744049 0.12267128086296605 0
10 515 0 516 3898396 539 2899171 563 1245239 586 831044 609 664366 632 897414 656 983178 679 793138 680 0
1 185
187 1 1066 298 0.9967719696069145 0.02485356362845677 0
23 194 0 195 538802 220 851193 245 2198256 270 2697464 295 1220110 320 1224969 345 729898 370 1010600 395 1017403 420 968629 445 1159469 471 488588 496 588297 521 1061760 546 1060545 571 1272550 596 1164204 621 987532 646 1284316 671 2623667 696 2162166 697 0
1 186
188 3 856 247 0.9822301921361001 0.0981149966892384 0
9 468 0 469 1219186 495 1460599 520 1185658 545 1557040 571 1828664 597 1565732 622 1244463 623 0
0
189 1 588 67 0.9961502313879476 0.012870358112524983 0
21 73 0 74 307613 100 288535 125 417808 151 847551 176 727585 202 1005053 228 599608 253 909202 279 1201860 305 1896593 330 1046244 356 643586 381 728766 407 1244047 433 1990381 458 2201253 484 2102754 509 2794755 535 3344443 536 0
1 188
190 2 1223 661 0.9927046530752116 0.06370690812137834 0
7 499 0 500 771106 527 739373 553 1088276 579 2246078 606 1770752 607 0
1 189
191 3 569 639 0.9973419265285356 0.07662422128185205 0
22 148 0 149 1723137 174 2275261 199 1839092 224 1410952 249 877794 274 1231674 299 2053930 324 1035176 349 1179279 374 1537403 398 1479571 423 1413517 448 1652767 473 1973351 498 1167307 523 1545364 548 2121219 573 2654684 598 2776152 623 3861611 624 0
0
192 3 752 676 0.9890615342177846 0.14390082050547978 0
23 193 0 194 321398 219 514387 244 833839 269 1070892 294 862513 319 590259 343 819549 368 737689 393 612235 418 747926 443 777098 468 1441634 493 1803256 518 1756423 543 2413757 567 2759401 592 2208577 617 1297503 642 2036319 667 1777798 692 2589330 693 0
1 191
193 3 1034 373 0.9863355223194429 0.048190383961269796 0
19 265 0 266 2543352 290 2037976 315 1374638 339 1292944 363 1104636 388 1107182 412 1295061 437 1485794 461 807683 485 581846 510 506230 534 427212 559 578496 583 469062 607 595400 632 480886 656 813536 657 0
1 192
194 3 1379 618 0.9816596666983507 0.060874362210855175 0
14 284 0 285 2442986 310 1468672 334 1383277 359 948945 384 777011 408 859036 433 634371 457 570790 482 509670 507 561272 531 342741 556 351277 557 0
2 192 193
195 3 867 196 0.9956775431939905 0.018015626084097063 0
8 157 0 158 1005999 185 1184192 212 1848897 240 1674887 267 2007964 294 3050515 295 0
0
196 1 1391 125 0.9962058173083865 0.08153704980627073 0
17 25 0 26 1151277 51 1211377 76 1151659 100 526040 125 386195 150 332272 175 582491 199 523837 224 768821 249 1545286 274 1900232 299 2282253 323 2328832 348 3619406 373 2997701 374 0
0
197 3 1200 415 0.9874094447984393 0.03757157465259857 0
21 131 0 132 1884818 157 2204155 182 829349 207 749511 232 791139 256 573992 281 620947 306 763734 331 1040503 356 1032123 381 1145236 406 1117646 431 1192993 456 1322729 480 1020849 505 1228227 530 1396855 555 1501666 580 2143878 581 0
0
198 3 1202 95 0.9841208175444335 0.03208303598688327 0
14 34 0 35 308158 60 585736 85 859364 110 616754 135 609255 160 536575 184 490856 209 1015916 234 1755972 259 1950757 284 2416641 309 3150634 310 0
1 197
199 1 778 652 0.98110903574956 0.0474735220362892 0
22 63 0 64 2419026 89 2050765 114 3677561 139 1595572 165 1396953 190 1457398 215 1387954 240 1183395 265 1530776 290 892041 316 1183226 341 1452976 366 924766 391 933951 416 1071892 441 1018700 467 1226894 492 1444115 517 1247577 542 1579735 543 0
1 197
200 2 978 94 0.9845081514199105 0.11258656867753923 0
27 34 0 35 3188250 60 2586516 86 2126500 111 1432955 137 1471099 162 1203544 188 594093 213 782344 239 825096 264 947286 290 837079 315 963703 341 1175015 366 1313248 391 987886 417 864578 442 890799 468 921990 493 993902 519 1518487 544 2032763 570 1419126 595 1240394 621 1413885 646 1722720 647 0
0
201 2 780 360 0.993724880797839 0.1408341556018933 0
30 7 0 8 4186944 33 2529929 58 2047448 82 1854955 107 1820741 132 1605736 157 1268082 181 1505712 206 1414876 231 648576 256 697579 281 766621 305 581313 330 507799 355 487593 380 1094993 404 426940 429 492157 454 460806 479 702853 504 432360 528 610266 553 929065 578 677623 603 697577 627 916608 652 346878 677 284219 678 0
1 200
202 2 796 71 0.9989250037476411 0.017817703062622918 0
27 28 0 29 1569679 54 1840662 80 1482494 105 1490394 131 1465329 156 920873 181 1494558 207 1469739 232 1483438 257 1244073 283 1313112 308 1686719 333 1300586 359 1447048 384 801273 410 1095724 435 995395 460 960053 486 992635 511 1542157 537 1923007 562 2045491 587 1376892 613 1321900 638 1376076 639 0
1 201
203 2 1064 431 0.9871250259830489 0.0031907646070271412 0
17 240 0 241 574446 266 685369 291 617599 316 622913 341 660450 366 1157950 391 1205080 415 2335474 440 2529925 465 3819465 490 2876526 515 1892145 540 1609113 565 1462107 590 1396275 591 0
0
204 3 1042 653 0.9906361845163516 0.09349997946403714 0
28 40 0 41 154155 66 124075 92 140725 117 129253 142 137355 168 186260 193 198872 218 226752 244 370107 269 645625 294 815432 320 1310428 345 1707312 370 2008504 395 1242149 421 2102077 446 2500456 471 2864543 497 1879228 522 2271620 547 2373356 573 1442254 598 1851395 623 1574730 649 1169977 674 625881 675 0
1 203
205 1 508 307 0.9944272160962542 0.13481464428455078 0
16 243 0 244 1049947 268 1763024 293 1575958 317 2134538 342 3716372 366 2158409 391 2070628 415 2049878 440 1271792 464 1868242 489 1484756 513 934208 538 1199332 562 954018 563 0
0
206 2 1238 169 0.9974017155709053 0.06381152283689914 0
25 4 0 5 2568624 30 2719518 55 2623077 80 1733024 105 2316412 130 1053782 155 881679 180 967126 205 842522 230 982220 255 736637 281 779207 306 725334 331 753468 356 517089 381 480110 406 593987 431 497817 456 441567 481 381720 506 596562 531 384110 556 508729 557 0
2 205 207
207 1 852 494 0.9905328437041876 0.10119589918597027 0
25 84 0 85 307784 110 748984 135 790892 160 911185 185 1051485 210 495852 235 345877 260 532846 285 345215 310 296284 335 436845 359 399113 384 1033719 409 1178489 434 1237236 459 1987687 484 2789921 509 3054861 534 3693600 559 3548725 584 3070010 609 2634261 634 2117431 635 0
0
208 3 541 181 0.993241476295897 0.02184040240123361 0
27 57 0 58 2245050 83 1946963 107 3511335 132 1803425 157 1116244 182 884676 207 1088923 231 1020988 256 734073 281 671094 305 434141 330 378814 355 354817 380 532775 405 385593 429 638290 454 302066 479 200851 503 187647 528 178221 553 318001 578 347610 603 341757 627 252223 652 256840 653 0
0
209 2 819 647 0.9910867397772454 0.07133577735074238 0
8 211 0 212 841757 234 1256420 257 1879905 279 1110860 302 1478740 324 1358216 325 0
0
210 2 774 177 0.990720015407942 0.1321190319341607 0
29 9 0 10 1047102 35 1428229 60 2203481 85 1382789 109 1194994 134 1312929 159 1133134 184 1453685 209 755455 234 1349363 258 1341824 283 1904552 308 2562267 333 1690933 358 1062227 383 1638095 408 1774489 432 1411416 457 1492302 482 1513304 507 554100 532 597929 557 952437 581 970129 606 1134767 631 862773 656 404756 657 0
1 209
211 1 959 202 0.9956931761194481 0.07767179674718656 0
16 131 0 132 732881 157 745588 181 1105368 206 1573627 230 1527016 255 1291449 280 2855147 304 3401447 329 2841257 354 2614042 378 1907247 403 1385724 427 966496 452 1675758 453 0
0
212 1 1411 286 0.9984821218675796 0.033862136928228516 0
19 85 0 86 3240788 111 2856635 136 2556187 161 1611179 186 1066786 211 972672 236 709936 261 922279 285 815752 310 902657 335 488221 360 453182 385 385332 410 458171 435 338890 460 385528 485 615527 486 0
2 211 210
213 1 1066 8 0.9923240444204443 0.12621227458360867 0
30 13 0 14 1578443 39 3355874 65 2741291 90 1832543 115 2585587 140 1477886 166 1029594 191 636655 216 610537 242 524555 267 690531 292 551017 318 530470 343 544541 368 379293 393 355433 419 487786 444 469357 469 1012274 495 835477 520 494815 545 606874 571 706205 596 461779 621 296153 646 457930 672 531914 697 850926 698 0
0
214 2 1018 149 0.9963639458981609 0.04162990547122947 0
10 228 0 229 1770147 255 1013058 281 1043845 307 1624361 334 1602730 360 1932455 386 1688130 412 1503635 413 0
1 213
215 2 687 236 0.9961759809060264 0.06365495104087594 0
27 28 0 29 1787940 54 1491454 79 1640266 104 1512791 129 1308535 155 1567327 180 1175415 205 2595066 230 3888945 255 2532478 280 2187711 305 1814733 331 1636626 356 1482464 381 1489669 406 1549716 431 1210209 456 800313 481 979343 506 1903876 531 1240933 557 1534806 582 1302524 607 1069266 632 1489384 633 0
2 213 214
216 2 1186 88 0.9942152971384208 0.10450981613428566 0
26 26 0 27 5292786 52 4118182 77 4722101 102 3093049 127 2429104 152 1584280 178 1756574 203 1365893 228 1170125 253 1003311 278 888091 303 595051 328 605398 353 293188 378 318273 403 380135 428 272549 453 263525 479 458575 504 288325 529 223876 554 367198 579 478649 604 391308 605 0
0
217 3 722 313 0.9917730371614737 0.0023112650259677404 0
18 111 0 112 733126 137 626784 163 538430 188 1312290 213 1292135 239 1424808 264 1348794 289 755803 315 847559 340 1106103 365 1025139 391 1023173 416 1976653 441 1869606 467 1987250 492 1819641 493 0
1 216
218 2 629 51 0.9985152168986028 0.0537433839719409 0
24 16 0 17 385247 42 384668 66 383690 91 339556 115 464565 140 502494 165 520358 189 610566 214 673355 239 1058686 263 1171694 288 1284486 312 803737 337 1947123 362 1860803 386 1038573 411 2027047 436 3880568 460 4121413 485 3220723 509 2154368 534 2294464 535 0
0
219 2 516 241 0.982405213314083 0.05107155130699958 0
25 79 0 80 744466 105 505815 129 729701 154 259873 179 311926 204 417549 228 317912 253 337407 278 488875 303 713015 327 874686 352 1075590 377 1456146 401 816768 426 986465 451 1333044 476 2780822 500 1604414 525 2154037 550 3275290 575 3495823 599 3018577 624 4206013 625 0
1 218
220 2 1436 143 0.9999917617161479 0.04796490838005057 0
28 41 0 42 4070697 67 2516786 92 2212821 117 3369572 142 2781733 168 1866823 193 1554282 218 1259426 243 1153018 268 680574 293 271118 318 345665 343 141193 369 117426 394 75323 419 65797 444 56990 469 75572 494 126593 519 175873 544 195055 570 310684 595 311384 620 301287 645 265530 670 217842 671 0
1 219
221 1 1022 382 0.9836268922000876 0.09143431550352109 1
16 125 0 126 575688 151 464585 176 710278 201 687663 227 978698 252 571271 277 836086 302 898078 327 1232217 352 1100597 378 1870972 403 2700880 428 1520455 453 1365274 454 0
0
222 2 664 281 0.9897453170723862 0.049058664248355734 0
26 75 0 76 1146579 101 930030 126 555759 152 455223 177 760858 202 527290 227 439804 252 530142 277 527955 303 564790 328 470655 353 607164 378 917150 403 1239693 428 610237 454 444159 479 696303 504 1081749 529 2284266 554 1768472 579 3031613 605 2568334 630 2454971 655 1853372 656 0
0
223 2 865 417 0.9851764751006006 0.032004790676794855 0
20 33 0 34 838791 60 657207 85 622335 111 851581 136 658556 162 719271 187 565415 213 854380 238 915889 264 1307249 289 1387360 315 1648890 340 2278728 366 2305943 391 3037302 417 1588207 442 1625646 468 1716691 469 0
0
224 2 1473 297 0.9816626958355665 0.14019327163025935 0
13 125 0 126 2218864 150 1775930 174 1588627 198 1483102 222 1658071 246 1507749 270 1489973 294 1474266 318 1036322 342 1005868 366 909026 367 0
1 223
225 1 1420 382 0.9885466440308577 0.054789246317266754 0
9 182 0 183 788530 206 595953 229 520977 251 943456 274 1033444 297 1706801 320 2310249 321 0
0
226 1 760 517 0.9959402353074082 0.08686329880579806 0
24 3 0 4 550083 29 921429 53 916758 78 777933 103 1145461 128 581566 152 900839 177 590806 202 625299 226 964648 251 782100 276 691004 301 1278492 325 1322420 350 1930064 375 1745979 399 1923034 424 1989830 449 1682949 474 1264111 498 1483349 523 1235303 524 0
1 225
227 1 1339 190 0.9822113770801807 0.04702763319923726 0
9 267 0 268 1410591 294 1582472 321 1123598 347 1093635 373 1140326 400 725690 426 578671 427 0
1 226
228 1 1069 122 0.9832063230792286 0.005706194889825822 0
15 140 0 141 3031200 165 2553226 189 2994798 213 2066644 238 1510740 262 695036 286 493983 310 681039 334 719138 359 837061 383 860702 407 482818 431 331274 432 0
0
229 2 1454 22 0.9869750570640824 0.10809255350397136 0
24 49 0 50 1561725 75 1606775 101 1697503 126 1115624 151 918590 176 1084191 202 769623 227 1106799 252 862216 278 1340147 303 1188626 328 991494 353 963621 379 567559 404 611723 429 738973 455 632578 480 937069 505 950638 530 1209770 556 921521 581 738125 582 0
0
230 1 1122 433 0.991514769184233 0.02394160588473625 0
29 7 0 8 2870115 33 2586263 59 2216451 84 2416550 109 1595016 135 1190709 160 1271707 185 798419 210 708287 236 692513 261 472269 286 421887 312 493425 337 537662 362 419411 388 292667 413 268478 438 156730 464 137344 489 132691 514 76463 539 58835 565 65340 590 42537 615 28823 641 33562 666 23593 667 0
1 229
231 2 1498 458 0.9929224798218442 0.12413089400546619 0
24 28 0 29 492820 54 727409 78 597202 103 772025 127 856325 152 1049935 176 1453518 201 926397 226 1084257 250 1487372 275 970478 299 733245 324 796350 348 1335855 373 1314329 398 1240558 422 1141427 447 964372 471 770484 496 589500 520 958874 545 922215 546 0
0
232 2 1006 509 0.998026885851873 0.10015539818697372 0
14 298 0 299 1906387 324 1587295 349 1543306 375 1435436 400 1233916 425 1109957 450 1175289 475 635666 500 727395 526 573720 551 566816 576 346598 577 0
2 231 233
233 2 569 447 0.9885138782296709 0.04945920875709617 0
28 49 0 50 266230 75 412957 99 553539 124 501863 149 693345 173 725257 198 587410 223 857998 247 800539 272 601109 297 437167 321 343101 346 301170 371 584754 396 818236 420 766218 445 1752986 470 1502003 494 1212392 519 765152 544 702947 568 966207 593 1689595 618 1894226 642 1810296 667 2046614 668 0
0
234 2 1241 424 0.9922072830865455 0.07812585072168865 0
24 46 0 47 593143 72 992434 98 651984 123 723715 149 861251 174 1997266 200 2421453 225 3322761 251 4689508 276 4121795 302 2588817 327 2284830 353 1798581 378 1158710 404 630009 429 936716 455 897412 480 788733 506 968594 531 565452 557 537998 582 363697 583 0
0
235 3 1484 559 0.9992656707858362 0.01730279579260107 0
22 40 0 41 273115 67 199905 92 306622 118 561300 143 806945 169 814419 194 833290 220 1006303 246 923073 271 1364929 297 904292 322 1202800 348 956289 374 2222206 399 1730650 425 1105011 450 749119 476 1503586 501 1987401 527 3337986 528 0
1 234
236 3 608 591 0.9883500570888092 0.08989904121046487 0
11 335 0 336 2540665 361 1972286 387 1924536 413 1569363 438 1223156 463 725839 489 954134 515 1464999 540 752952 541 0
0
237 3 762 115 0.9869954175300957 0.06205662027858406 0
30 28 0 29 144732 54 151259 78 196120 103 259671 128 263462 153 358085 177 355383 202 289749 227 725750 252 784543 276 959629 301 937901 326 1136788 351 1267440 375 1459870 400 1342862 425 1447103 450 2319454 474 2238112 499 2015543 524 1755063 549 932764 573 834875 598 849765 623 861832 648 782412 672 253042 697 168998 698 0
0
238 2 667 464 0.9927569360789732 0.08714274906931664 0
24 67 0 68 1352401 93 1153020 119 1230995 144 1714617 170 861480 195 1065930 221 1005081 246 815777 271 1477202 297 2628828 322 2842003 348 2224993 373 1737462 399 1651636 424 587432 449 525608 475 830230 500 879338 526 814799 551 901341 577 1090260 602 1344350 603 0
1 237
239 2 548 599 0.9889938087264643 0.13248510166340347 0
17 265 0 266 682405 291 600208 317 847688 343 816111 368 807808 393 548460 419 618882 445 937767 470 1415751 495 1801518 521 1680678 547 2086547 572 2357489 597 2999069 623 2627344 624 0
1 238
240 3 926 572 0.9883221388911302 0.02882614067681506 0
11 457 0 458 2743597 483 2674367 508 3060658 533 1688960 557 1494900 582 1302641 607 1027924 632 718237 657 898802 658 0
0
241 2 785 423 0.9880080688091287 0.11518098422360967 0
26 16 0 17 1915173 42 2789416 67 1639577 92 1783885 117 941238 142 780566 167 1252771 192 1188128 217 1287652 242 2035358 267 925808 292 705979 316 514289 341 247101 366 182233 391 128583 416 226666 441 252602 466 137711 491 166683 516 319129 541 138421 566 103526 591 77756 592 0
1 240
242 3 930 435 0.985739258255878 0.03511886198629574 0
20 140 0 141 278309 166 421199 192 491220 217 428194 242 504434 268 485391 293 534785 318 416308 344 611453 369 816535 395 960939 420 1627587 445 2172758 471 1855935 496 1693120 521 1586751 547 1165666 572 871887 573 0
1 240
243 2 1400 251 0.9889526160632645 0.03214416436426108 0
7 104 0 105 1974270 132 2283585 159 1466671 187 1179220 214 683356 215 0
0
244 1 1049 31 0.9878727232354158 0.12184373510139386 0
16 235 0 236 762894 261 1054261 287 540443 312 418682 337 338999 363 617947 388 539617 413 758058 438 1057666 464 2081765 489 2107581 514 840277 540 852297 565 852620 566 0
0
245 1 1487 237 0.9842257784139412 0.07938091549979366 0
10 35 0 36 1380914 60 1599610 85 1495316 109 2334759 133 1353725 157 900609 182 663367 206 751589 207 0
1 244
246 2 1155 562 0.9940333638567548 0.009485596384030964 0
16 306 0 307 1788780 332 2537489 356 1689198 381 2038624 406 1254176 430 2259916 455 1297038 480 1308345 505 1705101 529 2442569 554 1835631 579 1623310 603 1433642 628 1968904 629 0
1 244
247 1 1497 334 0.990927593880467 0.002490879665512591 0
15 52 0 53 999044 77 1355453 101 1274298 125 1419697 149 1253057 173 1315962 197 949185 220 543570 244 898329 268 726176 292 655053 316 605037 340 1032738 341 0
0
248 1 803 346 0.9924502197701618 0.01602866346623562 0
15 141 0 142 2251666 167 2386559 192 1659202 217 1171703 242 1665606 267 1294851 293 1882156 318 1635418 343 1102803 368 910244 393 1451394 418 1766019 443 936171 444 0
1 247
249 2 1106 399 0.9952704163405478 0.1402974321838515 0
15 64 0 65 163238 90 361726 115 778236 139 1231889 164 944761 189 884902 213 655999 238 1219072 263 1126059 288 1642676 313 1561990 337 1999458 362 5820027 363 0
0
250 3 1358 633 0.9948174463845464 0.04633238641014247 0
17 251 0 252 891498 277 792338 302 990586 327 1945456 352 1559608 377 886386 402 758025 427 1146952 452 499534 477 660759 502 805074 527 701581 552 1326931 577 1243641 602 1681385 603 0
1 249
251 3 1017 689 0.9886391562549751 0.11271047034259048 0
28 60 0 61 205167 86 174916 111 206982 136 340937 161 593480 186 647685 211 706536 235 1055763 260 1220018 285 847264 310 1654991 335 1229577 360 1572157 385 3428575 410 5177008 435 3734275 460 2546738 485 1678070 510 1988327 534 3217296 559 2044759 584 1500530 609 1447235 634 1438855 659 1075996 684 1115166 685 0
0
252 2 1020 579 0.998965584429084 0.0405585352392153 0
21 228 0 229 5621599 254 4588265 280 2185224 305 1495687 331 876295 356 404278 381 538650 407 391895 432 322461 457 579532 483 560289 508 473505 534 622771 559 394878 584 355131 610 308471 635 184609 661 135490 686 341239 687 0
1 251
7 7 2013245210070947081
0.65038945819291305 0.34563956882504965 0.0039709729820371362 0 0 0 0 
0.29367291714300131 0.5797862507438768 0.11253142456916909 0.014009407543952867 0 0 0 
1.4131189430426344e-09 0.18905960051799561 0.44909739165434842 0.32239542530231813 0.039447581112218938 0 0 
0 0.043752041690362654 0.079271361143687852 0.87011603340370036 0.0033077052290538069 0.0035528585331954204 0 
0 0 0.015190350742277408 0.044334491311077411 0.90080171493640016 0.039640375730251982 3.3067279992976463e-05 
0 0 0 2.9123680876183852e-09 0.21976983161374733 0.68711791872304939 0.093112246750835195 
0 0 0 0 0.018677162951541051 0.41030647336908055 0.57101636367937847 
7 0 0 0 0 0 0 0
0.022333886937131724 0.986053001012368 1.9744968915769354
