A
700
387 640
1 17.0 32.0
2 18.0 32.0
3 17.0 31.0
4 17.0 30.0
5 16.0 30.0
6 16.0 31.0
7 18.0 26.0
8 19.0 26.0
9 19.0 25.0
10 18.0 25.0
11 17.0 22.0
12 18.0 22.0
13 16.0 32.0
14 17.0 21.0
15 18.0 21.0
16 17.0 20.0
17 18.0 20.0
18 16.0 22.0
19 31.0 11.0
20 31.0 12.0
21 27.0 15.0
22 28.0 15.0
23 28.0 14.0
24 27.0 16.0
25 26.0 13.0
26 27.0 13.0
27 27.0 12.0
28 25.0 16.0
29 26.0 16.0
30 26.0 15.0
31 24.0 16.0
32 24.0 15.0
33 25.0 15.0
34 24.0 14.0
35 28.0 12.0
36 28.0 13.0
37 25.0 13.0
38 24.0 13.0
39 25.0 12.0
40 25.0 14.0
41 28.0 11.0
42 27.0 11.0
43 26.0 12.0
44 26.0 10.0
45 26.0 11.0
46 25.0 11.0
47 25.0 10.0
48 26.0 9.0
49 25.0 9.0
50 27.0 10.0
51 25.0 8.0
52 26.0 8.0
53 24.0 10.0
54 30.0 11.0
55 30.0 12.0
56 27.0 8.0
57 28.0 8.0
58 27.0 7.0
59 28.0 7.0
60 26.0 7.0
61 26.0 6.0
62 27.0 6.0
63 25.0 5.0
64 26.0 5.0
65 26.0 4.0
66 25.0 6.0
67 24.0 5.0
68 16.0 20.0
69 23.0 14.0
70 23.0 13.0
71 22.0 14.0
72 22.0 13.0
73 20.0 24.0
74 20.0 25.0
75 21.0 13.0
76 28.0 16.0
77 22.0 12.0
78 21.0 12.0
79 24.0 11.0
80 24.0 12.0
81 23.0 12.0
82 22.0 11.0
83 23.0 11.0
84 23.0 10.0
85 24.0 9.0
86 23.0 9.0
87 18.0 31.0
88 24.0 8.0
89 23.0 8.0
90 22.0 10.0
91 22.0 9.0
92 27.0 14.0
93 21.0 10.0
94 21.0 11.0
95 20.0 11.0
96 20.0 10.0
97 19.0 14.0
98 20.0 14.0
99 20.0 12.0
100 20.0 13.0
101 18.0 14.0
102 19.0 13.0
103 18.0 13.0
104 19.0 12.0
105 17.0 16.0
106 18.0 16.0
107 18.0 15.0
108 16.0 16.0
109 16.0 15.0
110 17.0 15.0
111 17.0 14.0
112 16.0 14.0
113 16.0 13.0
114 17.0 12.0
115 17.0 13.0
116 16.0 12.0
117 19.0 11.0
118 18.0 12.0
119 18.0 11.0
120 18.0 10.0
121 23.0 5.0
122 22.0 6.0
123 23.0 6.0
124 23.0 4.0
125 24.0 4.0
126 22.0 4.0
127 23.0 3.0
128 26.0 14.0
129 22.0 3.0
130 23.0 2.0
131 20.0 5.0
132 20.0 6.0
133 20.0 4.0
134 19.0 5.0
135 19.0 6.0
136 17.0 8.0
137 18.0 8.0
138 18.0 7.0
139 17.0 7.0
140 18.0 6.0
141 16.0 7.0
142 17.0 6.0
143 17.0 5.0
144 18.0 5.0
145 18.0 4.0
146 17.0 4.0
147 16.0 5.0
148 16.0 6.0
149 5.0 22.0
150 6.0 22.0
151 2.0 29.0
152 2.0 30.0
153 20.0 26.0
154 16.0 21.0
155 10.0 31.0
156 11.0 31.0
157 14.0 4.0
158 15.0 4.0
159 8.0 22.0
160 9.0 22.0
161 6.0 29.0
162 6.0 30.0
163 4.0 23.0
164 4.0 24.0
165 3.0 23.0
166 14.0 2.0
167 15.0 2.0
168 14.0 26.0
169 15.0 26.0
170 2.0 22.0
171 3.0 22.0
172 18.0 0.0
173 18.0 1.0
174 3.0 21.0
175 1.0 22.0
176 6.0 31.0
177 7.0 31.0
178 2.0 21.0
179 1.0 21.0
180 11.0 18.0
181 11.0 19.0
182 24.0 3.0
183 19.0 4.0
184 25.0 4.0
185 10.0 30.0
186 11.0 30.0
187 3.0 32.0
188 4.0 32.0
189 21.0 14.0
190 3.0 26.0
191 4.0 26.0
192 4.0 25.0
193 0.0 26.0
194 0.0 27.0
195 3.0 30.0
196 15.0 27.0
197 8.0 19.0
198 8.0 20.0
199 16.0 4.0
200 6.0 26.0
201 7.0 26.0
202 0.0 22.0
203 12.0 19.0
204 12.0 20.0
205 16.0 26.0
206 16.0 27.0
207 19.0 0.0
208 7.0 24.0
209 8.0 24.0
210 8.0 25.0
211 13.0 27.0
212 14.0 27.0
213 15.0 0.0
214 16.0 0.0
215 19.0 1.0
216 19.0 2.0
217 6.0 21.0
218 14.0 5.0
219 2.0 25.0
220 3.0 25.0
221 6.0 27.0
222 16.0 3.0
223 15.0 3.0
224 19.0 10.0
225 1.0 30.0
226 1.0 31.0
227 4.0 29.0
228 4.0 30.0
229 19.0 3.0
230 20.0 3.0
231 0.0 31.0
232 0.0 32.0
233 0.0 20.0
234 0.0 21.0
235 12.0 27.0
236 12.0 28.0
237 3.0 24.0
238 12.0 26.0
239 13.0 26.0
240 16.0 1.0
241 16.0 2.0
242 0.0 30.0
243 15.0 19.0
244 16.0 19.0
245 6.0 32.0
246 7.0 32.0
247 13.0 4.0
248 2.0 23.0
249 4.0 31.0
250 28.0 10.0
251 6.0 24.0
252 8.0 30.0
253 8.0 31.0
254 10.0 20.0
255 11.0 20.0
256 15.0 21.0
257 32.0 12.0
258 7.0 27.0
259 8.0 27.0
260 12.0 24.0
261 12.0 25.0
262 3.0 29.0
263 4.0 21.0
264 4.0 22.0
265 2.0 20.0
266 24.0 6.0
267 1.0 32.0
268 14.0 3.0
269 5.0 21.0
270 22.0 5.0
271 7.0 29.0
272 7.0 30.0
273 5.0 25.0
274 14.0 21.0
275 14.0 22.0
276 8.0 26.0
277 18.0 3.0
278 15.0 1.0
279 32.0 11.0
280 16.0 8.0
281 14.0 28.0
282 15.0 28.0
283 18.0 2.0
284 10.0 22.0
285 9.0 20.0
286 3.0 31.0
287 2.0 31.0
288 16.0 18.0
289 14.0 20.0
290 15.0 20.0
291 10.0 32.0
292 18.0 24.0
293 7.0 25.0
294 19.0 24.0
295 13.0 24.0
296 13.0 25.0
297 16.0 25.0
298 20.0 2.0
299 8.0 21.0
300 9.0 21.0
301 13.0 19.0
302 13.0 20.0
303 2.0 24.0
304 12.0 18.0
305 8.0 29.0
306 1.0 26.0
307 1.0 27.0
308 22.0 8.0
309 14.0 19.0
310 15.0 25.0
311 0.0 28.0
312 4.0 28.0
313 1.0 28.0
314 2.0 26.0
315 2.0 27.0
316 2.0 28.0
317 13.0 18.0
318 20.0 0.0
319 5.0 29.0
320 5.0 30.0
321 14.0 24.0
322 15.0 24.0
323 10.0 18.0
324 10.0 19.0
325 14.0 25.0
326 2.0 32.0
327 3.0 28.0
328 7.0 28.0
329 8.0 28.0
330 9.0 24.0
331 10.0 24.0
332 5.0 24.0
333 15.0 22.0
334 5.0 26.0
335 6.0 25.0
336 5.0 27.0
337 5.0 28.0
338 1.0 20.0
339 18.0 30.0
340 4.0 27.0
341 6.0 28.0
342 12.0 31.0
343 12.0 32.0
344 10.0 23.0
345 8.0 23.0
346 9.0 23.0
347 8.0 32.0
348 11.0 32.0
349 10.0 21.0
350 12.0 30.0
351 16.0 28.0
352 14.0 18.0
353 15.0 18.0
354 13.0 28.0
355 16.0 24.0
356 7.0 20.0
357 20.0 1.0
358 20.0 30.0
359 20.0 32.0
360 18.0 28.0
361 20.0 20.0
362 20.0 22.0
363 30.0 16.0
364 32.0 16.0
365 32.0 14.0
366 30.0 14.0
367 20.0 16.0
368 22.0 16.0
369 20.0 8.0
370 16.0 10.0
371 20.0 28.0
372 14.0 8.0
373 0.0 24.0
374 14.0 6.0
375 12.0 22.0
376 14.0 16.0
377 10.0 28.0
378 32.0 24.0
379 32.0 28.0
380 28.0 24.0
381 28.0 28.0
382 24.0 24.0
383 24.0 32.0
384 12.0 12.0
385 28.0 32.0
386 24.0 20.0
387 24.0 28.0
383 387 4
383 385 4
382 386 4
382 387 4
381 387 4
380 382 4
380 381 4
378 380 4
378 379 4
371 387 4
367 368 2
365 366 2
364 378 8
364 365 2
363 366 2
363 364 2
361 367 4
361 386 4
361 362 2
360 371 2
359 383 4
358 371 2
358 359 2
351 360 2
345 346 1
344 346 1
343 348 1
342 350 1
342 343 1
339 360 2
339 358 2
337 341 1
336 340 1
336 337 1
334 336 1
331 344 1
330 346 1
330 331 1
329 377 2
328 341 1
328 329 1
323 324 1
322 355 1
321 325 1
321 322 1
319 337 1
319 320 1
316 327 1
315 316 1
314 315 1
313 316 1
312 337 1
312 340 1
312 327 1
311 313 1
310 322 1
310 325 1
309 352 1
308 369 2
307 313 1
307 315 1
306 314 1
306 307 1
305 329 1
303 373 2
301 309 1
301 317 1
301 302 1
300 349 1
299 300 1
297 355 1
297 310 1
296 325 1
295 321 1
295 296 1
293 335 1
292 355 2
292 294 1
291 347 2
291 348 1
289 302 1
289 309 1
289 290 1
288 353 1
287 326 1
286 287 1
285 300 1
284 375 2
284 349 1
284 344 1
282 351 1
281 354 1
281 282 1
280 370 2
280 372 2
277 283 1
275 375 2
275 321 2
275 333 1
274 289 1
274 275 1
273 335 1
273 334 1
273 332 1
271 328 1
271 305 1
271 272 1
267 326 1
263 264 1
262 327 1
261 296 1
260 375 2
260 331 2
260 295 1
260 261 1
259 329 1
259 276 1
258 328 1
258 259 1
127 182 1
127 130 1
127 129 1
126 133 2
126 270 1
126 129 1
125 184 1
125 182 1
124 127 1
124 126 1
124 125 1
123 266 1
122 132 2
122 308 2
122 270 1
122 123 1
121 270 1
121 124 1
121 123 1
120 137 2
120 370 2
120 224 1
119 120 1
118 119 1
117 224 1
117 119 1
116 384 4
116 370 2
114 118 1
114 116 1
114 115 1
113 115 1
113 116 1
112 113 1
111 115 1
111 112 1
110 111 1
109 112 1
109 110 1
108 376 2
108 288 2
108 109 1
107 110 1
106 367 2
106 107 1
105 110 1
105 108 1
105 106 1
104 117 1
104 118 1
103 118 1
103 115 1
102 104 1
102 103 1
101 107 1
101 103 1
101 111 1
100 102 1
99 104 1
99 100 1
98 367 2
98 189 1
98 100 1
97 102 1
97 101 1
97 98 1
96 369 2
96 224 1
95 99 1
95 96 1
95 117 1
94 95 1
93 94 1
93 96 1
92 128 1
91 308 1
90 93 1
90 91 1
89 308 1
88 266 2
88 89 1
87 339 1
86 89 1
86 91 1
85 88 1
85 86 1
84 86 1
84 90 1
83 84 1
82 94 1
82 90 1
82 83 1
81 83 1
80 81 1
79 83 1
79 80 1
78 99 1
78 94 1
77 82 1
77 78 1
77 81 1
76 363 2
75 189 1
75 100 1
75 78 1
74 153 1
73 382 4
73 362 2
73 294 1
73 74 1
72 77 1
72 75 1
71 368 2
71 189 1
71 72 1
70 81 1
70 72 1
69 70 1
69 71 1
68 244 1
68 290 1
68 154 1
67 266 1
67 125 1
67 121 1
66 266 1
65 184 1
64 65 1
63 184 1
63 67 1
63 66 1
63 64 1
61 64 1
61 66 1
61 62 1
60 61 1
29 30 1
28 33 1
28 31 1
28 29 1
27 43 1
27 42 1
27 35 1
26 36 1
26 92 1
26 27 1
25 43 1
25 128 1
25 37 1
25 26 1
24 76 1
24 29 1
23 366 2
23 92 1
23 36 1
22 76 1
22 23 1
21 30 1
21 92 1
21 24 1
21 22 1
20 257 1
20 55 1
19 20 1
18 355 2
18 333 1
18 154 1
17 361 2
16 68 1
16 17 1
15 17 1
14 154 1
14 16 1
14 15 1
1 13 1
1 3 1
1 2 1
2 359 2
2 87 1
3 87 1
3 6 1
3 4 1
251 332 1
251 335 1
4 339 1
4 5 1
252 272 1
252 305 1
252 253 1
5 351 2
5 6 1
253 347 1
6 13 1
254 349 1
254 285 1
254 324 1
254 255 1
7 205 2
7 360 2
7 10 1
7 8 1
8 153 1
8 9 1
256 290 1
256 333 1
256 274 1
9 294 1
9 74 1
9 10 1
10 292 1
257 365 2
257 279 1
11 14 1
11 18 1
11 12 1
12 362 2
12 292 2
12 15 1
13 343 4
30 128 1
30 33 1
31 386 4
31 368 2
31 32 1
32 34 1
32 33 1
33 40 1
34 40 1
34 38 1
34 69 1
35 55 2
35 41 1
35 36 1
37 40 1
37 39 1
37 38 1
38 80 1
38 70 1
39 80 1
39 46 1
39 43 1
40 128 1
41 250 1
41 42 1
42 45 1
42 50 1
43 45 1
44 50 1
44 47 1
44 48 1
44 45 1
45 46 1
46 79 1
46 47 1
47 49 1
47 53 1
48 52 1
48 49 1
49 85 1
49 51 1
50 250 1
51 88 1
51 52 1
52 56 1
52 60 1
53 84 1
53 85 1
53 79 1
54 55 1
55 366 2
56 58 1
56 57 1
58 62 1
58 60 1
58 59 1
131 134 1
131 133 1
131 132 1
132 369 2
132 135 1
133 230 1
133 183 1
134 183 1
134 144 1
134 135 1
135 140 1
136 139 1
136 280 1
136 137 1
137 369 2
137 138 1
138 140 1
138 139 1
139 142 1
139 141 1
140 144 1
140 142 1
141 148 1
141 280 1
142 148 1
142 143 1
143 146 1
143 147 1
143 144 1
144 145 1
145 277 1
145 183 1
145 146 1
146 199 1
147 199 1
147 148 1
148 374 2
149 264 1
149 269 1
149 150 1
150 159 2
150 251 2
150 217 1
151 262 1
151 152 1
152 287 1
152 225 1
152 195 1
153 371 2
154 256 1
155 291 1
155 185 1
155 156 1
156 348 1
156 186 1
156 342 1
157 268 1
157 247 1
157 218 1
157 158 1
158 223 1
158 199 1
159 345 1
159 299 1
159 160 1
160 346 1
160 300 1
160 284 1
161 271 1
161 341 1
161 319 1
161 162 1
162 272 1
162 320 1
162 176 1
163 264 1
163 165 1
163 164 1
164 332 1
164 237 1
164 192 1
165 248 1
165 237 1
165 171 1
166 167 1
167 241 1
167 278 1
167 223 1
168 325 1
168 212 1
168 239 1
168 169 1
169 205 1
169 310 1
169 196 1
170 178 1
170 248 1
170 175 1
170 171 1
171 264 1
171 174 1
172 214 2
172 207 1
172 173 1
173 283 1
173 215 1
174 178 1
175 202 1
175 179 1
176 245 1
176 177 1
177 253 1
177 246 1
177 272 1
178 179 1
178 265 1
179 338 1
179 234 1
180 181 1
181 324 1
181 203 1
181 255 1
183 229 1
185 377 2
185 252 2
185 186 1
186 350 1
187 326 1
187 286 1
187 188 1
188 245 2
188 249 1
190 314 1
190 220 1
190 191 1
191 340 1
191 334 1
191 192 1
192 220 1
192 273 1
193 373 2
193 306 1
193 194 1
194 311 1
194 307 1
195 228 1
195 262 1
195 286 1
196 206 1
196 212 1
196 282 1
197 198 1
198 356 1
198 299 1
198 285 1
199 222 1
200 334 1
200 335 1
200 221 1
200 201 1
201 258 1
201 293 1
201 276 1
202 373 2
202 234 1
203 301 1
203 304 1
203 204 1
204 375 2
204 302 1
204 255 1
205 297 1
205 206 1
206 351 1
207 318 1
207 215 1
208 293 1
208 251 1
208 209 1
209 330 1
209 345 1
209 210 1
210 276 1
210 293 1
211 354 1
211 235 1
211 239 1
211 212 1
212 281 1
213 214 1
214 240 1
215 357 1
215 216 1
216 229 1
216 283 1
216 298 1
219 314 1
219 303 1
219 220 1
220 237 1
221 258 1
221 341 1
221 336 1
222 241 1
222 223 1
223 268 1
225 242 1
225 226 1
226 287 1
226 231 1
226 267 1
227 319 1
227 312 1
227 262 1
227 228 1
228 320 1
228 249 1
229 277 1
229 230 1
230 298 1
231 242 1
231 232 1
232 267 1
233 234 1
235 238 1
235 236 1
236 350 2
236 377 2
236 354 1
237 303 1
238 261 1
238 239 1
239 296 1
240 278 1
240 241 1
241 283 2
242 311 2
243 309 1
243 353 1
243 290 1
243 244 1
244 288 1
245 246 1
246 347 1
248 303 1
249 286 1
2
253 96 3 1 2 3
282 65 2 2 3
251
1 3 526 69 0.9197497795699217 0.14787262294112036 0
7 25 0 26 2097078 53 1320201 81 1645647 109 1594407 136 1278695 137 0
0
2 2 746 55 0.911165402714449 0.001615641484122876 0
29 51 0 52 758200 77 625630 102 714901 127 405965 152 526620 176 584877 201 627034 226 1190026 251 790848 276 475193 301 393755 326 317934 351 297631 375 266475 400 239737 425 295631 450 258027 475 474735 500 1079746 525 1041446 550 1626544 575 1959349 599 1077059 624 2468193 649 2627827 674 4553624 699 5749330 700 0
1 1
3 2 1458 42 0.9134660262882716 0.04111702735239103 0
22 207 0 208 2389933 233 1653681 258 1808716 283 934849 307 1360345 332 1643332 357 1410136 382 1314761 407 1263766 432 1460946 456 2272093 481 2545953 506 2301083 531 1021047 556 1104022 581 1361035 605 1749656 630 2407378 655 2791556 680 2097484 681 0
1 2
4 1 1137 304 0.9238868313521742 0.03478559112209657 0
13 140 0 141 1425845 166 1069278 192 1301226 217 1307967 242 1149616 267 1559356 293 1552600 318 926591 343 972763 369 734761 394 795270 395 0
0
5 3 802 104 0.9155788182697469 0.016897902866745133 0
19 125 0 126 704943 151 1370123 175 1615439 200 2039394 225 1498942 250 1361299 275 1124988 299 721228 324 882148 349 1530815 373 954193 398 1012493 423 1184623 448 1536700 473 1186429 497 2478403 522 1435371 523 0
1 4
6 1 822 343 0.9268162643018749 0.1382485770084797 0
19 83 0 84 2510748 109 1817330 133 1202547 157 866519 182 995299 207 1020571 231 1247309 255 1371327 280 1452145 305 1080849 329 1590329 353 1442508 378 2316193 403 2903543 427 2485001 451 1268990 476 1290805 477 0
0
7 3 1109 132 0.9220833642702558 0.13832601375997666 0
16 279 0 280 2091812 305 2597159 330 2039583 354 1387363 379 892705 404 758319 429 713431 453 844642 478 453280 503 792529 528 406154 552 308582 577 465907 602 559015 603 0
1 6
8 3 1015 281 0.9175756924976423 0.08953638169859336 0
30 12 0 13 1297510 38 1929152 63 1853712 88 1860429 113 1431738 138 1368125 163 1289735 188 1921669 213 1125326 238 1234515 263 1025177 288 1071727 313 872330 338 765447 362 565122 387 341522 412 244007 437 340035 462 253566 487 256688 512 378615 537 451251 562 445292 587 568221 612 911003 637 1745820 662 1936982 687 1865327 688 0
1 6
9 1 1338 364 0.9212481302552087 0.002292565189957346 0
27 10 0 11 717332 36 969511 62 1255719 87 1112743 112 1864956 137 1538105 163 1357035 188 1057760 213 924592 239 1033470 264 1657005 289 1408965 315 1428069 340 1412517 365 1334431 390 1407393 416 1482224 441 1714499 466 811161 492 860656 517 483834 542 473286 567 697077 593 601807 618 419691 619 0
0
10 1 866 132 0.9179160437555581 0.0443928820571008 0
28 67 0 68 622487 93 810742 118 1184976 143 1217656 168 464689 193 349788 218 344789 244 150090 269 118393 294 262209 319 117447 344 123497 369 99427 394 108690 419 141687 444 191258 469 289504 494 448210 519 558865 545 1337849 570 1552387 595 1927179 620 2083295 645 2589067 670 1668029 695 2042090 696 0
1 9
11 3 1012 54 0.9222039183851323 0.09103631304526912 0
16 100 0 101 1514872 125 766987 150 953793 174 583702 198 850021 223 1104287 247 946461 271 695515 295 1012031 320 1291277 344 1353146 368 894374 393 1383223 417 1170919 418 0
3 9 10 12
12 2 856 309 0.9134397050269351 0.04034350621553893 0
25 135 0 136 319341 161 271319 186 266575 212 239016 237 370951 262 276029 287 292995 313 277150 338 268133 363 271699 388 348479 413 209053 439 346276 464 279457 489 521039 514 689555 540 672758 565 819175 590 1469527 615 1872181 641 2304938 666 3784437 691 5516453 692 0
0
13 1 500 225 0.9105019084308246 0.022661966489028882 0
23 148 0 149 1773417 174 2603128 199 1714139 224 1786342 249 975123 275 1516167 300 1243839 325 1165398 350 1265950 375 1358893 400 672765 425 601747 450 869003 475 704197 500 977728 525 1271987 551 2465389 576 1958398 601 2839717 626 3469370 651 3183161 652 0
0
14 2 1123 286 0.9103998341042852 0.1018292292818527 0
26 129 0 130 406947 155 361354 179 225156 204 386058 229 476111 253 610316 278 504162 303 467282 328 475209 352 334324 377 327258 402 714464 426 509208 451 762209 476 724466 500 865335 525 1048238 550 981110 575 1499751 599 1236001 624 1261760 649 1294649 673 2015101 698 3372729 699 0
1 13
15 1 1108 214 0.9275210808427247 0.14828031339824926 0
29 33 0 34 2550903 59 2624472 83 2533386 107 2900067 132 2363908 157 2392057 181 3128443 205 3195807 230 4188014 255 3081677 279 2446027 303 978728 328 698620 353 578373 377 801036 401 908056 426 463187 451 400640 475 347903 499 280598 524 307403 549 258677 573 227007 597 298953 622 178024 647 257657 671 270839 672 0
2 13 14
16 3 673 201 0.9181154848916243 0.028039914532020916 0
22 190 0 191 3608348 216 2058642 241 2345895 266 2087201 291 1933373 316 1550315 341 1878053 366 1560131 391 1439483 416 740972 442 282199 467 320459 492 472982 517 301503 542 209552 567 275601 592 249666 617 342795 642 344887 667 139443 668 0
0
17 3 1090 90 0.9247887918994375 0.11703637129904876 0
24 124 0 125 743796 150 694447 175 447324 200 540426 226 1030070 251 2477197 276 2831180 301 2149493 326 2208740 351 1688635 376 2546858 402 1883607 427 1711163 452 1791851 477 1353534 502 1673394 527 1390836 552 1082280 578 1667751 603 1647604 628 1741213 653 1934907 654 0
1 16
18 2 1089 238 0.9231747836056045 0.09997312515097287 0
13 453 0 454 1170047 478 2115351 503 2422526 527 3129603 552 1952654 576 1347962 600 1707724 625 1463821 649 1539733 674 1674194 698 2236923 699 0
0
19 1 588 349 0.9163002870507594 0.135698113783037 0
9 270 0 271 1485902 295 1402099 318 2252016 341 2279311 365 1697131 389 914962 412 679763 413 0
1 18
20 1 872 361 0.9283881374968085 0.10648620663577013 0
17 131 0 132 1340493 156 1343559 180 965106 205 891036 229 1752067 253 1472025 277 906789 301 1020199 326 1304207 350 2217487 374 2123049 398 1733935 423 1598204 447 1221786 471 844478 472 0
0
21 2 1291 137 0.9288926960207977 0.1054019503289963 0
25 25 0 26 1872867 51 2915833 77 2099023 102 1232327 127 1523639 152 1026390 178 987324 203 1139655 228 1131884 253 952188 279 1540705 304 1590224 329 804101 355 1195005 380 1349033 405 1187484 430 1331999 456 1177949 481 1144893 506 985567 531 1428042 557 1151045 582 692084 583 0
1 20
22 3 599 303 0.914292677119938 0.005785184948564825 0
30 18 0 19 1808138 44 1543364 69 995847 94 814805 119 805291 144 1153841 169 1826635 194 1709676 219 1911622 244 1390776 269 913831 294 947078 319 2277927 344 2320774 370 1126225 395 1558761 420 1766695 445 1485070 470 1080087 495 1656694 520 1565709 545 915424 570 1037636 595 745680 620 700359 645 711508 670 1121608 695 1218464 696 0
1 20
23 2 661 257 0.9144582500096621 0.1413646854020795 0
17 18 0 19 2845713 44 3038448 70 3166717 95 1796471 120 1792040 146 1599448 171 1560062 197 927147 222 945759 247 1031630 273 760759 298 456221 323 450071 349 308990 374 233580 375 0
0
24 1 1035 242 0.9245238662710691 0.06496555589861201 0
19 276 0 277 1707572 301 2025533 325 2089899 350 1322591 374 1426407 398 1746896 423 995090 447 1204755 471 1157365 495 1099182 519 1045821 544 602435 568 755027 592 486470 617 367922 641 347222 665 301638 666 0
1 23
25 1 564 352 0.9175526427330927 0.13943381926033804 0
18 200 0 201 3184356 226 2390185 250 1648159 275 1226496 299 1182569 324 1921995 348 1739434 373 1365254 397 1493850 422 998313 446 688023 471 420651 495 660216 520 825779 544 931835 569 823315 570 0
0
26 3 1266 60 0.9172428466675498 0.048949737199976126 0
28 33 0 34 425590 59 499783 85 410980 110 822537 135 870940 160 902765 186 1166344 211 907634 236 871446 262 1561511 287 1549535 312 940037 337 1129327 363 1328042 388 1666356 413 2051734 438 2234943 464 1807748 489 1860589 514 1063064 540 1288550 565 1317335 590 1513981 615 1111878 641 920625 666 1116258 667 0
0
27 3 1250 264 0.922575850507585 0.12968119827614327 0
30 8 0 9 4371446 34 3038613 59 3715814 83 2428222 108 2800439 133 1706715 158 2290166 182 2446016 207 2400900 232 2263482 257 1475583 282 1215358 306 966059 331 516766 356 334164 381 307683 405 515296 430 322108 455 376832 480 163986 505 118660 529 124413 554 90798 579 86567 604 98090 628 118016 653 68865 678 66134 679 0
1 26
28 1 1491 143 0.9133079395957974 0.04475564627074014 0
23 162 0 163 2908700 188 2619086 214 2725695 239 2428010 265 3092993 290 1836482 316 1041772 341 502223 367 779981 392 1198503 417 713776 443 862155 468 838319 494 851513 519 1297733 545 2407630 570 2648655 596 3140305 621 2231899 647 1366674 672 1157091 673 0
0
29 1 775 95 0.9212946568032964 0.05028865281275278 0
26 27 0 28 763431 53 710745 78 847852 103 1004809 127 1070234 152 1177430 177 1719460 202 1315136 227 1283004 252 1068399 277 699837 302 668501 326 824093 351 582643 376 803662 401 1003408 426 1228008 451 1205542 476 1455663 501 963740 525 1040647 550 1035788 575 793916 600 889303 601 0
1 28
30 1 707 320 0.9137682115199955 0.1406737453565111 0
15 387 0 388 581989 413 981941 438 1137689 463 1808804 489 1831223 514 1271936 539 1503977 564 1172344 589 913150 615 528222 640 977164 665 906230 690 1212341 691 0
2 28 29
31 2 885 165 0.9158259593559681 0.09634608942615609 0
29 16 0 17 1545858 42 990424 67 1201968 93 1408057 118 1803109 143 1470148 168 778946 193 1125186 219 1185194 244 1383727 269 1977336 294 3150263 319 2483406 345 1926512 370 903979 395 1096230 420 1112823 445 856650 470 782331 496 900854 521 466559 546 375765 571 345353 596 279121 622 372669 647 460177 672 546235 673 0
3 28 29 30
32 3 506 238 0.9127668446791792 0.1002705852683568 0
18 308 0 309 563902 334 843447 359 1535728 384 1305344 410 1049275 435 872793 460 1333660 485 1461442 510 1724806 535 942787 560 1141781 585 1449525 611 1058023 636 761103 661 935509 686 811217 687 0
0
33 1 1194 123 0.9271131229701988 0.14856547180275284 0
17 283 0 284 2132531 309 1668873 334 1207235 359 1639427 384 1682004 409 1774164 434 1685067 459 2852695 484 2509328 509 1738862 534 1700624 559 1256937 584 938114 609 1197197 634 1225203 635 0
0
34 3 753 323 0.9267432741735645 0.06907512087380892 0
10 68 0 69 3481541 95 2825323 120 1951938 146 1043988 171 732312 197 531540 222 714390 248 612230 249 0
0
35 1 808 206 0.9260822223218877 0.0499112740213485 0
19 136 0 137 601963 163 644975 188 1123884 214 1520391 240 1442800 265 4549083 291 3422785 317 2293557 343 1725946 368 1129049 394 1484042 420 1113573 445 1372837 471 1709545 497 2186994 522 1929417 548 1593476 549 0
1 34
36 3 1054 305 0.9131055286388354 0.0078941265235423 0
20 219 0 220 216843 244 374752 269 225466 293 305318 317 515504 342 261552 366 415401 390 605390 415 1240685 439 893503 464 1598501 488 971795 512 1682669 537 1498720 561 2004717 585 1614174 610 1714037 634 2044964 635 0
1 34
37 3 744 325 0.9154741932497564 0.05760790837600306 0
29 12 0 13 1552939 38 1566444 62 844000 87 700135 111 817873 136 1124325 160 963428 185 1209651 209 1608691 234 1467869 258 1233758 283 950502 307 1061548 332 1367061 357 2135011 381 2263279 406 2471273 430 1534043 455 1726121 479 1468999 504 1199381 528 508625 553 1036879 577 1067109 602 855795 626 795938 651 1000401 652 0
0
38 1 912 50 0.9257175038449399 0.1205167925112715 0
12 78 0 79 2461991 103 1688963 127 1608824 150 2021568 174 2350020 198 2111040 222 2025853 245 1164748 269 2243198 293 1403818 294 0
1 37
39 1 1498 64 0.9165079712134692 0.04419838589170665 0
24 39 0 40 3147204 65 2237949 89 2379603 114 2471206 138 3718808 163 1159749 188 1135473 212 1446394 237 1372141 262 1318810 286 1110974 311 915457 335 910887 360 749068 385 678080 409 772954 434 665746 459 585755 483 611850 508 880002 532 410869 557 644428 558 0
0
40 3 750 196 0.9174637130666853 0.11261761228712808 0
28 49 0 50 1086523 75 1723053 100 2451015 125 2235841 150 1405543 174 1247595 199 773493 224 844508 249 592026 274 551535 299 721695 324 804385 349 824570 373 1673898 398 1454346 423 1993640 448 1169112 473 1992655 498 1660586 523 1472900 548 2966718 572 3544826 597 2837776 622 1666885 647 2725789 672 3089700 673 0
1 39
41 1 578 2 0.9135086672169123 0.10425643307646167 0
30 15 0 16 539676 41 909639 66 1206055 91 996797 116 771117 141 983043 166 1104459 191 1055178 216 1348198 241 1442802 266 1031357 291 1036155 316 1972182 341 1003935 366 1047252 391 1175430 416 1218214 441 1380253 466 1283688 491 793599 516 876692 541 1388055 566 1023591 591 1549848 616 2443069 641 1779411 666 1536011 691 2476931 692 0
1 39
42 1 770 230 0.9264774751798964 0.08709045172794906 0
7 159 0 160 960934 185 884307 209 1135815 234 1946607 259 1376213 260 0
0
43 2 619 178 0.9242549689820999 0.008732190153489071 0
8 198 0 199 1924904 225 1697966 252 1799004 278 1166377 305 1623450 331 1507667 332 0
1 42
44 3 1093 361 0.928653042444566 0.14198735454421138 0
27 15 0 16 1804665 41 1704609 67 1573743 92 1054522 117 866008 143 1261351 168 1418584 194 1710572 219 1572565 244 1495929 270 1122741 295 802383 321 883633 346 842267 371 1324388 397 992566 422 601659 447 686507 473 967681 498 704019 523 764789 549 804223 574 835758 600 1083136 625 1070777 626 0
0
45 2 1030 69 0.9154775652820241 0.11609694050926825 0
23 148 0 149 215530 174 259875 199 294169 225 307676 250 866492 275 1362738 301 1067765 326 1215817 351 1944163 376 2114905 401 1615841 427 1734086 452 1880543 477 1036217 503 979249 528 1054989 553 1061958 578 1150905 603 1290820 629 2584520 654 3463674 655 0
0
46 3 544 280 0.9284916240193342 0.14429626539777227 0
8 243 0 244 687077 270 800309 295 885058 321 1334067 346 2195101 372 2508949 373 0
1 45
47 3 731 17 0.9136809136541688 0.015049965372479523 0
23 169 0 170 1531988 195 2367910 219 2083928 244 1613074 268 1086901 293 1611142 317 2526828 342 1555736 366 1417543 391 987817 415 946716 440 521338 465 484483 489 502426 514 455514 538 746365 563 591617 587 507451 612 655482 636 768694 661 990987 662 0
0
48 2 1405 103 0.9140777884994986 0.07676115746355745 0
27 108 0 109 554577 134 892655 158 1389539 183 1396377 207 1430358 232 2179332 257 2109971 281 1800144 306 1778982 331 2305448 355 1933946 380 1345170 405 1127546 429 979031 454 1015612 478 939089 503 1552355 528 1817945 552 687847 577 626738 601 806870 626 938205 651 1103644 675 983328 700 898965 701 0
1 47
49 1 623 96 0.9204391437392196 0.024141914813191178 0
16 61 0 62 1946523 86 1676724 110 1579991 134 1655602 158 1323209 182 744783 206 593796 231 399048 255 531736 279 488224 303 762747 327 605051 351 492523 375 562855 376 0
0
50 3 1026 355 0.9283583169420391 0.0625547601733332 0
30 8 0 9 43774 34 22759 60 12363 85 26081 110 46520 135 72776 161 66882 186 67625 211 73279 237 100088 262 166041 287 154252 313 163491 338 286704 363 226015 388 398795 414 358377 439 611166 464 932426 490 1225109 515 1340185 540 915732 566 1150108 591 2260307 616 3156742 641 2945213 667 3486795 692 4522618 693 0
0
51 1 907 39 0.9112433158965807 0.053047678111265574 0
20 243 0 244 1249003 268 1249797 292 1560777 317 1349373 341 2200048 365 1859326 389 1653699 414 4449294 438 3218377 462 2705391 486 889625 511 809855 535 695898 559 416771 583 362606 608 375256 632 558381 656 695127 657 0
1 50
52 1 1442 373 0.9191007021700528 0.02614710608900563 0
25 23 0 24 304700 48 492321 73 642988 97 403038 122 442230 146 468106 171 563563 195 682405 220 723933 244 1007253 269 1471304 293 1242564 317 1822077 342 1525011 366 1192268 391 747856 415 672502 440 661892 464 1231051 489 1635516 513 2095282 538 2868663 562 2299412 563 0
1 50
53 1 1193 315 0.9286669145606902 0.07731235619113899 0
8 466 0 467 2449721 494 1859547 521 1335327 548 1337752 575 666605 602 710042 603 0
2 51 52
54 1 905 87 0.9238008269960309 0.0394090178961649 0
19 278 0 279 1062967 304 857253 329 1149548 354 1198781 379 1900047 404 695128 429 968351 454 433784 479 480762 504 342404 529 374183 554 911671 579 1195602 604 1266548 629 1247434 654 1279824 679 985227 680 0
0
55 1 1157 362 0.9223342185999409 0.13942638314388955 0
15 230 0 231 224694 256 195571 280 339883 305 576206 330 455250 354 629709 379 1027077 404 1235267 428 1427542 453 1643163 478 927928 502 1171939 527 1563393 528 0
0
56 2 884 299 0.9156483874889892 0.06425203543936167 0
17 318 0 319 674209 344 959461 369 1093155 394 657338 419 894833 444 1281781 469 1733991 493 1111208 518 1123714 543 1129362 568 1154917 593 2026983 618 2346862 643 2219976 668 1770490 669 0
2 55 57
57 3 613 283 0.9105902040767904 0.003143139768200437 0
9 308 0 309 1324703 333 1298227 357 1360798 381 2080435 405 2129492 429 1606813 453 1683014 454 0
0
58 2 621 311 0.9274630254808802 0.024571360368803464 0
21 239 0 240 2063926 265 2170436 290 1917181 316 1021328 341 1400454 366 859490 391 970639 417 936250 442 685372 467 994299 492 1134285 517 832918 543 503799 568 481384 593 457549 618 581757 644 605990 669 337275 694 287516 695 0
1 57
59 2 1036 220 0.9244534495240956 0.07756863721581825 0
13 72 0 73 1308540 97 1308368 122 988663 146 1221968 171 1758688 195 1023854 219 910786 244 1572230 268 2057590 293 2483917 317 2308037 318 0
0
60 3 565 309 0.9157251645295498 0.10093711702185754 0
26 22 0 23 2271983 48 3297320 74 2270116 99 2008439 124 1249037 149 971074 175 1266046 200 1284891 225 2025031 250 1286155 276 674254 301 602652 326 557117 351 389477 377 450603 402 527204 427 547246 452 783990 478 770985 503 841627 528 641384 553 653783 579 637266 604 1112239 605 0
1 59
61 1 1296 179 0.9151589515402496 0.016182692069569283 0
17 58 0 59 1259140 83 772667 108 839140 132 1112686 156 1468669 180 1278919 205 1238609 229 1039470 253 723127 278 1128237 302 1376337 326 1468681 350 1893517 375 1509761 399 2533806 400 0
0
62 3 783 375 0.927670798062061 0.04217279717695639 0
29 47 0 48 1706945 73 3571499 98 3706617 123 1879081 147 1519518 172 847358 197 1873252 222 1527356 247 1493860 272 777027 296 1241939 321 1652971 346 1341878 371 1305190 396 1460558 421 959116 446 558954 470 630340 495 493824 520 450876 545 617469 570 563388 595 743624 619 606292 644 602703 669 750434 694 1116483 695 0
0
63 1 771 218 0.9149879182252044 0.04480222571431087 0
25 32 0 33 2713355 58 3029910 83 2135027 108 2250007 133 1505632 158 2663631 183 1447906 208 1413327 233 1347722 258 943604 283 791061 309 524041 334 815358 359 539243 384 760112 409 555241 434 334383 459 412177 484 348624 509 270170 534 247011 559 247468 584 189009 585 0
1 62
64 1 950 234 0.916181023847985 0.11462763233530261 0
20 228 0 229 817351 253 912037 278 1065786 302 1380250 327 1096374 351 792339 376 799035 400 731034 425 880850 449 627963 474 744804 498 1130598 523 2162557 547 2860107 572 2660300 596 1890077 621 1586314 645 1265414 646 0
0
65 1 1046 96 0.9170187111391508 0.001687078484513882 0
25 31 0 32 1513322 57 1317790 83 1537695 108 1320244 133 1123766 159 1261334 184 1911380 210 1081532 235 795774 260 647065 286 1147313 311 1579772 336 1776442 362 2151323 387 1763349 412 1300186 438 1029974 463 802179 489 648855 514 650980 539 627073 565 819436 590 1046088 591 0
1 64
66 1 1343 37 0.9177718157593636 0.07685185094609354 0
12 249 0 250 2129270 276 2017294 301 1240139 327 746374 353 478512 378 377109 404 567255 430 556039 455 548481 481 623168 482 0
1 64
67 2 534 152 0.9150475370349105 0.0106971017336159 0
24 51 0 52 2607657 77 2362407 103 3658201 128 2144165 153 2217786 179 2135071 204 2009617 229 2203716 255 1289622 280 955636 305 1492137 331 1743953 356 2081140 381 1528520 407 1687421 432 2078662 457 1798676 483 1736483 508 1583492 533 1299898 559 1207165 584 1778766 585 0
0
68 1 1391 42 0.9114580586874714 0.1184300126039627 0
21 236 0 237 1170152 262 1062823 288 1107960 313 1576820 339 2664287 364 4362605 390 3061245 415 1391375 441 740427 466 680236 491 468302 517 652127 542 409597 568 850064 593 1241296 619 2103294 644 2015135 670 2974683 695 2779133 696 0
1 67
69 3 1109 33 0.9104196082450858 0.023377220373884778 0
15 220 0 221 153187 246 308203 271 411777 297 624193 322 347458 347 701170 373 1228616 398 1102955 423 1482198 448 1170614 473 1904429 499 1467869 524 419963 525 0
2 67 68
70 2 1212 344 0.927451026393492 0.12623194855367612 0
21 30 0 31 140887 56 92413 80 138388 105 239529 129 169406 154 153380 178 201390 203 243915 227 286552 252 485263 277 546241 301 569987 326 970929 350 935193 375 1948111 399 2285997 424 2585550 448 2290851 473 2285077 474 0
0
71 1 821 167 0.9183811839005267 0.05426474555641626 0
10 350 0 351 712847 377 1169513 403 950372 429 762100 455 981272 481 1289633 507 1279598 533 1242415 534 0
0
72 2 769 99 0.9293530685171838 0.06353525995795899 0
12 27 0 28 903230 52 753833 75 896441 99 1841211 122 2395812 146 1908742 169 832173 193 841407 216 1100584 240 797135 241 0
2 71 73
73 3 1104 304 0.9256337651509023 0.13173466170454637 0
27 75 0 76 4734575 101 3339055 127 2974406 152 2449870 178 1431875 203 3351826 229 1756672 254 1465868 280 1746757 305 1455750 331 1317225 356 1324965 381 1295159 407 986597 432 457709 458 561461 483 479045 509 413521 534 502223 560 419770 585 676372 611 684259 636 797393 662 861550 687 1068542 688 0
0
74 2 562 343 0.9156568748505266 0.06678831376144465 0
13 259 0 260 2487532 285 2779036 311 3306497 337 2050700 362 1305085 387 1116565 413 945462 439 1328948 464 1169076 489 927354 515 1202161 516 0
0
75 1 1330 209 0.9121602304111012 0.1230547611766589 0
24 146 0 147 3102471 172 4154055 198 2651398 223 2462949 248 1341116 274 1902876 299 1256523 324 1656811 350 1618781 375 1072349 400 569665 426 578368 451 765212 476 1173404 502 551232 527 420143 552 568183 578 796742 603 1089470 628 1453164 654 1788617 679 1226648 680 0
1 74
76 3 1010 183 0.916328149342819 0.14131683682457463 0
20 67 0 68 2850767 93 3428739 118 1788108 143 1186954 168 662384 193 610314 218 676873 243 650182 268 493470 293 376886 318 355237 343 258202 368 258591 393 390047 418 432745 443 853816 468 505166 493 592011 494 0
1 74
77 3 1093 78 0.9179663874329257 0.10563290191993442 0
26 31 0 32 478888 57 388837 82 316868 107 441915 133 569146 158 1032631 183 811471 208 399196 233 300977 258 398173 283 442352 308 472000 334 524863 359 866478 384 970240 409 1518212 434 1389422 459 1955856 484 2099404 509 2580506 535 1699558 560 1079983 585 671732 610 780373 611 0
0
78 1 1150 240 0.9123784154501517 0.10050524473006678 0
25 53 0 54 1806300 79 2039738 104 1942129 128 1729493 153 1233563 178 2009753 203 1802864 227 1439707 252 1284294 277 1345644 302 1028318 327 911676 351 1107535 376 998968 401 1457870 426 1772797 450 1444665 475 854861 500 590310 525 512269 549 486505 574 688835 599 1428871 600 0
1 77
79 2 822 231 0.9239426056044506 0.038802218217297464 0
11 311 0 312 2238230 338 2005180 364 1142231 390 780991 416 650417 442 744419 468 369869 494 458960 520 551508 521 0
1 78
80 3 580 153 0.9176351041689454 0.10235385158436029 0
12 299 0 300 1334099 325 1456582 350 1504746 375 1299966 400 932487 426 756248 451 822973 476 1083666 501 2047442 526 1281005 527 0
1 79
81 3 1371 8 0.920523941211875 0.039538194092521815 0
18 111 0 112 98324 136 77363 160 79693 185 97564 209 199463 233 221298 257 333360 281 230548 306 233628 330 340524 354 824371 378 1594446 402 2004152 427 2241774 451 2928904 475 1773972 476 0
0
82 3 1476 266 0.9257270966702107 0.011147159849811138 0
26 37 0 38 2520006 63 2149459 88 3345193 114 3977727 139 2250791 164 3153149 189 1933118 215 1793513 240 2016217 265 2096970 290 2181524 315 1699015 341 1552814 366 1630121 391 1074697 416 1060176 441 1007176 467 822978 492 551109 517 655529 542 549974 568 454149 593 873996 618 1025346 619 0
2 81 83
83 3 543 122 0.9120717777642043 0.004188874900782263 0
14 249 0 250 1656245 276 1790418 302 1550687 328 1060394 354 864287 380 1216793 405 1146550 431 942937 457 600898 483 893137 509 772120 535 927973 536 0
0
84 2 514 284 0.922604392044399 0.06347827372042053 0
16 66 0 67 3369918 91 3391111 116 2303265 140 1980623 165 2045870 189 1923486 213 1059765 238 983040 262 832338 286 762737 311 1377178 335 1406085 360 815144 384 877448 385 0
2 83 82
85 3 1217 369 0.91670395958449 0.08652311307323912 0
7 339 0 340 1094773 368 1236514 395 923607 423 1329571 451 1874945 452 0
0
86 3 1253 353 0.9225958690095577 0.03841699889200983 0
15 36 0 37 691934 62 1095407 88 1193202 113 761335 139 991072 164 699424 189 1114753 215 1512448 240 3188735 266 2243769 291 1504940 317 1207839 342 1131861 343 0
0
87 2 1146 357 0.9242722480408063 0.13148664076277986 0
9 504 0 505 1791967 529 556107 553 925927 577 937415 601 1445582 625 2330169 649 2335361 650 0
0
88 1 799 143 0.9177102707484657 0.0986472585627139 0
29 33 0 34 258371 59 205090 84 181334 109 168328 134 262527 158 390142 183 411729 208 499838 233 435528 258 464050 283 451159 308 443806 333 563131 357 656041 382 759098 407 800211 432 934809 457 717035 482 1561748 507 2412172 532 4259135 557 3175311 581 5551513 606 2804444 631 2358579 656 1050452 681 800012 682 0
0
89 1 1311 154 0.9139945709061239 0.004809364465214838 0
17 221 0 222 1129003 246 1130402 271 2324310 295 2227182 320 1699937 344 2108157 369 1940822 393 1707246 417 1210351 442 1385299 466 858082 491 1212749 515 1638512 540 3040565 564 3197060 565 0
0
90 3 699 70 0.9278592815822791 0.049501346726608456 0
14 24 0 25 1211288 50 792545 76 755115 101 841409 126 909383 152 1281753 177 1011624 203 958697 228 1925878 253 1356318 279 1689676 304 2489866 305 0
1 89
91 2 1180 24 0.9215684413265218 0.04924928691304643 0
30 12 0 13 1432810 38 1540419 64 908765 89 1372423 115 1230562 140 1204698 165 1292263 191 865779 216 1159449 242 2150100 267 2488699 292 1806428 318 2562048 343 3024269 369 2491425 394 1689427 420 1816043 445 1274474 470 1651979 496 967575 521 829397 547 644712 572 591959 597 476131 623 595478 648 883241 674 561518 699 614886 700 0
1 90
92 2 1099 297 0.9133873242845274 0.11879491671508138 0
22 212 0 213 2215360 238 1676445 262 2325728 287 2941675 312 1722201 337 1479566 361 994892 386 488902 411 470134 436 223971 460 271144 485 128067 510 201376 535 226495 559 235788 584 209004 609 213978 634 227354 658 171349 683 181252 684 0
0
93 3 1197 321 0.9272290728629823 0.08732089919582188 0
15 336 0 337 2410332 361 2059841 385 1345247 409 1631166 433 1014804 457 890035 481 562340 505 571997 529 608754 553 696782 577 865219 601 569471 625 524132 626 0
1 92
94 3 707 334 0.9140144100046561 0.11191557337507456 0
13 329 0 330 584050 355 347498 381 345593 407 289026 432 313348 457 749603 483 1066585 509 1729943 534 1695137 559 2597021 585 1756891 586 0
2 92 95
95 1 578 204 0.9211117906767491 0.049500860576029614 0
30 15 0 16 2958347 41 2025463 65 3265477 90 3198726 114 1744218 139 1095113 163 1150420 188 974278 212 631549 237 567814 261 342099 286 461482 310 433563 335 409319 359 643402 384 568007 408 733316 433 857350 457 1420317 482 1733860 506 1240196 531 1284207 555 1025277 580 1016624 604 742327 629 1139683 653 1776295 678 1169946 679 0
0
96 2 520 122 0.9229125655880869 0.07760033404849721 0
19 186 0 187 2746475 212 2709468 237 2039223 261 1949609 286 1917027 311 2178410 336 1674224 361 2199874 385 2365652 410 1107323 435 1386885 460 1088333 485 930151 510 1027328 534 495617 559 457966 584 561784 585 0
0
97 3 1444 109 0.9219738563260705 0.07708266782793706 0
29 29 0 30 483627 55 507967 81 727069 106 946153 132 636541 157 583407 182 642503 208 282381 233 455381 258 459110 284 1082321 309 685615 335 483155 360 418352 385 533928 411 1043576 436 839197 462 1974748 487 1588237 512 1304950 538 893528 563 1129624 588 3234363 614 3875331 639 4517941 665 2976089 690 2884567 691 0
0
98 2 606 360 0.9190778080009612 0.02142791274946503 0
15 152 0 153 2660152 179 1608220 205 1264506 231 830800 257 738635 283 649251 309 777938 334 385886 360 545218 386 423328 412 363881 438 204467 464 195381 465 0
1 97
99 3 1479 22 0.9171562381523978 0.14160250647762823 0
13 90 0 91 196937 115 222856 139 444220 164 727941 188 1179101 212 1680163 236 2755452 260 1744251 285 2276311 309 1781057 333 1953679 334 0
0
100 3 1078 341 0.929101551422764 0.04950524904014976 0
21 171 0 172 1461027 197 2491755 222 3062654 247 2397685 272 2584233 298 1902900 323 1844577 348 1353236 373 1363931 398 1491744 423 1333606 448 1010407 473 1206396 498 968370 524 1196438 549 1219038 574 1292917 599 2305320 624 3236796 625 0
0
101 3 530 157 0.9204202265262371 0.125973476105428 0
26 44 0 45 738287 70 1073404 96 1295729 121 3068599 147 2323637 172 1900516 198 1946957 223 2392624 249 2256099 274 2216990 300 2447050 325 1926969 351 1584825 376 1629886 402 1120327 427 934581 453 781514 478 631510 504 910444 529 744282 555 1432218 580 1432102 606 1386488 631 1113764 632 0
1 100
102 2 986 189 0.9222195007989142 0.051537670108296914 0
20 9 0 10 2043722 34 1496060 59 1092133 83 1265317 108 1223735 132 2071023 156 1774918 181 1562796 205 1480565 230 1378266 254 1386579 279 1051248 303 1202289 327 1205180 352 972021 376 752047 401 869913 425 914815 426 0
2 100 101
103 3 1343 81 0.9276728066406497 0.06047442922328041 0
17 315 0 316 770049 342 811828 367 946473 393 919008 419 1370307 445 1083093 470 1246026 496 1217845 522 938825 547 990282 573 901908 599 931289 625 1214205 650 1128044 676 1004559 677 0
2 100 102
104 3 688 118 0.927590476054629 0.08638525431482348 0
7 576 0 577 2396960 603 2541781 630 1463926 657 1177346 683 1333756 684 0
0
105 2 1289 248 0.9270411275388457 0.033057572636435474 0
22 153 0 154 1437166 179 1801862 203 1830391 228 1819685 253 1787920 278 655840 302 499589 327 598737 352 489523 377 500801 401 502536 426 564688 451 643924 476 620352 500 992844 525 1652303 550 2295643 575 3476663 599 2487715 624 2441681 625 0
1 104
106 2 841 7 0.9196620390183371 0.10895727565660038 0
23 94 0 95 2468722 120 1696114 146 1084302 171 426312 196 563656 222 791473 247 795729 272 563159 298 1305548 323 1526561 349 1350141 374 999826 399 896525 425 1252007 450 993033 475 907777 501 968948 526 845618 551 536210 577 459604 602 473849 603 0
2 105 107
107 1 1407 34 0.9125287889254861 0.0783840873908607 0
26 124 0 125 2641815 149 2948300 174 2685428 198 3459883 223 2621447 247 2203323 272 1957598 296 1611435 320 1974506 345 2631202 369 2538299 394 2485048 418 1189717 443 871378 467 1103396 492 1041702 516 1272471 540 1228106 565 1325681 589 913294 614 897414 638 463372 663 244783 687 180972 688 0
0
108 1 816 185 0.9299979094892924 0.1467763910147954 0
8 166 0 167 1664998 192 1220677 217 1040328 241 758020 266 812245 291 891024 292 0
0
109 2 664 360 0.9198298740404974 0.04410687100255661 0
18 8 0 9 490260 35 667820 60 814521 86 769489 112 683337 138 775254 163 648766 189 453367 215 296335 241 379983 266 867987 292 997681 318 1606588 344 2274574 369 3399493 395 5497124 396 0
2 108 110
110 2 890 344 0.9298144192232425 0.030188871610534455 0
8 55 0 56 963481 83 1924942 110 1597782 137 1401383 164 1111718 191 1373171 192 0
0
111 2 1414 14 0.9246028428192734 0.07935744331380748 0
21 32 0 33 1588769 57 2242890 82 3073784 107 2073128 131 3662227 155 2490423 180 2461494 205 1552940 229 2108511 253 2332298 278 1291634 303 1761058 327 1861227 351 946336 376 925202 401 883366 425 868783 449 648396 474 613507 475 0
0
112 2 562 101 0.9270388051788684 0.022533539564145114 0
26 65 0 66 889415 91 1231948 117 1567365 142 1792624 167 3026414 192 2861021 218 1934378 243 2778300 268 2220285 293 1170310 319 861797 344 630933 369 777246 394 539860 420 613104 445 454754 470 302212 495 289555 521 363434 546 374007 571 372312 596 516624 622 521521 647 579926 648 0
0
113 3 1054 90 0.9202929922065022 0.046043033224211445 0
24 132 0 133 3765469 158 2703196 182 2252668 207 1617200 231 1683442 256 1100046 281 871847 305 608934 330 425000 355 677068 379 668963 404 274739 428 348714 453 235475 478 234413 502 328164 527 590614 552 1029170 576 2845335 601 3718423 625 3516364 650 3783610 651 0
0
114 3 1224 164 0.9172634506540119 0.03386011267487455 0
30 6 0 7 3266056 32 1766872 56 1269603 81 1242066 105 2097319 130 1030631 155 900935 179 1026004 204 932739 228 305506 253 282570 278 258066 302 222948 327 424416 351 376100 376 446655 400 642030 425 1022450 450 966725 474 1457929 499 886113 523 1202169 548 1386297 573 1797052 597 1338540 622 1483102 646 2410128 671 1906501 672 0
1 113
115 3 700 56 0.9177606968284654 0.08782678941599215 0
28 42 0 43 919245 68 1128564 92 1606519 117 1010196 142 1242563 166 620034 191 255815 215 183432 240 212059 265 223807 289 163025 314 224338 339 254541 363 187606 388 367162 413 563257 437 885255 462 909660 487 1162930 511 977210 536 549797 560 535564 585 929347 610 2394543 634 2365650 659 2256659 660 0
0
116 1 1001 334 0.9256970246637323 0.14032242100982212 0
14 252 0 253 414286 279 481808 305 449492 331 822837 357 1193194 383 1463997 408 2085945 434 2586622 460 2173082 486 2138361 512 2587855 538 2363483 539 0
2 115 117
117 1 1413 120 0.9281200177432875 0.08323117783154552 0
17 186 0 187 2182059 213 2193798 238 1910121 263 2490401 289 1745963 315 2436045 340 1255339 365 771986 391 840226 417 676623 442 254392 467 304112 493 135402 519 156936 544 268171 545 0
0
118 3 929 312 0.929027014181284 0.13452227204134093 0
14 127 0 128 1054160 152 1869178 176 1201844 199 1406485 223 2124227 247 2188174 271 1429962 295 1287009 319 996112 342 1349139 366 1378756 390 1234166 391 0
0
119 1 1467 28 0.9186598758409407 0.08312156718054547 0
14 289 0 290 2982275 315 3489006 339 2017705 364 2110224 388 1224617 413 1166527 437 862888 462 1812863 486 1245882 511 1287667 535 648969 560 1079325 561 0
1 118
120 2 771 51 0.9126853997920558 0.04525104202431738 0
23 97 0 98 2867961 123 1826175 147 1106014 172 763050 197 525841 221 311531 246 178727 271 270844 296 501678 320 881506 345 1487926 370 1030601 394 1077219 419 1023352 444 1371532 469 1051640 493 1169707 518 1629502 543 1283884 567 955195 592 948634 593 0
2 118 119
121 1 791 20 0.9101225670083419 0.12308400279091006 0
24 37 0 38 1832804 63 2437939 88 2269713 114 1845831 139 1715844 164 1727241 189 1349175 214 1237623 240 1432770 265 1167341 290 670680 315 554238 340 588834 365 951715 391 528562 416 627951 441 680483 466 408790 491 245486 517 294840 542 397799 567 385196 568 0
0
122 1 1122 13 0.9255591561661036 0.04820418097027208 0
30 11 0 12 2996756 37 3027556 63 2492371 88 2265747 113 1847890 138 1807169 164 1255286 189 774881 214 788967 240 843443 265 495129 290 351900 316 522211 341 506329 366 680227 391 441438 417 305940 442 259262 467 286937 493 235814 518 407712 543 296623 569 343016 594 312726 619 384598 644 423963 670 499762 695 437726 696 0
1 121
123 3 952 209 0.924699540705912 0.14371608326400992 0
24 25 0 26 1646022 51 1649353 76 1192584 101 2052052 126 2091060 151 1443420 176 1311480 201 929089 226 677653 251 475823 276 475339 301 417957 326 577876 351 573802 376 645754 401 1009087 426 1116817 451 1104281 476 1145255 501 1508205 526 1867263 551 890113 552 0
0
124 3 822 191 0.91587980310014 0.1474635289585676 0
16 283 0 284 2327162 310 1286483 335 1590406 361 1415930 386 1311126 412 1017140 438 786409 463 643378 489 494114 515 512174 540 434403 566 491635 591 436681 617 504319 618 0
2 123 125
125 1 1010 136 0.9294052591995838 0.05834786920100235 0
17 138 0 139 950943 164 943394 189 811256 214 938689 238 1014837 263 810145 288 928232 313 865103 338 1119083 363 1315418 388 2309712 412 2943243 437 2245773 462 2487730 487 2107406 488 0
0
126 2 1393 74 0.9233137911905679 0.0768029149468198 0
14 205 0 206 161864 230 244363 254 410478 278 382412 302 686416 326 925692 351 1625703 375 1765951 399 1439727 423 1340720 447 1480387 471 1903884 472 0
0
127 1 576 143 0.9295277010416243 0.09565610042298066 0
11 179 0 180 2195702 204 1403098 227 1529996 251 1514132 275 1851418 298 1205334 322 778490 345 839067 369 564110 370 0
1 126
128 1 1022 59 0.9145030750027603 0.07081569408631701 0
19 157 0 158 831153 183 567257 207 534726 232 800359 257 1121315 282 979671 307 1011732 331 1136020 356 1004014 381 957480 405 1272741 430 1061681 455 1551760 480 1782360 505 2121337 529 2782391 554 2669877 555 0
0
129 3 1410 185 0.9121219435158326 0.020332802403385124 0
24 69 0 70 1103564 95 899287 120 814451 145 764399 170 841901 195 517248 220 862681 245 707741 270 814522 295 1280607 320 990242 346 1041507 371 1410878 396 1011466 421 729071 446 798857 471 1063142 496 1323133 521 1246307 546 1722696 571 1799196 596 2177619 597 0
3 128 130 131
130 3 1412 168 0.9185632957041882 0.10145010155645169 0
18 244 0 245 344455 270 415395 294 580928 319 883089 344 1079924 368 1071389 393 1629013 418 3185291 442 1960102 467 2470920 492 2360671 516 3042436 541 2688499 566 2196026 590 1552971 615 1384806 616 0
0
131 3 1164 341 0.9192235285783434 0.03868094566927341 0
22 224 0 225 1050909 249 837307 274 886442 298 862470 322 963619 347 1750466 371 1526827 395 1217376 420 989170 444 1795265 468 2875708 492 2512368 517 3264785 541 2928600 565 3181165 590 2852744 614 1654740 638 1848342 663 1476486 687 1480576 688 0
1 130
132 1 991 127 0.9255969163876893 0.024270877673054057 0
24 60 0 61 713298 87 641404 112 1039856 138 1417326 163 2543903 189 2114246 214 1089663 240 1653382 265 2240163 291 1260309 316 1349109 342 1538444 367 2133681 393 2044375 418 2558770 444 2844627 469 3199704 495 2020449 520 1539648 546 1894849 571 1832188 597 1815648 598 0
0
133 3 1020 32 0.9201841653605797 0.034389741771709156 0
13 274 0 275 859730 299 1046662 324 985723 348 1501072 372 1011781 397 948013 421 800749 445 1032405 469 1017098 494 1565737 518 2046411 519 0
0
134 1 1007 180 0.9265683787860084 0.10774516795192217 0
10 30 0 31 1522122 56 1238100 81 1317998 106 1189687 131 1259222 156 864463 181 708445 206 861676 207 0
0
135 3 835 108 0.9159116683414184 0.009161380749733822 0
24 79 0 80 1193261 106 898511 131 927080 157 1142941 182 1272593 208 1456797 233 1282087 259 681878 284 750077 310 1317310 335 1343393 361 1112435 386 1345627 412 1043664 437 1211346 463 1380574 488 1604204 514 1936267 539 2202077 565 1714866 590 1615342 616 2202853 617 0
1 134
136 1 503 99 0.9200150391177779 0.13522616545828778 0
13 76 0 77 4216751 103 1697335 129 2130680 155 1755958 181 997707 207 914539 234 787377 260 687634 286 792479 312 967454 338 551741 339 0
1 134
137 2 1227 376 0.9129385890163371 0.08794321548684837 0
8 37 0 38 1787106 65 1483474 92 1969411 119 1837545 146 2028498 173 1438103 174 0
0
138 1 1107 269 0.9159749132274403 0.1409933794422209 0
15 136 0 137 466062 161 826702 186 813398 211 945568 235 1349958 259 1842251 284 1516326 309 1505200 333 1283268 357 1366688 382 1114046 407 1872627 431 1516827 432 0
0
139 3 1032 188 0.9165632560469105 0.1298032813765314 0
12 239 0 240 2039138 264 1050065 287 1338573 311 1149954 335 1489992 358 1236815 382 1455220 406 1166012 429 2132866 453 2046917 454 0
1 138
140 2 1285 318 0.9232316992768484 0.11334093510031783 0
23 156 0 157 1988612 182 2013167 207 1587415 231 1868890 256 1268494 281 1291770 305 861460 330 1948640 355 982697 380 1334251 405 1048286 429 995834 454 818013 479 1353621 503 1638692 528 2501154 553 1751794 578 1458089 603 935511 627 782445 652 668707 653 0
1 138
141 3 1112 258 0.9107821617427534 0.11393166933244288 0
30 3 0 4 949686 29 871255 54 1225530 79 931784 104 1101772 129 1092871 154 674990 179 676362 204 376468 229 269204 254 325508 279 280056 304 485673 329 899628 354 653655 379 1003872 404 671824 429 1795711 454 1397596 479 1270186 504 1054652 529 1473926 554 1639804 579 1328516 604 972619 629 1377982 654 1793405 679 1456952 680 0
0
142 3 1313 132 0.918969884368298 0.08218328169961721 0
20 63 0 64 1076042 89 1041433 114 794387 140 881641 165 1176568 190 1214686 215 1066921 241 1099305 266 730416 291 627996 316 1098634 342 1514565 367 1235494 392 1234868 417 1505864 443 1673149 468 2654181 493 2381455 494 0
1 141
143 2 586 322 0.9253668326128438 0.042226299810929915 0
8 77 0 78 2224198 104 1398083 130 1498550 155 2094168 181 2236846 207 1965051 208 0
0
144 2 900 33 0.9193379765196094 0.04708141024668026 0
22 196 0 197 1934541 222 2527415 248 2655916 273 2333340 298 2690005 323 1516648 349 1102872 374 597460 399 264393 424 87886 450 184927 475 275404 500 362670 525 618889 551 665424 576 318330 601 476286 626 439951 652 233791 677 146088 678 0
3 143 145 146
145 1 1292 174 0.9298000359093495 0.1391605307054423 0
25 116 0 117 872450 142 1009655 168 955142 193 1992116 219 1135998 244 1514013 269 1409179 295 949798 320 1677169 346 2108196 371 2940565 397 3244072 422 2195398 447 1736055 473 2280964 498 1578230 524 1274080 549 882220 574 1288992 600 1118157 625 1280841 651 969293 676 1768331 677 0
0
146 1 1230 259 0.9261972080746673 0.011900878266028191 0
21 178 0 179 735657 203 649578 228 379991 252 1125839 276 2174241 300 2089191 325 2572784 349 2015682 373 2119801 397 1546096 422 974455 446 1551859 470 1323938 495 1171402 519 1423949 543 1458867 567 1136331 592 1000436 616 829100 617 0
1 145
147 3 1448 272 0.9103293898856718 0.054826274421943384 0
8 124 0 125 1700276 148 1909052 171 1400078 195 880234 218 1079224 241 1027024 242 0
0
148 1 1195 296 0.910949386788928 0.07557492365818688 0
30 7 0 8 1189330 33 839309 58 599203 84 556147 109 622769 134 1018814 159 739771 184 460565 209 731606 235 1609351 260 1312283 285 1850562 310 2093468 335 2383232 361 2483105 386 2840173 411 3076086 436 3444484 461 4061191 487 3268794 512 2475010 537 1546185 562 1214290 587 1177692 612 1671062 638 1604205 663 1464126 688 1439811 689 0
1 147
149 1 630 40 0.9170171977534827 0.14154246011704474 0
9 15 0 16 1172675 39 1129332 62 1180023 85 1231068 107 1398255 130 1021903 153 915151 154 0
1 147
150 3 927 101 0.9195188851145439 0.05578139910852307 0
27 46 0 47 436810 72 864950 97 584121 122 373018 147 496413 172 490555 197 933978 223 823781 248 808851 273 1378058 298 2256003 323 2410013 348 2369861 373 1663605 398 1831397 423 2252946 448 4066705 473 4993843 499 3732719 524 1851568 549 881388 574 456546 599 227578 624 180186 649 83736 650 0
3 147 148 149
151 3 834 366 0.9169361654732207 0.0072428519228283465 0
20 14 0 15 1829811 40 2594865 65 1877438 90 1912457 115 1417569 141 1339251 166 1093932 191 1280895 216 625465 241 477385 266 652247 291 568448 316 772720 342 847601 367 550201 392 584579 417 487005 442 670346 443 0
0
152 2 1087 119 0.9112030708523984 0.02852537971956453 0
17 276 0 277 663412 303 530934 328 468109 354 640001 380 871283 405 1163551 431 804804 457 743094 482 1026639 508 1295375 533 2057331 559 2343686 585 1526026 610 1764844 636 3538185 637 0
1 151
153 3 1270 7 0.9100586577983896 0.027473120183460324 0
12 33 0 34 488026 60 410706 86 345864 111 745141 137 960368 163 758885 189 1365975 214 1543667 240 2073234 266 2122831 267 0
1 152
154 2 781 35 0.9277164221604222 0.10044599689889325 0
25 28 0 29 676580 54 1097901 79 1727670 104 2140226 129 1844296 154 1825234 179 1028856 204 1344106 229 1388398 254 1727207 279 1563036 304 1575037 329 1328091 354 1295084 379 1180194 404 1645807 429 1454939 454 2916000 479 3208609 504 1716193 529 2199984 554 1790800 579 1800626 580 0
0
155 1 880 280 0.9115005573516987 0.1487332840862186 0
17 148 0 149 2516471 173 2214009 198 2154506 222 1740281 246 1979674 270 2647127 295 2515842 319 1748893 343 957342 368 825494 392 634482 416 463563 440 780766 465 681432 489 910996 490 0
0
156 2 1389 2 0.9269476795721824 0.07967523826866756 0
12 231 0 232 1018242 258 1082099 284 1395341 309 1061529 335 780678 361 1053377 387 1255735 412 1133909 438 980968 464 848051 465 0
1 155
157 3 659 336 0.9287280227189707 0.014456534235165752 0
13 374 0 375 2513485 399 1994943 422 1921346 446 2594390 470 1629083 493 1333870 517 1640149 541 1319338 565 705538 588 1266874 612 889020 613 0
2 155 156
158 2 764 273 0.9100677327560659 0.014580472803603127 0
11 440 0 441 2488404 466 2780154 491 1738408 517 1356857 542 1344274 567 2071639 593 893625 618 837762 643 502262 644 0
1 155
159 1 930 194 0.9276302461559295 0.09412134673956171 0
12 486 0 487 1085659 511 844828 534 686354 558 473581 582 449730 605 799818 629 1097699 653 1359212 676 2569991 700 3499948 701 0
0
160 1 1409 246 0.9139453344987323 0.139424578073486 0
11 372 0 373 717132 398 781627 423 809527 449 1118058 474 922235 499 1083528 525 1412152 550 1520559 575 1526186 576 0
1 159
161 3 1412 366 0.9297030943380815 0.13270502451031183 0
8 67 0 68 1987688 94 2284954 120 1678804 147 2295765 173 1401933 199 1133472 200 0
0
162 1 1184 251 0.9212581913949626 0.05918229389625097 0
28 12 0 13 468458 37 379919 62 808376 86 800887 111 827153 135 927118 160 1681616 184 2244841 209 1377787 233 2056635 258 821648 282 1053571 307 807328 331 1210073 356 1082639 380 891352 405 1379156 429 913506 454 1001969 478 1199165 503 3092451 527 2600179 552 2570258 576 3118841 601 3715808 625 2673392 626 0
0
163 3 563 330 0.9278530659035941 0.11891060077115423 0
22 200 0 201 1729114 226 1082219 251 2056380 276 1819727 301 2163625 326 2352328 351 1025559 376 858077 401 794495 426 748522 452 851727 477 917755 502 1566083 527 1385038 552 1691000 577 2418696 602 3263120 627 2810102 652 2387299 677 1905624 678 0
1 162
164 1 1146 117 0.9101397046431449 0.12513633360833018 0
23 138 0 139 1762654 164 1354454 189 1124909 214 1450784 240 1264100 265 1379478 290 1171543 315 1131262 340 1179169 365 1252809 391 1140374 416 980615 441 740992 466 711595 491 296875 516 229570 541 171715 567 184179 592 104571 617 139730 642 259048 643 0
0
165 1 553 145 0.9244137766201201 0.06400478879904438 0
10 401 0 402 1032436 428 1269215 453 1610630 479 1984959 505 1933280 531 1636198 556 2097852 582 1751248 583 0
0
166 2 940 48 0.9137846200485787 0.07111885107870038 0
30 18 0 19 2315439 44 2362214 69 1207267 94 1375401 119 1627684 145 1384124 170 1458095 195 1810670 220 906521 245 581861 270 924984 295 949493 320 678128 345 1608924 371 2353011 396 2135670 421 1594170 446 973716 471 1046693 496 1122180 521 905607 546 1048815 571 1502465 597 1728285 622 814523 647 1168755 672 1176143 697 713985 698 0
1 165
167 1 1084 202 0.9207152983273309 0.02029256403369769 0
28 40 0 41 3512566 66 3918024 91 3124176 116 2249481 140 1653343 165 1772400 190 1911403 215 1295605 240 1127018 265 643300 289 703068 314 1289502 339 1104474 364 944769 389 664106 414 663079 438 665565 463 733535 488 667200 513 580219 538 786527 563 569357 587 704486 612 481205 637 315001 662 365965 663 0
0
168 3 1193 324 0.9135793694756219 0.013572537894103991 0
12 350 0 351 469781 376 652589 400 677398 425 845130 450 1335203 474 1266913 499 752022 524 1483946 548 2317092 573 2614454 574 0
0
169 2 526 142 0.9187123985697145 0.04062676348971203 0
16 46 0 47 1038650 72 1000630 98 628391 123 640335 149 529347 174 641391 200 753900 225 1333663 251 1706410 276 1736865 302 2342321 327 1617946 353 1694130 378 2629175 379 0
1 168
170 2 1240 40 0.9274667955795408 0.014971469401294707 0
14 161 0 162 1094301 188 1522018 214 2596896 240 2731635 266 2004609 292 1197217 317 2313338 343 1572152 369 1771566 395 2028318 421 1514097 447 1388859 448 0
0
171 2 1449 200 0.9274587432979222 0.10708337264116244 0
11 232 0 233 967766 258 1021486 282 933254 307 1361212 331 1361108 356 2056497 381 1942740 405 2430398 430 1826811 431 0
1 170
172 3 529 380 0.9273710098444043 0.025150822105330057 0
26 78 0 79 278192 103 579316 128 925447 152 1061357 177 2155837 201 1730435 226 1513853 250 1646625 275 1920420 299 3231677 324 2071031 348 1433422 373 1102730 397 1347773 422 805554 446 898652 471 1291287 495 923815 520 1173267 544 876129 569 557225 593 864832 618 537575 642 672477 643 0
3 170 171 173
173 3 1386 254 0.916679179583864 0.06644983127785178 0
25 91 0 92 146161 117 206276 143 486011 168 655285 193 1108584 219 1522661 244 1589722 270 769175 295 647113 320 1584047 346 766138 371 643861 396 741175 422 907302 447 395289 472 333964 498 538320 523 1048812 549 1762533 574 1774885 599 1866161 625 1907794 650 2075111 651 0
0
174 1 560 202 0.9204752259984925 0.043904779415509236 0
15 340 0 341 4012857 366 2318070 392 1814035 417 1274142 443 1074783 468 892428 493 814399 519 860190 544 1036358 570 1244271 595 982757 621 744254 646 1002092 647 0
0
175 2 1157 385 0.917693924232406 0.10549232747195658 0
18 324 0 325 114831 350 126393 375 155696 400 135519 425 170343 450 83835 475 136205 500 156393 524 285433 549 362643 574 953131 599 1651006 624 1589239 649 2423154 674 3134071 699 2362016 700 0
0
176 2 879 104 0.9142795607412566 0.14142552711041304 0
28 21 0 22 2184681 47 1824087 72 2219283 97 2454000 122 2238874 146 1793610 171 3363380 196 2824291 221 1878214 246 1235493 271 1140918 296 1475607 321 1489188 345 924335 370 773868 395 417893 420 476172 445 462228 470 289411 495 269559 520 245520 544 259796 569 477940 594 509477 619 372003 644 413477 645 0
1 175
177 2 651 241 0.9144451973669868 0.1301706268071226 0
30 9 0 10 1128009 35 1424434 60 1025098 84 1530382 109 1389027 134 697771 159 590005 184 950102 209 1045295 233 1156929 258 1629288 283 1892958 308 2514431 333 2269370 357 2191517 382 1785872 407 991709 432 1501925 457 1658671 481 2919411 506 2804169 531 2772221 556 2208643 581 2125795 606 1612465 630 1553917 655 1340444 680 2361575 681 0
0
178 2 630 169 0.927174193084581 0.11378246990697644 0
15 50 0 51 440319 76 355367 101 1321004 125 1570455 150 1350831 175 2156104 200 2235005 225 1707671 250 941060 275 950139 299 973292 324 1344484 349 1350857 350 0
1 177
179 1 863 130 0.9250862952810729 0.0034951813050327516 0
18 208 0 209 477130 234 373845 259 604877 284 688965 309 583009 334 1228863 359 2264754 384 2533260 410 3128167 435 1933721 460 2570216 485 2173913 510 1856943 535 1103217 560 586442 585 300071 586 0
0
180 3 1105 78 0.9262809984505307 0.07489745821276905 0
15 345 0 346 1370484 372 1368791 397 1191680 423 1279667 449 1764886 474 2134762 500 1845377 526 1393514 551 1499341 577 2520479 603 1716953 628 1078000 654 702522 655 0
1 179
181 1 1150 25 0.9237590100152444 0.01601698373925348 0
11 366 0 367 1268906 390 1262827 414 1653990 437 2466473 461 2111208 484 1390408 507 464923 531 963739 554 939515 555 0
1 180
182 2 1367 228 0.9289799237698524 0.08956345228700213 0
26 130 0 131 1468378 156 1640276 180 1018078 205 2171975 229 1754811 254 1773267 279 1122836 303 2108643 328 1535235 352 1231784 377 1635902 402 2685224 426 1978487 451 941483 476 950961 500 940783 525 667316 549 652861 574 492325 599 393238 623 458344 648 356699 672 176230 697 159861 698 0
0
183 1 583 134 0.9223571079569853 0.07064610497422831 0
24 44 0 45 1307361 70 994970 94 1123458 119 966270 144 1025868 168 1266768 193 1239726 218 2617369 242 1859249 267 1933352 292 1181474 316 1287098 341 549747 366 532216 390 480841 415 413811 440 371400 464 614478 489 554818 514 431156 538 436701 563 302562 564 0
1 182
184 2 1291 209 0.9201742820796738 0.014994420253541123 0
15 367 0 368 1446027 392 1587939 417 2169123 441 1947325 465 1829604 489 1330580 513 1677047 538 926111 562 620972 586 1251801 611 1467270 635 1286416 659 1281635 660 0
1 183
185 3 596 192 0.9163600256274792 0.08388408661613832 0
23 130 0 131 372855 156 615488 180 1043044 205 1554619 229 1464120 254 1519026 278 2369501 303 2483836 327 1680667 352 1162148 377 1720703 401 2410139 426 1567844 450 1710859 475 1407938 499 1071715 524 1132023 548 1449069 573 819496 597 1273752 622 1057406 623 0
0
186 2 1192 166 0.9282487692802004 0.08236185178562283 0
21 55 0 56 755924 81 1006873 105 599461 129 1005225 154 1185902 179 1398856 203 1511388 227 2126033 252 1727786 277 1698889 301 1322375 325 1342306 350 1665527 375 1403691 399 2616384 423 1446185 448 1955701 473 2516714 497 1734219 498 0
1 185
187 3 1405 70 0.9167020028070902 0.04179656800595164 0
11 337 0 338 1598780 364 2712290 390 1305876 416 1387402 443 1019333 469 1012193 495 929245 521 652283 547 1055117 548 0
0
188 1 835 61 0.9244458115413379 0.12455128286323729 0
31 4 0 5 2375719 30 2063914 54 1112994 79 1374279 104 1130208 129 1205298 153 916981 178 823836 203 748738 227 553046 252 479702 277 621677 302 917652 326 748770 351 520161 376 915453 400 740551 425 335270 450 401758 475 631914 499 627072 524 510695 549 855035 573 1017209 598 704249 623 865360 648 1070892 672 1235592 697 537764 698 0
2 187 190
189 3 1233 145 0.9111703893551706 0.01716472999988399 0
12 73 0 74 897021 100 1134065 126 869275 152 884056 178 792022 205 1049494 231 879523 257 1291097 283 1407611 309 1744115 310 0
2 187 190
190 2 769 357 0.9244499448775689 0.1388066731306272 0
23 202 0 203 1027068 227 885607 252 852973 276 536590 301 812186 325 915953 349 1124740 374 1600631 398 1427800 423 1585068 447 986732 471 1125820 496 1268978 520 1444640 545 1463056 569 1316607 593 2050819 618 2377279 642 2394628 667 1877182 691 1839550 692 0
0
191 1 1302 371 0.916302129841846 0.10866432027502806 0
26 120 0 121 3083296 146 2910529 170 2200208 195 1933438 219 2169654 244 1463806 269 1240572 293 740968 318 870778 342 993373 367 826832 392 701808 416 744552 441 1046728 466 1178780 490 1582145 515 1605789 539 1259932 564 906591 589 1426523 613 1225654 638 1444444 662 918811 687 1000185 688 0
0
192 2 639 100 0.9163217943153458 0.12444379389013191 0
27 69 0 70 386323 95 268857 121 269928 146 194507 172 168762 197 227276 223 190069 248 216457 273 268772 299 214237 324 293382 350 317885 375 293328 400 301161 426 250829 451 380661 477 367939 502 604429 527 706614 553 1229080 578 2230232 604 1780042 629 2324991 655 1737927 680 3331423 681 0
1 191
193 1 1024 49 0.9257805815486791 0.12215512447698593 0
16 361 0 362 1047011 386 836577 411 1199457 435 1136067 460 1020798 484 990520 509 1125450 533 930918 558 1430417 582 1607628 607 1380008 631 631884 656 705845 680 1144349 681 0
1 191
194 2 857 51 0.9194359520417134 0.1413904802304128 0
10 306 0 307 1164102 332 847465 357 428512 382 688859 408 1292584 433 1589140 458 1470334 483 983573 484 0
0
195 2 1069 284 0.9138620559990289 0.14044720327744528 0
9 492 0 493 846833 519 692386 544 1373561 570 2035235 596 1416586 621 906847 647 617953 648 0
1 194
196 3 1356 126 0.9207761946010845 0.05148422559767236 0
21 193 0 194 310907 220 426537 245 457039 271 433141 296 582516 322 718879 347 1224514 373 1469533 398 1238804 424 2215323 450 1714121 475 2735591 501 1953232 526 2771203 552 1372221 577 1746290 603 1452615 628 1331197 654 875130 655 0
0
197 3 1166 257 0.9145643260278824 0.09201031619758528 0
24 24 0 25 2389933 50 2617535 75 1845631 100 1643217 125 1225685 150 1229103 174 1325613 199 893137 224 813834 249 689862 274 468770 299 359474 324 416335 349 271696 374 238248 399 244217 423 354715 448 351497 473 525422 498 362860 523 237574 548 274552 549 0
0
198 1 1284 249 0.9254805925475352 0.06766333054912498 0
21 71 0 72 3137321 97 3174592 122 4480124 146 2286664 171 1794932 196 1144601 221 1419801 245 1447985 270 1237647 295 1182066 320 1075985 345 1371242 369 1167584 394 1388364 419 1486215 444 972892 468 1518037 493 1894933 518 1497187 519 0
1 197
199 1 908 177 0.91320234877002 0.07552531281694594 0
22 179 0 180 1407292 206 1275840 231 1663523 257 1607863 282 1225833 308 1922793 333 2572198 359 1809731 385 1161552 410 1575950 436 2000978 461 2145269 487 1583293 513 2673460 538 2445530 564 2362123 589 3044311 615 2832994 640 1110281 666 973046 667 0
2 197 200
200 1 703 17 0.9202512920323906 0.043563999952122255 0
21 78 0 79 1860150 104 1210392 128 1312295 153 1160797 178 2027369 202 1274052 227 1075464 252 1742852 276 1446053 301 914869 326 1257980 350 932394 375 638193 400 702698 424 625016 449 416909 474 185285 498 154962 523 186976 524 0
0
201 2 717 188 0.9212178362640443 0.09702336404618812 0
27 50 0 51 814656 76 748176 101 656488 126 556440 151 717192 176 527580 201 391086 226 440630 251 395638 276 266525 301 237757 326 279179 351 683806 375 1608244 400 1802324 425 2063239 450 1224452 475 1457944 500 1582420 525 1916114 550 2293053 575 2085473 600 3261539 625 3695883 650 3475488 651 0
0
202 2 840 186 0.9177564958582218 0.05157471525300205 0
26 95 0 96 3017783 121 2490558 147 2233496 172 2374663 197 1547874 222 1090093 248 945907 273 1088731 298 987520 323 953282 349 860768 374 933041 399 839843 424 582864 450 460466 475 264012 500 141745 525 146192 551 99341 576 91622 601 138464 626 187185 652 182387 677 154512 678 0
0
203 1 913 175 0.9195631014290361 0.057470233297308417 0
11 371 0 372 729223 398 716969 425 703919 451 1450333 477 1820497 504 1377701 530 880860 557 567538 583 419403 584 0
0
204 3 1198 350 0.9131144159764822 0.008865231108290178 0
25 30 0 31 796200 55 717307 80 767410 104 816838 129 725492 153 465451 177 466229 202 670004 226 645924 251 659303 275 771556 299 930813 324 991126 348 965783 373 1613821 397 987481 422 994935 446 987339 470 1853715 495 4311773 519 3344536 544 2366921 568 1925379 569 0
1 203
205 2 979 306 0.9123696457366414 0.03500533477055732 0
15 405 0 406 586664 430 827844 454 1005110 479 1151772 503 1883236 527 3646153 551 3124286 575 1969890 599 1765860 623 1055625 648 1302237 672 575877 696 683173 697 0
1 203
206 2 1338 24 0.9130169558061262 0.08731141529360027 0
12 109 0 110 2805783 135 2156264 160 1786375 185 1599045 210 2014442 235 1729116 260 1594460 285 826975 310 525541 335 591943 336 0
0
207 2 858 386 0.914307215656483 0.14169863478746772 0
24 89 0 90 2555099 115 2350554 141 2143650 166 2203912 192 2330729 217 2620646 243 1494898 268 1578942 294 1393275 319 1165043 345 1508454 370 1311346 396 1559103 421 1406400 447 1332842 472 1385604 498 1099820 523 1186885 549 1150746 574 1752766 600 1796702 625 1521409 626 0
2 206 208
208 3 904 81 0.9127559235629503 0.08285555663602888 0
18 330 0 331 1506062 355 2350772 379 2153284 404 2556684 428 2089297 452 2266022 476 1382035 500 1109681 525 1189821 549 1172688 573 2206928 597 1833969 621 1601319 646 1619311 670 2076277 694 1348201 695 0
0
209 3 787 22 0.9269264156040352 0.05245017737489827 0
27 35 0 36 3064594 61 2868481 86 2104063 111 1987032 137 2078525 162 2667561 187 2187595 212 3095301 237 1576463 262 1970756 287 1756565 312 1506127 337 3065554 363 1584182 388 1545365 413 1850539 438 1617305 463 2006098 488 1240328 513 1072171 539 966010 564 610551 589 674716 614 694267 639 394639 640 0
0
210 3 697 385 0.9248671080412717 0.038927230243816266 0
7 218 0 219 2024120 246 1451457 273 1021975 301 932486 328 1126494 329 0
1 209
211 2 1124 354 0.9182476830617892 0.08721216971547359 0
31 3 0 4 242902 29 186651 54 128772 79 143237 103 236965 128 337395 153 421767 178 564193 203 447841 228 546857 253 679555 277 407926 302 380970 327 337759 352 412200 377 408889 402 553449 427 543876 451 978270 476 1066476 501 1488124 526 1516115 551 1254482 576 1072048 601 1585529 625 1663559 650 2010340 675 3993179 700 5828075 701 0
2 209 210
212 3 539 81 0.9190374337908835 0.10923835888268327 0
19 286 0 287 1519852 312 1007353 336 1293202 361 1872124 385 1197568 410 1687858 435 1656955 459 2482073 484 1815720 509 1775290 533 1371975 558 870233 583 1303517 607 1377266 632 759631 656 1176158 681 2213120 682 0
1 209
213 3 1452 9 0.92418634333655 0.0966130444760858 0
23 151 0 152 2091150 177 1738534 202 1618853 227 1469746 252 1158596 277 852466 301 766742 326 500779 351 414583 376 532669 401 405225 426 421646 451 720251 476 611664 501 468689 525 558625 550 794102 575 716561 600 808599 625 962962 650 1244360 651 0
0
214 3 951 347 0.9110392206141972 0.011720263515514733 0
22 166 0 167 953894 191 855667 216 481881 240 861694 265 784031 289 964174 314 1387014 338 794870 363 1085376 387 939376 412 1883695 436 1808344 461 2690928 485 1174114 510 861843 534 653130 559 570186 583 401549 608 619705 632 577548 633 0
1 213
215 2 1288 102 0.928672956987565 0.11008169620611567 0
12 348 0 349 1170419 375 924930 401 390266 426 268208 452 406365 478 972957 504 679286 529 1813018 555 1672482 581 1865662 582 0
3 213 214 216
216 2 810 257 0.9222877148532971 0.023958631676624435 0
17 15 0 16 1180236 41 1465662 65 1007145 90 1603854 114 1188594 139 1139184 163 1525803 188 1259493 213 1303168 237 976381 262 1036499 286 1125048 311 1121525 335 1288016 360 1131265 361 0
1 214
217 3 1242 109 0.9175324411896552 0.007139952013567086 0
10 150 0 151 2037514 177 2160304 202 1611551 228 983706 254 1528415 280 1849358 305 949408 331 775678 332 0
0
218 2 1247 287 0.9135394165073131 0.10448559977312366 0
29 27 0 28 664830 53 411589 78 384620 103 291512 129 325469 154 423050 179 475582 204 1004321 229 847757 254 895274 280 1153736 305 1755826 330 1703617 355 1607623 380 1795519 405 1257068 430 1616273 456 1649103 481 1840386 506 2671973 531 3108595 556 1916380 581 1704069 607 1465900 632 2553148 657 4204123 682 3984108 683 0
1 217
219 3 1337 378 0.9277752309397216 0.1315946503457897 0
15 247 0 248 1218102 273 1292427 298 1205439 323 1782194 349 1420248 374 930217 399 843716 424 772615 449 1159121 475 984346 500 1589075 525 2069903 550 2167710 551 0
0
220 2 1406 366 0.9112651471261767 0.07201882582417132 0
9 406 0 407 1102934 430 1134583 454 1359117 477 1038295 500 1622711 524 1382487 547 2284306 548 0
1 219
221 2 1116 244 0.9289077429434099 0.08004920693496446 0
20 171 0 172 1103096 197 1026042 221 1404940 246 1582774 270 1654690 295 1085736 320 1990514 344 2290063 369 2018002 393 1459583 418 1876317 442 976075 467 735383 492 659624 516 865203 541 864097 565 1010238 590 810652 591 0
0
222 2 601 218 0.926347473662496 0.01713342173657706 0
18 137 0 138 63723 163 97246 188 134000 212 175027 237 233638 262 133307 287 86080 312 168513 336 220602 361 258521 386 580381 411 668695 436 950627 460 1332527 485 2216328 510 3146749 511 0
0
223 2 1337 224 0.9288708914815207 0.1259742443201698 0
16 245 0 246 1109705 271 988966 296 2031406 320 2831111 345 2226209 370 1700848 395 799892 419 643971 444 595534 469 314237 494 301127 518 300704 543 386456 568 297311 569 0
1 222
224 3 1391 233 0.9151685514891038 0.012221017931911032 0
25 116 0 117 1810827 142 2415318 167 3762629 192 1729905 217 1090607 242 958794 268 683680 293 560196 318 517597 343 235121 368 178612 393 277997 418 296749 443 320653 468 437171 493 465710 518 398592 544 368284 569 335670 594 145719 619 122260 644 123132 669 81261 670 0
0
225 1 1437 263 0.9195918033412748 0.1394038962959814 0
9 325 0 326 1508153 350 1684527 374 1975108 397 1016295 421 502962 445 537734 469 404366 470 0
1 224
226 3 1220 190 0.915481200577645 0.042257898663802564 0
23 172 0 173 975904 198 1053082 223 665518 248 664813 272 696178 297 508937 322 475082 347 886513 372 1510195 397 2988486 421 2131875 446 2488822 471 3722826 496 3393156 521 3886225 546 2159998 571 1992119 595 886987 620 1245857 645 1463037 670 808809 671 0
1 224
227 1 1421 283 0.9299948947131803 0.038185176649940464 0
15 263 0 264 1124543 288 1320154 312 863152 336 1051758 360 1412647 384 1839071 407 1405258 431 819850 455 526497 479 388258 503 328821 527 322595 551 234381 552 0
0
228 1 705 133 0.9183980453248347 0.08673463308361522 0
30 10 0 11 1575379 36 1017835 62 1277417 87 1003164 112 926447 138 826210 163 1020295 189 1362323 214 1168387 239 832339 265 1127446 290 1130899 315 970875 341 908538 366 834190 392 693826 417 745809 442 842625 468 662720 493 1222222 518 1699963 544 1314065 569 1434426 595 1546422 620 3025995 645 4207757 671 5771506 696 4592087 697 0
1 227
229 2 642 278 0.9190671529247768 0.09487845523659667 0
25 29 0 30 2222089 55 1766870 80 1883453 105 947389 130 690402 155 608034 181 601037 206 811288 231 679793 256 1114224 281 799218 306 753341 331 777565 356 778984 381 925523 406 834422 431 955533 457 1674666 482 2092385 507 2289148 532 2236100 557 2468810 582 3142816 583 0
3 227 228 230
230 2 519 232 0.9276686856474339 0.005210976442495968 0
15 53 0 54 2134023 80 1483904 105 2089341 131 2243304 156 3148725 182 2857478 207 1683042 233 1756998 259 1532596 284 915675 310 1265268 335 1654442 361 1970443 362 0
1 228
231 2 988 165 0.9264016049324452 0.02606813638421345 0
14 188 0 189 670898 213 949056 237 959255 262 1332309 286 1607304 310 1081693 334 1315737 358 1451365 382 1290380 407 1833124 431 3484165 455 3003867 456 0
0
232 1 517 132 0.9263532998884264 0.12368081649790694 0
10 290 0 291 1781758 315 1529032 340 1258768 364 1221796 388 845680 412 645397 437 566725 461 642850 462 0
1 231
233 1 1106 82 0.9199175459558161 0.1407928858585324 0
9 308 0 309 2240595 334 2482972 359 1824025 385 1197169 410 1328760 435 1883598 460 1498579 461 0
0
234 2 854 295 0.9118227945222019 0.05409710575460237 0
23 138 0 139 3485758 164 2890195 189 2614880 214 1748942 239 1172811 264 1139074 289 761976 314 915126 339 851119 364 1439675 389 1387787 413 1900758 438 1031019 463 1553601 488 1551524 513 1078800 538 756328 563 716818 588 694108 613 962317 638 1265595 639 0
0
235 2 564 10 0.919242120864938 0.03070419130399374 0
12 143 0 144 2681733 168 2430113 192 1265126 215 1662513 239 1471893 263 1060067 287 1462647 310 2197346 334 2047222 358 2103435 359 0
1 234
236 3 837 196 0.9228541106604289 0.09074437142763084 0
11 444 0 445 1058788 469 1015568 493 2147058 517 1835212 541 1764584 566 1658449 590 2337916 614 1366541 638 1394813 639 0
0
237 2 616 142 0.9179272588048348 0.07512584939785917 0
15 201 0 202 1177477 228 1822060 254 1486842 280 2140544 306 2091903 332 2416588 357 1553961 383 1476732 409 1257297 435 773194 461 566959 487 448635 513 434936 514 0
1 236
238 1 1040 328 0.920649085576223 0.0597845512652149 0
19 22 0 23 530529 48 378215 73 561263 98 618692 123 635042 147 679497 172 1061125 197 1964704 222 2570451 247 1586794 272 1566008 297 2044950 321 1694203 346 2411848 371 3012115 396 2311815 421 3117383 422 0
0
239 3 1356 141 0.921734550905955 0.13586678243539224 0
18 125 0 126 2668290 151 3254142 175 2327430 200 1956797 225 1262004 249 1181084 274 1393157 299 1759320 323 1866865 348 1379865 373 1384960 397 872839 422 508210 447 274229 471 165735 496 359822 497 0
1 238
240 2 1282 162 0.929970121828552 0.013989141085483714 0
13 35 0 36 726852 61 955683 87 738181 113 973388 138 882626 163 1541922 189 895160 215 752164 240 1176067 265 1771763 291 3251433 292 0
2 238 239
241 1 1291 132 0.9224721266717988 0.060142446973383404 0
30 29 0 30 804532 55 497813 80 684071 104 678261 129 1187425 154 1236468 179 1676917 204 2241856 229 1601935 253 2323597 278 1609370 303 1383410 328 1708230 353 1552112 377 1022216 402 1239204 427 1009313 452 2256876 477 1982919 501 2906030 526 1630548 551 2203113 576 3797209 601 2511124 626 3062631 650 1599226 675 1135876 700 611909 701 0
0
242 1 707 23 0.9268499031054848 0.054840306586616795 0
21 250 0 251 870192 276 599538 301 694566 326 660810 351 615031 375 716652 400 925332 425 1250990 450 1496300 475 1517659 500 1670454 525 2279362 550 1521978 575 2223123 599 2619707 624 3506916 649 1795255 674 941678 699 576089 700 0
0
243 3 862 387 0.9183720857256543 0.020593559344918997 0
30 17 0 18 259157 43 301648 68 331850 93 302428 118 512794 143 668089 168 410294 193 429002 218 512823 243 451209 268 464596 293 287930 318 377652 343 596659 368 664885 393 578759 418 638609 443 735818 468 506073 493 590391 518 594327 543 781376 568 778374 593 1351499 618 2474624 643 2569937 668 3008692 693 3804745 694 0
1 242
244 3 1138 244 0.9234625389835952 0.06727872524831789 0
28 58 0 59 630622 84 567777 108 504543 133 621194 157 726476 182 367073 206 355214 231 710190 255 368006 280 273513 305 395933 329 503151 354 387852 378 264741 403 242829 427 302137 452 419958 477 566993 501 434700 526 708242 550 939215 575 2088845 599 2771009 624 2781529 648 3498865 673 2903875 674 0
2 242 243
245 2 990 160 0.9218576589094409 0.07353766984346936 0
14 316 0 317 1653984 342 1500426 368 1595621 393 2217117 418 1371691 444 1258539 469 1132320 495 1217778 520 1020993 545 1090902 571 1269745 596 816472 597 0
0
246 1 539 373 0.9250527454841879 0.10725549153407751 0
27 57 0 58 636961 83 574827 107 800787 132 1272225 157 1293331 182 1142020 206 1475830 231 1781555 256 1772834 280 1510138 305 2119369 330 1275070 355 1124859 379 674300 404 916329 429 591839 453 840928 478 1556000 503 1258006 527 1496215 552 1361476 577 482205 602 475131 626 545919 651 888180 652 0
2 245 247
247 3 590 255 0.9164395751057267 0.05917574753684293 0
15 47 0 48 1143569 73 1393981 99 954686 124 859107 149 1064646 175 1480433 200 921547 225 1336123 251 1637813 276 1910526 301 1896458 327 1747329 352 3714818 353 0
0
248 3 1458 3 0.9245696883027099 0.11257032581355915 0
13 347 0 348 1437210 373 981669 397 2509845 422 2145249 446 1482180 471 1293964 496 1644106 520 908201 545 1129629 569 725869 594 763207 595 0
1 247
249 2 939 237 0.9284833722061075 0.09021752239767915 0
25 151 0 152 1012533 177 1147148 202 1588254 226 1160433 251 886753 276 1040349 301 971836 326 831174 351 798513 375 1761001 400 1246418 425 1200625 450 1358834 475 1300962 499 984791 524 1807983 549 1644367 574 2259582 599 2071768 624 2448745 648 1402930 673 2230874 698 2019104 699 0
0
250 1 1039 270 0.92185238788802 0.046861125812048335 0
24 173 0 174 1547984 199 1287512 223 1164242 248 1301505 273 1642780 298 1140824 322 895253 347 965025 372 1017661 396 1402551 421 2029903 446 2355042 471 1935982 495 1822841 520 1209820 545 1156356 569 1148455 594 1481326 619 1183629 644 1739498 668 2308334 693 2268785 694 0
1 249
251 1 747 299 0.9188065627532517 0.03823477892685787 0
10 352 0 353 1253298 377 1585445 400 1352472 424 859620 448 1297248 472 1435258 495 1839900 519 2230218 520 0
1 250
7 5 835932453958771801
0.98922632047529435 0.010772893081372545 7.8644333311045697e-07 0 0 0 0 
0.0089200006047319529 0.82084573547428608 0.17014975024161058 8.4513679371500254e-05 0 0 0 
0.00032472656255418781 0.42525637760150153 0.54726696567928534 0.027118825099963675 3.3105056695357375e-05 0 0 
0 2.1071624926509264e-06 0.0088247165752158799 0.97239821780546065 0.018752904064297013 2.2054392533978276e-05 0 
0 0 4.0831341991025342e-08 0.05709228986146922 0.91687433277577179 0.025980548067743438 5.2788463673516503e-05 
0 0 0 5.7211382554397352e-06 0.11572455964624589 0.85229561869238235 0.03197410052311643 
0 0 0 0 8.6627955780469427e-05 0.14807353929616543 0.85183983274805408 
7 0 0 0 0 0 0 0
0.02038172402087534 0.9951566041751273 0.8262207289683434
