A
700
317 512
1 15.0 18.0
2 15.0 19.0
3 30.0 57.0
4 30.0 58.0
5 4.0 31.0
6 5.0 31.0
7 12.0 28.0
8 13.0 28.0
9 11.0 13.0
10 12.0 13.0
11 10.0 22.0
12 10.0 23.0
13 4.0 22.0
14 5.0 22.0
15 28.0 56.0
16 28.0 57.0
17 15.0 28.0
18 15.0 29.0
19 11.0 20.0
20 11.0 21.0
21 5.0 30.0
22 16.0 28.0
23 16.0 29.0
24 12.0 20.0
25 12.0 21.0
26 11.0 23.0
27 40.0 60.0
28 41.0 60.0
29 29.0 58.0
30 31.0 52.0
31 32.0 52.0
32 26.0 54.0
33 27.0 54.0
34 13.0 29.0
35 1.0 23.0
36 2.0 23.0
37 26.0 63.0
38 26.0 64.0
39 31.0 60.0
40 32.0 60.0
41 25.0 50.0
42 25.0 51.0
43 32.0 58.0
44 32.0 59.0
45 42.0 51.0
46 43.0 51.0
47 31.0 59.0
48 30.0 59.0
49 44.0 50.0
50 44.0 51.0
51 42.0 58.0
52 42.0 59.0
53 28.0 59.0
54 29.0 59.0
55 41.0 58.0
56 29.0 57.0
57 28.0 58.0
58 25.0 64.0
59 25.0 62.0
60 26.0 62.0
61 24.0 63.0
62 25.0 63.0
63 32.0 51.0
64 30.0 51.0
65 30.0 52.0
66 11.0 14.0
67 31.0 51.0
68 14.0 28.0
69 14.0 29.0
70 31.0 58.0
71 14.0 16.0
72 14.0 17.0
73 29.0 56.0
74 26.0 50.0
75 26.0 51.0
76 24.0 62.0
77 12.0 17.0
78 13.0 17.0
79 12.0 16.0
80 13.0 16.0
81 11.0 24.0
82 12.0 24.0
83 12.0 23.0
84 8.0 26.0
85 8.0 27.0
86 12.0 19.0
87 13.0 19.0
88 11.0 22.0
89 24.0 52.0
90 25.0 52.0
91 14.0 19.0
92 10.0 21.0
93 13.0 20.0
94 12.0 30.0
95 13.0 30.0
96 5.0 21.0
97 6.0 21.0
98 43.0 56.0
99 43.0 57.0
100 6.0 31.0
101 6.0 32.0
102 6.0 30.0
103 12.0 18.0
104 5.0 23.0
105 6.0 23.0
106 5.0 32.0
107 7.0 28.0
108 8.0 28.0
109 14.0 18.0
110 16.0 19.0
111 16.0 20.0
112 12.0 22.0
113 6.0 24.0
114 11.0 12.0
115 24.0 49.0
116 24.0 50.0
117 24.0 54.0
118 25.0 54.0
119 4.0 32.0
120 5.0 24.0
121 6.0 27.0
122 6.0 28.0
123 6.0 26.0
124 7.0 26.0
125 2.0 24.0
126 10.0 20.0
127 3.0 22.0
128 3.0 23.0
129 4.0 24.0
130 2.0 22.0
131 0.0 24.0
132 1.0 24.0
133 24.0 64.0
134 26.0 49.0
135 16.0 18.0
136 3.0 24.0
137 28.0 60.0
138 0.0 23.0
139 26.0 55.0
140 42.0 52.0
141 43.0 52.0
142 4.0 30.0
143 13.0 18.0
144 24.0 48.0
145 16.0 16.0
146 16.0 17.0
147 29.0 60.0
148 26.0 52.0
149 10.0 12.0
150 10.0 13.0
151 4.0 20.0
152 4.0 21.0
153 42.0 50.0
154 6.0 22.0
155 7.0 27.0
156 6.0 20.0
157 12.0 14.0
158 10.0 24.0
159 30.0 60.0
160 25.0 49.0
161 24.0 51.0
162 15.0 20.0
163 32.0 50.0
164 25.0 55.0
165 25.0 56.0
166 10.0 14.0
167 3.0 20.0
168 17.0 18.0
169 12.0 29.0
170 28.0 53.0
171 28.0 54.0
172 5.0 20.0
173 4.0 23.0
174 26.0 56.0
175 43.0 50.0
176 14.0 20.0
177 3.0 21.0
178 24.0 55.0
179 14.0 30.0
180 27.0 53.0
181 31.0 50.0
182 15.0 30.0
183 24.0 56.0
184 25.0 48.0
185 16.0 30.0
186 26.0 53.0
187 17.0 17.0
188 42.0 57.0
189 43.0 58.0
190 26.0 48.0
191 27.0 52.0
192 28.0 52.0
193 30.0 50.0
194 30.0 56.0
195 42.0 60.0
196 44.0 56.0
197 44.0 57.0
198 44.0 58.0
199 45.0 56.0
200 42.0 56.0
201 41.0 59.0
202 44.0 52.0
203 40.0 58.0
204 40.0 59.0
205 44.0 60.0
206 40.0 56.0
207 44.0 48.0
208 40.0 48.0
209 42.0 48.0
210 34.0 56.0
211 36.0 56.0
212 34.0 54.0
213 36.0 54.0
214 36.0 52.0
215 34.0 52.0
216 32.0 56.0
217 32.0 54.0
218 38.0 48.0
219 40.0 46.0
220 36.0 46.0
221 38.0 46.0
222 38.0 44.0
223 40.0 50.0
224 40.0 52.0
225 34.0 48.0
226 36.0 48.0
227 36.0 44.0
228 34.0 46.0
229 32.0 46.0
230 32.0 48.0
231 34.0 44.0
232 30.0 54.0
233 16.0 22.0
234 30.0 48.0
235 0.0 36.0
236 2.0 36.0
237 28.0 48.0
238 28.0 50.0
239 6.0 50.0
240 8.0 50.0
241 2.0 34.0
242 4.0 34.0
243 2.0 32.0
244 24.0 60.0
245 2.0 18.0
246 4.0 18.0
247 8.0 22.0
248 4.0 36.0
249 18.0 32.0
250 20.0 32.0
251 20.0 30.0
252 18.0 28.0
253 18.0 30.0
254 14.0 22.0
255 14.0 24.0
256 18.0 20.0
257 10.0 16.0
258 32.0 44.0
259 8.0 20.0
260 26.0 60.0
261 6.0 48.0
262 20.0 28.0
263 0.0 34.0
264 4.0 16.0
265 8.0 30.0
266 8.0 12.0
267 8.0 32.0
268 16.0 32.0
269 4.0 48.0
270 4.0 50.0
271 8.0 48.0
272 12.0 32.0
273 4.0 26.0
274 8.0 52.0
275 8.0 24.0
276 10.0 18.0
277 16.0 24.0
278 14.0 32.0
279 2.0 16.0
280 8.0 14.0
281 4.0 52.0
282 8.0 18.0
283 28.0 64.0
284 28.0 62.0
285 8.0 16.0
286 4.0 28.0
287 0.0 32.0
288 6.0 52.0
289 0.0 16.0
290 40.0 64.0
291 44.0 64.0
292 24.0 32.0
293 24.0 28.0
294 4.0 44.0
295 20.0 24.0
296 0.0 48.0
297 0.0 52.0
298 0.0 56.0
299 8.0 8.0
300 8.0 40.0
301 8.0 44.0
302 48.0 52.0
303 8.0 36.0
304 0.0 28.0
305 28.0 32.0
306 4.0 56.0
307 8.0 56.0
308 4.0 40.0
309 0.0 40.0
310 0.0 44.0
311 32.0 64.0
312 0.0 64.0
313 8.0 64.0
314 16.0 48.0
315 16.0 40.0
316 16.0 56.0
317 16.0 64.0
316 317 8
314 315 8
314 316 8
313 317 8
312 313 8
309 310 4
308 309 4
307 316 8
307 313 8
306 307 4
300 315 8
300 303 4
300 308 4
300 301 4
298 312 8
298 306 4
297 298 4
296 297 4
296 310 4
294 301 4
294 308 4
294 310 4
292 305 4
292 293 4
290 311 8
290 291 4
287 304 4
286 304 4
283 311 4
283 284 2
282 285 2
281 306 4
281 297 4
281 288 2
280 285 2
279 289 2
277 295 4
276 282 2
274 307 4
274 288 2
273 286 2
272 278 2
271 314 8
271 301 4
270 281 2
269 296 4
269 294 4
269 270 2
268 315 8
268 278 2
267 303 4
267 272 4
266 299 4
266 280 2
265 267 2
264 285 4
264 279 2
263 287 2
262 295 4
262 293 4
261 271 2
261 269 2
259 282 2
123 273 2
123 124 1
122 286 2
121 123 1
121 155 1
121 122 1
120 129 1
119 242 2
119 243 2
118 164 1
117 178 1
117 118 1
116 161 1
115 160 1
115 144 1
115 116 1
114 149 1
113 123 2
113 275 2
113 120 1
112 254 2
111 256 2
111 233 2
111 162 1
110 135 1
110 111 1
109 143 1
108 265 2
107 155 1
107 122 1
107 108 1
106 119 1
105 154 1
105 113 1
104 173 1
104 120 1
104 105 1
103 276 2
103 143 1
102 265 2
102 122 2
101 267 2
101 106 1
100 102 1
100 101 1
99 188 1
99 197 1
99 189 1
98 200 1
98 196 1
98 99 1
97 154 1
97 156 1
96 172 1
96 152 1
96 97 1
95 179 1
94 272 2
94 169 1
94 95 1
93 176 1
92 126 1
91 176 1
91 109 1
90 148 1
89 117 2
89 161 1
89 90 1
88 112 1
87 93 1
87 143 1
87 91 1
86 103 1
86 87 1
85 108 1
85 155 1
84 275 2
84 124 1
84 85 1
83 112 1
82 255 2
82 83 1
81 158 1
81 82 1
79 257 2
79 157 2
79 80 1
78 143 1
78 80 1
77 103 1
77 79 1
77 78 1
76 244 2
75 148 1
74 238 2
74 134 1
74 75 1
73 194 1
72 109 1
72 78 1
71 145 2
71 80 1
71 72 1
69 179 1
68 69 1
67 181 1
66 166 1
66 157 1
65 232 2
65 192 2
64 193 1
64 67 1
64 65 1
63 163 1
63 67 1
61 76 1
61 133 1
61 62 1
60 284 2
60 260 2
27 290 4
27 204 1
27 28 1
26 83 1
26 88 1
26 81 1
25 112 1
24 86 1
24 93 1
24 25 1
23 185 1
22 277 4
22 252 2
22 23 1
21 102 1
21 142 1
20 92 1
20 88 1
20 25 1
19 24 1
19 126 1
19 20 1
18 23 1
18 182 1
18 69 1
17 68 1
17 22 1
17 18 1
16 56 1
16 57 1
15 171 2
15 174 2
15 73 1
15 16 1
14 96 1
14 154 1
14 104 1
28 195 1
28 201 1
124 155 1
1 135 1
1 109 1
1 2 1
247 275 2
247 259 2
58 62 1
58 133 1
29 54 1
29 57 1
29 56 1
2 110 1
2 91 1
2 162 1
248 308 4
248 303 4
59 62 1
59 76 1
59 60 1
13 152 1
13 127 1
13 173 1
13 14 1
125 132 1
125 136 1
3 194 1
3 56 1
3 4 1
249 268 2
249 253 2
249 250 2
126 276 2
126 259 2
4 70 1
4 48 1
4 29 1
250 292 4
250 251 2
127 130 1
127 177 1
127 128 1
5 142 1
5 119 1
5 6 1
251 262 2
251 253 2
6 100 1
6 106 1
6 21 1
252 262 2
252 253 2
7 169 1
7 82 4
7 108 4
7 8 1
8 68 1
8 34 1
9 150 1
9 114 1
9 66 1
9 10 1
254 255 2
10 157 1
255 277 2
11 247 2
11 92 1
11 88 1
11 12 1
12 158 1
12 26 1
257 276 2
257 285 2
30 65 1
30 67 1
30 31 1
31 215 2
31 217 2
31 63 1
32 186 1
32 118 1
32 139 1
32 33 1
33 180 1
33 171 1
34 95 1
34 169 1
34 69 1
35 132 1
35 36 1
36 128 1
36 130 1
36 125 1
37 62 1
37 60 1
37 38 1
38 283 2
38 58 1
39 159 1
39 47 1
39 40 1
40 311 4
40 44 1
41 116 1
41 74 1
41 160 1
41 42 1
42 90 1
42 161 1
42 75 1
43 216 2
43 70 1
43 44 1
44 47 1
45 140 1
45 153 1
45 46 1
46 141 1
46 50 1
46 175 1
47 70 1
47 48 1
48 159 1
48 54 1
49 207 2
49 175 1
49 50 1
50 202 1
51 189 1
51 55 1
51 188 1
51 52 1
52 201 1
52 195 1
53 57 1
53 137 1
53 54 1
54 147 1
55 203 1
55 201 1
56 73 1
128 173 1
128 136 1
129 273 2
129 173 1
129 136 1
131 304 4
131 138 1
131 132 1
133 317 8
134 190 1
134 160 1
135 146 1
135 168 1
137 260 2
137 284 2
137 147 1
139 164 1
139 174 1
140 224 2
140 141 1
141 202 1
142 286 2
144 314 8
144 184 1
145 146 1
146 187 1
147 159 1
148 186 1
148 191 1
149 266 2
149 150 1
150 166 1
151 246 2
151 172 1
151 167 1
151 152 1
152 177 1
153 209 2
153 223 2
153 175 1
154 247 2
156 259 2
156 172 1
158 275 2
160 184 1
162 176 1
163 230 2
163 181 1
164 178 1
164 165 1
165 174 1
165 183 1
166 280 2
166 257 2
170 192 1
170 180 1
170 171 1
171 232 2
176 254 2
178 183 1
179 278 2
179 182 1
180 191 1
180 186 1
181 193 1
182 185 1
183 316 8
183 244 4
184 190 1
185 268 2
185 253 2
188 200 1
189 198 1
190 237 2
191 192 1
192 238 2
193 238 2
193 234 2
194 232 2
194 216 2
195 205 2
196 202 4
196 199 1
196 197 1
200 206 2
201 204 1
202 302 4
203 206 2
203 204 1
206 211 4
206 224 4
207 209 2
208 223 2
208 219 2
208 218 2
208 209 2
210 212 2
210 216 2
210 211 2
211 213 2
212 215 2
212 217 2
212 213 2
213 214 2
214 224 4
214 226 4
214 215 2
216 217 2
217 232 2
218 221 2
218 226 2
219 221 2
220 228 2
220 227 2
220 226 2
220 221 2
221 222 2
223 224 2
225 230 2
225 228 2
225 226 2
228 231 2
228 229 2
229 258 2
229 230 2
230 234 2
233 254 2
233 277 2
234 237 2
235 309 4
235 263 2
235 236 2
236 248 2
236 241 2
237 238 2
239 288 2
239 270 2
239 261 2
239 240 2
240 274 2
240 271 2
241 263 2
241 243 2
241 242 2
242 248 2
243 287 2
244 260 2
245 279 2
245 246 2
246 264 2
1
76 84 2 1 3
250
1 3 1260 28 0.9129898061467094 0.04611168166366289 0
18 186 0 187 1726497 212 1432577 238 1723851 263 1501366 288 2041899 314 2160645 339 2225274 364 1091792 390 1009030 415 761200 440 764199 466 871231 491 489121 516 1213730 542 708284 567 481848 568 0
0
2 1 1491 205 0.9191397197897112 0.0065151773509652955 0
28 54 0 55 3269180 80 2131719 104 1795503 129 1850713 154 1962831 178 1201715 203 659051 227 676950 252 819196 277 1229894 301 1041045 326 1195766 351 1255652 375 1329297 400 1498008 425 1406081 449 763727 474 823188 499 977936 523 660706 548 711576 572 354281 597 648068 622 498741 646 590980 671 796137 672 0
1 1
3 1 1041 30 0.9107636168331725 0.024297264742543023 0
27 26 0 27 887627 52 763213 77 2080283 102 2155904 127 2034397 153 2162198 178 1667373 203 2498810 228 995018 253 752086 278 530554 303 806297 329 392143 354 532413 379 606995 404 337662 429 310033 454 196155 479 276698 504 428044 529 698222 555 361333 580 334415 605 257209 630 243343 631 0
0
4 3 1493 189 0.9121265594793034 0.10998676229068864 0
21 104 0 105 314978 130 375388 156 371511 181 415928 206 624719 231 686249 257 707485 282 577502 307 478774 333 328504 358 659458 383 880415 408 1813038 434 1912710 459 2149862 484 2604035 509 1400169 535 1056607 560 986873 561 0
2 3 5
5 3 1152 128 0.9277915637228471 0.1062884516459685 0
8 357 0 358 770182 384 745811 411 951344 437 883519 464 1233967 490 1509669 491 0
0
6 3 669 250 0.9117414376185646 0.1075985735336588 0
25 46 0 47 404307 72 857798 97 789997 123 687255 148 596234 173 808272 198 1038869 223 1540279 248 1532863 274 1933170 299 1694592 324 1413065 349 1708933 374 2286847 400 2481915 425 1753277 450 2031150 475 1260039 500 1286910 525 2265435 551 2906353 576 1777768 601 1413371 602 0
0
7 3 1092 71 0.9172008227482183 0.04781221557602367 0
9 430 0 431 1705674 454 1610342 478 1995971 501 2054584 524 2181783 548 2331495 571 1977403 572 0
1 6
8 3 531 51 0.9289222438905523 0.002860264002530505 0
9 499 0 500 1652621 524 1570193 548 1150373 573 1051664 597 1094083 621 727099 645 1035256 646 0
2 6 7
9 1 1109 68 0.9140701990813465 0.12784066391731996 0
9 519 0 520 1870159 545 1447506 570 2026877 595 1730157 620 1574697 645 2613624 670 2159012 671 0
1 8
10 1 1374 165 0.9242692495314856 0.016132021928254046 0
30 4 0 5 665402 30 943764 56 1905126 81 3363316 106 4771163 132 2213739 157 3706680 183 2549343 208 3359887 233 2712525 259 1996982 284 643379 309 853173 335 553246 360 472210 386 707456 411 711311 436 439218 462 285383 487 344246 512 271816 538 390939 563 619501 589 859721 614 520850 639 443859 665 354186 690 391521 691 0
0
11 1 582 176 0.9103445773650194 0.07058189188299084 0
16 32 0 33 2727854 59 2770566 85 2238325 110 1500085 136 1188781 162 873330 188 928319 213 711631 239 1040571 265 897916 291 540902 316 514100 342 378417 368 376795 369 0
0
12 3 1370 100 0.9244303575635575 0.14112751953374716 0
25 17 0 18 418979 43 415905 69 475375 94 568104 119 486538 145 821704 170 1184170 196 1262217 221 1128863 246 1075882 272 1450115 297 1169001 322 1680681 348 1428243 373 1667602 398 2178720 424 1797190 449 2519927 475 1292984 500 1334654 525 1559634 551 1181448 576 1647188 577 0
1 11
13 1 615 316 0.9263972168177851 0.06536686680857828 0
11 25 0 26 2859173 49 1764736 73 1519240 97 1767000 120 2924170 143 2109548 167 1620340 191 1615544 214 1016611 215 0
0
14 1 1021 85 0.9146964524625164 0.011025872963687422 0
24 158 0 159 1760268 185 1045743 210 1326206 236 1150718 261 1378260 287 1164282 312 818225 338 900662 363 965777 389 685164 414 724482 440 660683 465 715050 491 515301 516 874820 542 1590968 567 2280956 593 1001991 618 1380421 644 1789381 669 2073581 695 1446636 696 0
0
15 3 581 199 0.916390879811086 0.04816496842113117 0
21 101 0 102 975339 128 1056399 153 813346 179 743062 204 937220 230 1283767 255 2796318 281 2156564 306 1675872 332 1720596 358 976503 383 1181053 409 941129 434 935012 460 711339 485 1550417 511 1427274 536 1772519 562 3227007 563 0
0
16 3 759 217 0.9222212467652859 0.10745472946391631 0
11 339 0 340 1709989 364 1227321 388 1493462 412 1011465 435 1334385 459 1985061 483 1866393 507 2244599 531 2270190 532 0
0
17 1 1462 112 0.9172616122695388 0.1485306098357149 0
15 230 0 231 1348579 257 838015 283 1386981 309 1415001 335 1975230 361 1488830 387 1199974 412 1544894 438 1983268 464 1889116 490 2261566 516 2151662 542 2311543 543 0
1 16
18 3 1225 257 0.9243460246146794 0.08115998986413754 0
8 569 0 570 1907091 595 1395893 621 2022719 646 986289 672 1679386 697 2359723 698 0
2 16 17
19 1 1388 213 0.9114602092940854 0.0743148489285899 0
27 11 0 12 206752 37 190957 61 147696 86 147485 111 233465 135 248445 160 265738 184 348323 209 284877 234 374259 258 712291 283 801740 307 1054060 332 1445667 357 1447152 381 1460725 406 1209790 431 1822218 455 1623309 480 3519408 505 4215167 529 3677459 554 2904240 578 2501282 603 1974632 604 0
0
20 1 1175 28 0.9137541904667801 0.04341112450351637 0
23 6 0 7 1327320 32 1412149 56 2008498 81 2819406 105 1982964 130 2969354 154 1856982 179 1526658 203 1300693 228 834275 253 783935 277 792808 302 394216 326 250057 351 280272 375 220178 400 267082 424 369918 449 367534 473 820557 498 441265 499 0
1 19
21 3 1323 212 0.914209303822311 0.11154478465208041 0
22 172 0 173 2371607 198 2274859 224 3143931 249 3392059 274 2894975 299 1881414 325 1174943 350 605327 375 684435 400 496131 426 415944 451 375011 476 223561 501 229862 527 181299 552 215110 577 278156 602 271210 628 224758 653 354343 654 0
1 20
22 3 509 39 0.9250268710391281 0.027244813616417497 0
18 206 0 207 2478832 232 1897121 257 1366175 282 1259348 308 1213119 333 1103880 358 1081795 383 1002840 408 1054600 433 1334242 458 1049351 483 815876 509 1075568 534 1220544 559 1105003 584 1512166 585 0
0
23 3 1341 65 0.9285061995719246 0.12265664927123886 0
28 14 0 15 495631 40 599081 65 370481 90 511790 115 506448 140 523066 165 601101 189 546391 214 617500 239 796441 264 1196011 289 1393477 314 1039404 339 1104503 364 1425036 389 787556 414 866697 439 852822 464 1178167 488 2325474 513 2524586 538 3139951 563 3675902 588 2147296 613 1886119 638 1266672 639 0
0
24 3 568 265 0.9108812534919436 0.005602677431314473 0
22 197 0 198 1338133 223 1650120 248 1240621 273 1070666 297 1922941 322 1579290 347 1505575 372 1211143 397 1728655 422 1448123 446 1311787 471 1345664 496 1083662 521 631160 546 290687 571 201518 595 251889 620 195530 645 252567 670 226836 671 0
1 23
25 3 523 206 0.9179903025349495 0.05453676249644356 0
11 341 0 342 2170610 366 1815789 390 1501318 414 1168892 437 1223800 461 949457 485 1140745 509 1257331 533 901861 534 0
0
26 1 983 143 0.9249195627885329 0.11792644536724217 0
27 11 0 12 545430 37 460180 62 433614 86 559966 111 614488 136 1018923 161 1002081 186 966028 210 1012827 235 947989 260 1890335 285 3162354 309 4422266 334 2787021 359 2078353 384 1508996 409 1600439 433 1476192 458 1795562 483 2565729 508 2381028 533 1400826 557 829325 582 840771 607 879575 608 0
1 25
27 1 773 158 0.9117700643486326 0.05407348456878354 0
18 153 0 154 3546105 179 3339135 205 3022303 230 1644575 256 1101785 281 767032 306 743468 332 575773 357 694255 383 356277 408 462906 433 583155 459 634594 484 513906 510 374621 535 384944 536 0
0
28 3 1155 309 0.9263479900148859 0.07468257815020406 0
21 177 0 178 1181354 203 1554284 228 782916 253 710793 278 802777 304 734038 329 889020 354 991216 379 563107 404 820071 429 529062 454 631264 479 640510 504 602273 530 1049022 555 2762396 580 2595649 605 1841219 630 1716622 631 0
1 27
29 1 1161 290 0.9175061996621746 0.04626648645933039 0
18 242 0 243 1354076 268 1961422 294 947334 319 1351039 344 1181048 370 1197606 395 789576 420 780374 446 1154458 471 1091340 496 1717755 522 1347093 547 1222734 572 1115442 598 853616 623 876659 624 0
2 27 28
30 3 1091 94 0.9283108142887019 0.09834881292319615 0
23 4 0 5 718271 30 813596 55 1114431 80 1317868 106 1139034 131 1024140 156 711168 181 848326 206 1155323 231 620801 257 593858 282 614535 307 649016 332 719835 357 787308 382 1046578 407 1579354 433 1362511 458 1806174 483 2158414 508 2423592 509 0
1 28
31 3 849 290 0.9241694150222846 0.12192073584272083 0
13 89 0 90 2071725 114 1777519 138 1657501 163 651042 187 731053 211 658293 235 1182406 259 1493872 284 1303191 308 932409 332 1560507 333 0
0
32 3 1140 59 0.9270393887856455 0.09727229762651947 0
18 214 0 215 3771172 241 2525085 266 1982500 292 1593926 318 1910833 343 1110070 369 823701 395 462991 420 674403 446 483935 472 458681 497 610898 523 751730 549 542567 574 513124 600 643225 601 0
0
33 3 1191 167 0.9117965671422181 0.1410814312956322 0
23 4 0 5 399271 30 557378 56 340455 81 415191 107 559940 132 497842 157 391940 183 851894 208 528223 234 413720 259 685024 284 740852 310 967118 335 1324291 361 2093820 386 3061523 411 2404835 437 2963918 462 3374919 488 3591972 513 2929425 514 0
1 32
34 3 736 223 0.9214695408071142 0.07539253363857401 1
12 394 0 395 1980489 419 1452598 442 3401048 466 1930353 490 2316517 513 1402936 537 1489316 561 661956 584 648347 608 788610 609 0
1 32
35 3 1146 295 0.9297817648302902 0.061663719025528786 0
29 10 0 11 1867655 36 2024138 61 1745926 86 1208239 111 1765673 136 842999 161 1711552 185 913285 210 2065451 235 2038409 260 943319 285 675032 310 1030654 335 981993 360 1370710 385 1010879 410 1211238 435 714634 460 427906 485 327127 509 504724 534 647862 559 520364 584 369241 609 302506 634 196063 659 156373 660 0
0
36 3 1212 154 0.920938900417539 0.056990606820816296 0
17 36 0 37 711260 62 1270195 87 1212734 111 859847 136 1676180 161 1046082 186 1183665 211 636412 235 741797 260 1149069 285 1185319 310 996945 334 1180738 359 1200864 384 848069 385 0
1 35
37 1 806 19 0.912948320983431 0.1082892280656051 0
23 69 0 70 1110430 95 1257060 120 868083 145 1545384 170 1523726 195 3806266 219 1981868 244 2871465 269 2018569 294 3456326 319 2211360 344 2229959 369 1909393 394 782704 419 888096 443 844075 468 1460882 493 1452152 518 965042 543 1122432 568 1032121 569 0
0
38 3 1120 98 0.9213072120124409 0.13832088416295757 0
22 176 0 177 373421 202 414516 227 491739 252 480600 278 393114 303 453641 328 291315 353 242834 378 203703 403 272363 429 306807 454 600803 479 657918 504 1033605 529 922961 554 2464452 580 2192671 605 2192211 630 1080235 655 1577186 656 0
1 37
39 3 1493 223 0.9202371332741256 0.0018771339823421605 0
12 328 0 329 2345960 354 1434095 379 1009583 404 1454977 429 1361089 454 1371309 479 978454 504 602352 529 811435 554 766659 555 0
0
40 3 1108 188 0.9122994409560098 0.1264958799336013 0
8 306 0 307 1115303 330 1061570 353 1536487 375 1859700 398 1454214 421 1920153 422 0
0
41 1 1494 293 0.9291006081478234 0.11569129657934162 0
13 376 0 377 328872 401 250845 426 238096 450 391763 475 335226 499 407903 523 794334 548 1302020 572 1469365 597 1670257 621 2290982 622 0
1 40
42 3 878 197 0.9281630086650723 0.14666966947629329 0
23 88 0 89 344508 114 634881 139 370134 163 454355 188 490992 213 773081 237 492244 262 556281 287 658185 312 657461 337 910773 361 1058416 386 890343 411 1298443 435 1214696 460 1882981 485 1335346 510 1510240 535 2485409 559 3357812 584 6397707 585 0
0
43 1 1405 48 0.9280433984538077 0.1420190721721145 0
19 210 0 211 685370 236 646164 261 565396 286 949575 311 587624 336 877695 361 1235583 386 1164575 411 1391835 437 1336487 462 1561156 487 1914004 512 3147705 537 2464033 562 3343891 587 2699061 612 2410354 613 0
2 42 45
44 3 970 135 0.9100310321772392 0.14005032946053408 0
24 34 0 35 2348708 60 2600029 85 1904788 110 2299184 135 2652169 160 1719828 184 1012328 209 1121125 234 1122321 259 1078699 284 866317 309 726566 334 622043 359 301208 384 259974 409 260403 433 205020 458 185734 483 119894 508 179044 533 136968 558 107191 559 0
2 42 45
45 1 910 131 0.9184339914396406 0.05478878776466318 0
8 491 0 492 1577756 518 2011674 545 1416292 571 914311 598 691410 624 493563 625 0
0
46 3 1307 180 0.9296272086956864 0.13122294336429277 0
29 34 0 35 5542524 60 2782152 85 2453331 110 1863845 135 1832240 159 1803153 184 1351798 209 1394299 234 1905106 259 1782492 284 2362214 309 2829531 334 1867380 359 1311186 383 1146607 408 2090416 433 1559731 458 1860830 483 2097482 508 1302461 533 916183 558 664822 582 1052452 607 820926 632 844907 657 885664 682 1166256 683 0
0
47 1 1259 147 0.9275994436077145 0.07944898554702558 0
9 491 0 492 2260637 518 2315005 545 1918157 571 1421993 597 2072003 624 1232158 650 748489 651 0
0
48 3 738 20 0.9131293771624701 0.07057571380517297 0
16 141 0 142 1558705 167 2250431 192 1817392 217 1814882 242 2047859 267 2057158 292 1504272 318 1501120 343 624488 368 405185 393 693356 418 645785 443 554158 468 1033680 469 0
0
49 1 815 290 0.9148477399752465 0.06664893938205646 0
30 32 0 33 587158 58 1013475 82 1223797 107 542844 132 611424 156 472659 181 747760 205 907583 230 690617 255 685481 279 881942 304 1900156 329 1789639 353 1611240 378 1184795 402 1404829 427 1342300 452 1361934 476 1011294 501 1832642 526 1641007 550 1315272 575 1088898 599 655858 624 645300 649 849771 673 859241 698 997874 699 0
1 48
50 1 1446 283 0.9150637641093262 0.10545467966240309 0
15 52 0 53 467939 77 495130 101 1036866 125 1182991 149 1568364 173 1718813 197 1617834 220 1129212 244 945792 268 1328540 292 813535 316 1302082 340 1277891 341 0
2 48 49
51 3 537 223 0.9115534027995317 0.04001512096281474 0
21 163 0 164 3359824 189 2369553 214 2801275 239 1615461 264 1350112 289 1557390 314 1748730 339 1762384 364 4240329 389 2849099 415 2099616 440 1902128 465 963951 490 857663 515 856438 540 485034 565 377570 590 599532 615 666198 616 0
0
52 3 1251 70 0.9252444023024089 0.07329498468250732 0
25 35 0 36 444116 61 572288 86 637750 111 1107394 136 1170361 161 1200062 186 1379933 211 989903 236 1091038 261 1778684 286 2021752 311 1503591 336 1144798 361 1640301 386 1893682 411 2349458 436 1743657 461 2042964 486 1731805 511 1847206 536 2086330 561 2178690 586 1310393 587 0
1 51
53 1 1456 38 0.9209858787856523 0.009603716269769124 0
19 252 0 253 371660 278 288512 302 244614 327 386363 351 659207 376 861641 401 821895 425 1406506 450 1410390 475 1057549 499 1191884 524 983639 549 1336834 573 985688 598 1015797 622 1456644 647 1373094 648 0
0
54 3 1389 186 0.9232670023760093 0.10535999730034637 0
18 271 0 272 1674746 297 2190965 322 2033459 348 1341250 373 2945970 398 1605860 423 1301550 448 694272 474 773878 499 282676 524 312952 549 229850 574 236738 600 254780 625 149098 650 129966 651 0
1 53
55 3 896 245 0.9193137103357849 0.08283594013294221 0
10 96 0 97 396242 123 482483 149 618628 175 929940 202 1037266 228 1319888 254 1727536 280 1635316 281 0
0
56 3 630 168 0.9147207465818601 0.10208616626823191 0
20 50 0 51 2444556 76 2323313 100 3665542 125 2203833 149 1782269 174 1449120 198 1518375 223 1338163 247 1012305 272 827825 296 757668 321 1476366 345 1212184 370 1568685 394 1979881 419 1718846 443 1444603 468 1636090 469 0
0
57 3 1003 53 0.9124502693330823 0.09178813944561029 0
7 159 0 160 2184977 186 3209268 213 1281243 239 781252 265 1252230 266 0
1 56
58 1 646 119 0.9162062588470846 0.13607861173652633 0
22 197 0 198 1816459 223 2266898 248 2404626 273 2125191 298 1512163 324 1209817 349 980403 374 1137097 399 1408614 424 573611 449 392508 474 264780 499 445815 524 313888 549 389570 575 513193 600 269617 625 461706 650 477433 675 570021 676 0
0
59 3 542 104 0.9279435040572566 0.04599870024428027 0
19 151 0 152 323125 176 317546 201 398892 225 350385 249 556925 274 814764 298 734007 323 877339 347 949033 371 1723049 396 1360484 420 1259343 445 1554363 469 807152 493 1244124 518 1064656 542 1336344 543 0
1 58
60 3 560 163 0.9120641538501326 0.031755591307024926 0
13 11 0 12 1744285 38 1655514 64 1361987 90 1098291 116 1209180 141 1057518 167 984613 193 1208254 219 1493525 245 1520334 271 1020365 272 0
0
61 1 1266 36 0.9214557207602717 0.05353551378541922 0
31 7 0 8 1568885 33 1371531 57 1127075 82 1498820 107 2093965 132 1647085 156 1120618 181 1045400 206 1741882 230 2127146 255 2612472 280 1878832 305 1580876 329 2023527 354 2255489 379 2290723 403 2584479 428 2093418 453 838999 478 955762 502 814850 527 946606 552 705938 576 482594 601 363400 626 369516 651 216032 675 213891 700 171425 701 0
0
62 3 689 23 0.9170280621417191 0.11280952440010154 0
26 82 0 83 1315014 107 1068865 132 1017868 156 929971 181 730868 205 405776 230 260839 254 228883 279 255440 303 309171 328 184913 352 161653 377 204351 401 218761 426 255750 450 402252 475 804277 499 998363 524 1499682 548 1249381 573 1804566 597 1596263 622 1739239 646 4545548 647 0
1 61
63 1 856 291 0.9173877511574979 0.01363717819396223 0
12 171 0 172 1650888 198 2033163 224 2532574 250 1366793 276 2030423 303 1849956 329 1215230 355 969823 381 1489408 407 1290243 408 0
1 61
64 1 809 129 0.9114259264857377 0.11326229246991162 0
20 194 0 195 208254 220 223787 245 274295 271 394673 296 699169 321 680596 346 1225568 372 2395066 397 1873242 422 1495083 447 1281835 473 2415726 498 963294 523 713087 548 590994 574 415868 599 546541 624 405403 625 0
2 61 62
65 3 1314 135 0.9197868791816628 0.1267207461084514 0
14 26 0 27 1675589 52 1388322 76 856366 101 954831 126 1618729 150 1083811 175 1269214 199 1657547 224 1516496 249 1002659 273 1861319 298 1848018 299 0
0
66 3 1070 197 0.9166947299860655 0.06645107663729559 0
10 228 0 229 1627029 254 843982 279 1260008 304 1067071 330 1413113 355 2268627 380 2240644 405 2191821 406 0
1 65
67 1 1086 41 0.9285446794581583 0.13215825478968948 0
25 30 0 31 1491472 56 1577435 80 1889126 105 1077263 130 976793 155 1548006 179 1763174 204 1441623 229 1138781 254 1305658 278 1354658 303 1221691 328 702340 352 529544 377 384802 402 266207 427 290896 451 362822 476 321900 501 290546 526 184710 550 217439 575 213211 576 0
0
68 3 1428 54 0.9232674296181941 0.009150915807932564 0
20 263 0 264 1000418 289 1024108 314 998294 339 1168354 364 2593168 389 2100494 414 2652067 439 894845 464 1474489 489 1405573 514 975481 539 817026 564 1917924 589 1394896 614 1222736 639 1594599 664 2578475 689 2297808 690 0
0
69 3 1091 30 0.9246062583258148 0.11534901885099644 0
16 361 0 362 1749615 386 1731638 410 1193492 434 919970 458 919574 482 1099203 506 980653 531 1368172 555 987451 579 920215 603 824688 627 642080 651 488394 675 377625 676 0
0
70 1 1382 231 0.9208298772079946 0.07638782184669773 0
11 480 0 481 325065 506 447732 531 748472 556 1091697 581 1630444 606 1879898 631 1565779 656 1854576 681 2101926 682 0
1 69
71 1 865 27 0.9213765432896829 0.06522824833573357 0
11 209 0 210 1167164 235 1771661 260 1306660 285 911553 311 583854 336 494761 361 771827 386 565512 411 1082070 412 0
1 69
72 3 510 317 0.9114406025951322 0.11661565802074139 0
13 324 0 325 468472 351 755431 377 828982 402 649162 428 613361 454 307268 480 582901 506 710947 531 732240 557 1207989 583 3074725 584 0
0
73 1 681 38 0.9283469567496869 0.1440750155664495 0
9 293 0 294 1036298 318 1076932 342 1379666 365 1848283 389 1232378 413 802309 437 708387 438 0
0
74 3 507 165 0.9111856930687394 0.06307745719360495 0
20 251 0 252 3628110 277 2288248 303 1576356 328 914323 353 760517 379 346175 404 424433 429 298261 455 597178 480 699939 506 1159266 531 918963 556 1152086 582 842099 607 1073130 632 1621555 658 1360453 683 1714784 684 0
1 73
75 3 1398 108 0.923789281083902 0.13879951706650115 0
22 17 0 18 1499853 43 1876876 69 1938759 94 1965570 119 1468930 144 988702 170 771991 195 947738 220 1683166 245 3196663 271 2594654 296 3024931 321 1687235 346 1701275 372 1453822 397 1713552 422 2292200 447 2238865 473 2171848 498 1900945 499 0
1 73
76 1 680 6 0.9187422753860078 0.11744560099982168 0
14 391 0 392 643275 417 460838 441 1070393 466 883474 491 961155 516 1187301 540 1034507 565 1745593 590 2207030 615 2513580 639 1946376 664 3250917 665 0
0
77 3 1409 203 0.9149535987993453 0.010132840408636145 0
26 99 0 100 1034169 125 703187 150 752588 175 440566 201 355036 226 538802 251 561741 276 658552 301 693175 326 642042 351 771562 376 1294559 402 3080846 427 2611283 452 1447337 477 1108887 502 790278 527 851230 552 795106 577 510135 603 593341 628 419929 653 327614 678 482082 679 0
1 76
78 1 1034 303 0.9132525180085124 0.1150382948969488 0
28 52 0 53 513903 78 680422 103 841989 128 1386635 153 1267118 178 1892448 203 2837783 229 1921157 254 1610187 279 1703430 304 1925916 329 2199818 354 2093496 379 2100273 404 2314574 429 1812036 454 1480092 479 1067386 504 1174622 530 1254508 555 809952 580 1229902 605 1700532 630 2592071 655 2468530 680 2619577 681 0
0
79 1 984 305 0.9190458715452574 0.07947970977052986 0
30 26 0 27 131216 52 203463 76 359186 101 279828 126 382029 151 385173 175 456612 200 720995 225 874360 250 710780 274 782794 299 744532 324 524443 349 785428 373 676463 398 692285 423 921664 448 694801 472 536026 497 833355 522 1001034 547 1478506 571 1880811 596 2445974 621 1986672 646 2562800 670 2937532 695 4153445 696 0
1 78
80 1 1493 61 0.9291597194619674 0.003488484247831236 0
15 30 0 31 403184 57 461615 82 530083 107 458022 133 534514 159 770523 184 794631 209 642145 235 1225706 261 1858425 286 2069295 311 1941055 337 2886307 338 0
1 78
81 3 1137 263 0.9234918560940394 0.12859830886738136 0
10 503 0 504 1454581 530 925912 556 691361 582 561466 609 804893 635 902088 661 1251067 687 1786070 688 0
1 79
82 1 1054 24 0.9100939888590719 0.007451305566438204 0
28 23 0 24 1475278 49 1785167 75 1780662 100 1183449 125 1719063 150 1612069 176 1482444 201 826420 226 533827 252 748444 277 858612 302 671092 327 703715 353 734885 378 619848 403 777441 428 544656 454 461449 479 478070 504 494414 530 553550 555 535679 580 1065437 605 786429 631 514972 656 470319 657 0
0
83 1 1091 197 0.9229297749626478 0.14311303197455255 0
14 252 0 253 850899 279 894607 305 1607919 330 1967480 356 2143997 382 1841404 408 1774940 434 1853552 460 1215126 485 1088054 511 899332 537 920288 538 0
1 82
84 1 695 230 0.9293683903968871 0.13874707308603676 0
25 98 0 99 3661091 124 4405312 149 4210472 173 1533177 198 677332 223 559922 248 443101 272 773774 297 594679 322 507322 347 859739 371 1415111 396 1054191 421 1414661 446 821769 471 941999 495 1360106 520 2024661 545 2124237 570 2609437 594 1689421 619 1353123 644 1347304 645 0
1 83
85 1 990 265 0.9116669514243814 0.09756188417780405 0
26 85 0 86 525094 111 358579 136 365703 161 269558 186 343734 211 209750 236 305736 261 643723 286 616089 311 692675 336 1637582 361 1300962 387 1355461 412 1235424 437 902027 462 1136115 487 2300413 512 1839471 537 1734510 562 1823834 587 1588156 612 1502562 637 2370943 662 2618703 663 0
0
86 3 1186 111 0.9186467402589946 0.0855581975883324 0
14 392 0 393 2861417 418 4253147 443 1593348 468 990750 493 674213 518 1145232 544 879720 569 592765 594 814763 619 866870 644 913420 669 1475349 670 0
2 85 87
87 1 657 304 0.9260652155530124 0.14878252442160322 0
28 9 0 10 2656624 35 1713304 60 2685811 85 1441793 110 917757 135 701977 160 610584 184 655255 209 784561 234 484793 259 794484 284 580634 309 915204 334 617645 359 534369 384 433357 409 399754 434 351190 459 573274 483 904021 508 632067 533 813891 558 830960 583 1229623 608 1380240 633 1211688 634 0
0
88 1 1170 207 0.9182013808634725 0.05366071869201327 0
30 17 0 18 5227503 43 2538315 68 2062144 93 1981435 117 2742557 142 1822329 167 1971119 192 2157030 217 2990385 242 2626682 267 2277437 291 2242115 316 1629066 341 1123396 366 1235434 391 1112721 416 993997 440 1417064 465 1775134 490 1809849 515 1147945 540 678694 565 649035 590 391465 614 299637 639 506590 664 314632 689 475137 690 0
0
89 3 1098 82 0.9169436020276717 0.02923428781128031 0
28 21 0 22 2190453 47 3378496 72 1814529 96 1734390 121 2409140 146 2209112 171 2475848 196 1793718 220 1157396 245 901360 270 859344 295 727502 320 757813 344 652003 369 544754 394 502623 419 340472 444 389105 468 324511 493 412135 518 259363 543 207838 568 163969 592 126893 617 119180 642 217096 643 0
1 88
90 3 661 97 0.9198182198797179 0.0636051247085694 0
21 227 0 228 1063213 253 2034654 278 1742281 303 1619078 328 1231100 354 2147020 379 1933573 404 1596259 429 962084 454 1116418 479 1042430 504 1705653 529 1478894 554 1162078 580 719311 605 1323624 630 1423596 655 1325467 680 682323 681 0
2 88 89
91 3 1038 125 0.9150787565095662 0.0854116615356699 0
25 16 0 17 1848688 42 1679632 68 1764239 93 2895861 118 2659765 144 1801665 169 1705626 195 1390724 220 1587952 245 1918709 271 1460577 296 1164323 321 1270831 347 629462 372 568312 397 633702 423 1139162 448 1060849 474 701624 499 805984 524 607209 550 425999 575 753153 576 0
0
92 1 1305 15 0.9220087796058816 0.050043328328336856 0
9 462 0 463 2037244 488 2171961 513 1592498 538 1234794 563 1359974 588 1296421 613 833493 614 0
1 91
93 1 1461 55 0.9248997159607117 0.04834920177473085 0
22 177 0 178 1106760 204 873590 229 597392 255 1282494 280 2004714 306 2183850 331 2122581 357 1264083 383 1605995 408 1543507 434 1092720 459 2169983 485 1766910 511 1199099 536 1341289 562 787575 587 477503 613 626179 638 699891 664 1248704 665 0
2 91 92
94 3 559 65 0.9274140848793425 0.051878613268097756 0
27 18 0 19 599577 44 610693 69 644573 94 720026 119 479867 144 586187 169 685078 195 412189 220 428363 245 352247 270 537890 295 608877 320 586482 345 825802 370 996445 395 569803 420 675013 445 1002976 471 2111952 496 1975449 521 1732041 546 2221589 571 1576231 596 1516590 621 1775515 622 0
0
95 1 617 312 0.9268842899313257 0.041650046561125816 0
26 33 0 34 2919158 59 2551898 83 2002800 108 2267804 132 2220170 157 1544585 182 1343248 206 1227008 231 1036239 255 764240 280 893380 305 923059 329 634496 354 618469 379 1132730 403 1364435 428 1825256 452 1867305 477 1214867 502 678430 526 1023293 551 980459 575 693253 600 664016 601 0
1 94
96 3 1121 221 0.9231315790001626 0.026688871602865094 0
26 10 0 11 1455034 36 2351880 62 2761509 87 1924011 113 1620003 138 2058543 164 1967469 189 1708723 215 1123299 240 1693552 266 1541457 291 809565 317 808258 342 975848 368 884527 393 1160096 419 844475 444 873152 470 582027 495 690294 521 954448 546 1117412 572 1737904 597 1379204 598 0
0
97 3 1036 273 0.9291208351367231 0.07683544694535706 0
23 174 0 175 586737 200 585752 225 527511 249 745044 274 516254 299 468527 323 490168 348 574261 373 714123 398 630569 423 916619 447 791528 472 1128432 497 1173850 521 1335942 546 1776035 571 2450237 596 1585862 621 1359790 645 1903228 670 2186162 671 0
1 96
98 1 1136 255 0.9145358823589942 0.08360945491510292 0
28 45 0 46 791453 71 511145 97 575339 122 442914 148 304830 173 350598 199 481413 224 790120 250 735506 275 778445 300 860522 326 847317 351 857522 377 1139428 402 1765608 428 2347132 453 1904683 478 2712031 504 3018850 529 2316693 555 1866460 580 1148726 606 976370 631 1173441 657 1633674 682 1576968 683 0
0
99 1 967 253 0.9100599861020874 0.12582614055952812 0
14 403 0 404 2524517 429 2068618 454 1037207 479 881156 504 1066745 529 695119 554 423680 579 334666 604 273467 629 371723 654 437674 679 381814 680 0
1 98
100 3 596 269 0.9250285201820868 0.12005054439473603 0
29 36 0 37 1944871 62 1532175 87 1450672 113 960612 138 699170 163 1039211 188 865684 213 1513691 239 626683 264 660325 289 545264 314 485243 339 651532 365 1039214 390 1000131 415 1497802 440 1185551 465 1484709 490 1403627 516 1071927 541 1117642 566 860297 591 1007729 616 1403710 642 816334 667 696152 692 896874 693 0
1 98
101 3 1417 140 0.9106733390878945 0.020717866054066208 0
22 171 0 172 3986239 197 3253956 222 2656832 247 2384434 272 1175511 296 1085014 321 1171130 346 878156 371 933586 396 794168 421 749803 446 789936 471 603366 496 665591 521 571091 545 978069 570 566919 595 844070 620 601678 645 842516 646 0
0
102 3 746 170 0.9147865896190063 0.129710810145753 0
20 92 0 93 1793792 117 794842 141 1518305 166 1196238 190 914592 214 767061 238 970425 263 686240 287 722476 311 866592 335 817921 360 1030811 384 1619692 408 1636683 432 1042432 457 750549 481 853116 505 1206129 506 0
1 101
103 3 1145 126 0.9224914847705247 0.11740133430375518 0
25 102 0 103 1693867 128 1431007 152 2263936 177 2500423 202 1787424 227 1626133 251 1221314 276 1211106 301 1802802 326 1845861 350 1015332 375 1001149 400 950846 424 1095545 449 1069039 474 922988 499 1126506 523 1211660 548 2230159 573 2795253 598 2120467 622 2372216 647 2339916 648 0
2 101 102
104 3 917 113 0.9163380101106668 0.028596590127535192 0
28 57 0 58 1836698 83 1408194 108 1791303 134 719366 159 1007261 184 1039295 209 1514790 234 1369566 260 1837317 285 1676980 310 2743004 335 2408356 360 2551917 386 2839235 411 3242580 436 2837755 461 1846655 486 1871725 512 2022005 537 1437730 562 1682723 587 1548676 612 1673259 638 1459206 663 1700754 688 1592563 689 0
0
105 3 674 52 0.9237592051247001 0.023534285976169578 0
26 30 0 31 1878145 56 3214616 80 2732818 105 2894785 129 2686633 154 2218718 178 1849707 203 2055908 227 1330935 252 1969785 276 1652752 301 2681631 325 2305561 350 1526655 374 1513088 399 1602367 423 741897 448 1094463 472 2339129 497 1221255 521 545864 546 652024 570 729328 595 1187956 596 0
0
106 3 1448 31 0.9241809292312223 0.0005507991882042873 0
23 190 0 191 125659 215 105476 240 115911 264 227404 289 394227 313 391320 337 430382 362 397607 386 472576 411 658079 435 957127 459 1572468 484 1378092 508 1905896 533 1626656 557 1712561 581 1019631 606 862848 630 2178750 655 1478449 679 986486 680 0
0
107 1 1042 51 0.9243144520672006 0.013798721322435531 0
22 220 0 221 1270193 245 1684791 270 1148416 294 1126055 319 1833559 343 1596855 368 1957655 392 1867119 417 2186871 441 1309354 466 1646380 490 2465463 515 2661464 539 1906017 564 1870466 588 1718033 613 1599576 637 2337317 662 1487931 686 1351037 687 0
1 106
108 3 1142 48 0.9294771786159023 0.006091247287242668 0
27 85 0 86 619521 111 877573 136 1430059 161 1349703 187 2303601 212 2389746 237 2179337 262 2091456 287 1790746 312 1205467 337 1478896 362 1874898 387 1526956 413 1694821 438 1337237 463 1313315 488 858638 513 857189 538 1261105 563 1326033 589 1368233 614 1445939 639 1201900 664 369241 689 277171 690 0
0
109 1 648 294 0.9110412715417529 0.13273702708853188 0
14 371 0 372 520284 396 395660 421 710528 445 756296 469 964271 493 957621 518 1136388 542 1162647 566 968529 590 1071584 615 1672083 639 1848782 640 0
1 108
110 3 1020 237 0.9261082462654477 0.00034398700631734224 0
22 152 0 153 1003132 178 783034 203 930394 228 1621511 253 3105139 278 3504229 303 1922983 328 1548584 353 804551 378 505207 403 250991 428 187329 453 153243 478 276841 503 247207 528 179563 553 246447 578 496752 603 672386 628 1149915 629 0
1 109
111 3 1320 85 0.925687827347562 0.09365872785056688 0
30 9 0 10 2506889 35 1882019 60 1895853 85 1494657 110 1482177 134 1849581 159 2888213 184 2994768 209 3604639 234 2669756 259 2566622 284 1873268 309 1751700 334 1910165 358 1995800 383 2799734 408 2540644 433 1354392 458 1338508 483 984703 508 1078475 533 957653 558 830467 582 949048 607 964550 632 654120 657 708437 682 1139391 683 0
0
112 3 1140 19 0.9106852662829891 0.11062752475744782 0
30 27 0 28 1060892 53 1154269 78 1933041 102 2055042 127 1909769 152 1068408 177 1510595 201 1220845 226 840919 251 1023447 276 1038557 301 1093939 325 942769 350 865767 375 870285 400 686533 424 564919 449 719970 474 1039260 499 1041009 524 816991 548 462593 573 582161 598 555955 623 381251 647 314143 672 209988 697 238505 698 0
0
113 1 819 215 0.9204958245499778 0.009007082353334889 0
7 302 0 303 1836600 329 1651594 354 1497968 379 1593131 405 1873877 406 0
0
114 3 582 170 0.9267244949095683 0.032247645562580037 0
23 168 0 169 2884182 194 1876082 220 2290320 245 1685226 270 818767 295 745167 321 709309 346 600515 371 945384 397 1018960 422 1235477 447 1258389 473 1424381 498 1230338 523 1610626 549 1403840 574 1353404 599 2027866 624 2121170 650 2221819 675 1346441 676 0
1 113
115 3 965 271 0.9298104345883634 0.13504072471813278 0
27 38 0 39 1129662 64 2230537 89 1850146 114 1389757 139 1454907 164 1218051 189 872148 214 1037035 239 1829558 264 1636061 289 1389680 314 1675654 339 1280763 364 1192823 389 871167 414 1220686 439 440529 464 327843 489 345820 514 321722 539 409235 564 530407 589 369324 614 487771 639 747177 640 0
0
116 3 798 160 0.9232564135633466 0.08442622250257373 0
27 22 0 23 159542 47 119887 72 179877 96 232486 121 391227 145 388769 170 497335 194 598079 219 937489 243 1455296 268 1448163 292 1640836 317 1929499 341 1536256 365 1542410 390 1353084 414 1576636 439 1466947 463 1186123 488 787361 512 546399 537 851513 561 535482 586 509258 610 592052 611 0
1 115
117 3 751 210 0.9221862753065789 0.040785151464272446 0
16 360 0 361 465307 386 571032 412 703222 437 972510 463 1109725 488 861549 513 1351128 539 865614 564 555923 589 303125 615 815712 640 1316749 666 2091528 691 1763642 692 0
0
118 1 964 43 0.9150366975441012 0.10948563744493704 0
15 15 0 16 1919800 40 2063570 65 1591156 89 2071154 114 2385148 138 2779679 163 1839050 187 1477579 211 1349756 236 817790 260 924514 285 405861 309 519639 310 0
1 117
119 3 942 186 0.9110667711315582 0.14817108683943514 0
26 6 0 7 2672193 32 2025331 57 2100631 82 2113391 107 2063752 132 1214803 157 1366686 182 1187516 207 1413373 232 1042506 257 726176 282 808600 306 360694 331 491471 356 312383 381 461693 406 677748 431 809374 456 541967 481 527781 506 732426 531 605355 556 483232 581 609174 582 0
0
120 1 1366 19 0.9262288731515615 0.02572474713563948 0
25 114 0 115 447222 140 766854 165 833689 189 535972 214 1042067 239 1074218 264 1923812 288 1575172 313 1330866 338 2101337 363 1934220 387 3019857 412 2698180 437 2290135 462 1914780 487 2778943 511 2802405 536 1731385 561 749561 586 781875 610 1224173 635 1500819 660 1040652 661 0
0
121 3 1322 76 0.9283608741012052 0.00936044705544285 0
10 467 0 468 1582677 494 1283234 519 1214143 545 1850369 571 1799081 597 1531661 622 1436029 648 1216606 649 0
1 120
122 3 1486 87 0.9263541880539339 0.10902061172453748 0
15 78 0 79 973451 103 839165 127 796066 151 1228355 175 1577893 199 1336043 223 1175123 247 677324 271 994169 295 721237 319 501850 343 1024296 367 734638 368 0
0
123 3 771 171 0.9141877186209451 0.027141040958007085 0
21 161 0 162 3837119 186 2429913 211 1633337 235 1584680 260 1652904 284 1348237 308 1224662 333 1302068 357 1368982 381 1861570 406 1312655 430 725204 455 915101 479 993158 503 425279 528 428408 552 446039 577 483367 601 413599 602 0
1 122
124 3 567 312 0.9297763116760039 0.06229872009917822 0
28 63 0 64 516222 89 345775 115 448117 140 257369 166 280648 191 370975 216 419087 242 497613 267 532847 293 869864 318 621553 343 624210 369 432261 394 728505 420 832597 445 553357 470 1405031 496 1734800 521 1711722 547 2348300 572 1414792 597 939115 623 1283177 648 2376517 674 1644264 699 1242774 700 0
0
125 1 1420 103 0.9224056044034621 0.10134621431478019 0
9 220 0 221 2769288 246 1982865 271 1927986 295 1220193 320 1732521 345 1414081 370 945016 371 0
1 124
126 3 645 195 0.9151193888836853 0.14764259234371446 0
9 240 0 241 835077 265 1558278 290 1370449 315 825385 339 916479 363 498251 388 497574 389 0
0
127 1 710 48 0.9222844274114497 0.06950078787827331 0
15 125 0 126 1578106 152 1212862 177 1026264 203 751267 229 1457428 254 3072025 280 2233147 306 2330328 331 1965577 357 1631005 383 1281161 408 772217 434 1777374 435 0
0
128 1 1126 230 0.9223313877660597 0.1345694155040719 0
30 5 0 6 3298277 31 3020069 57 2994293 82 2859465 108 2846813 133 1991109 158 2050629 184 2342482 209 1575375 235 1035310 260 1081490 285 563098 311 426712 336 420509 362 313161 387 290238 413 209963 438 188206 463 175175 489 239208 514 460783 540 589155 565 586337 590 821168 616 793310 641 683240 667 1436752 692 1290292 693 0
1 127
129 1 1371 204 0.9152061030015849 0.05234752665861391 0
27 87 0 88 1605284 113 2230022 139 2823818 164 1911162 190 2844072 215 2562830 241 1141547 266 1405458 291 1118333 317 1727038 342 2845505 368 3464171 393 3143559 418 1857972 444 1351171 469 717465 495 554659 520 367074 545 392530 571 624750 596 717737 622 1180085 647 942834 673 1208587 698 1066320 699 0
0
130 3 1342 181 0.9104409991275588 0.11859366956450175 0
31 0 0 1 467890 26 977973 51 1186755 76 1111780 101 1388921 126 932388 151 833985 176 1301495 201 772360 226 909812 251 1057973 276 998069 301 1861881 326 2184064 351 1908899 375 895194 400 919529 425 750188 450 978153 475 966747 500 1236873 525 1261275 550 1256506 575 872131 600 839930 625 1055001 650 2164526 675 2113272 700 1768144 701 0
0
131 1 776 132 0.9103695223637273 0.10187295664891195 0
26 67 0 68 1063779 93 1335273 118 1908653 143 2661945 168 2133428 193 2017700 218 2499082 243 1608083 268 775911 293 1004558 318 1200062 343 1433479 369 1104199 394 1081779 419 1300312 444 1243954 469 913724 494 1225217 519 674926 544 314129 569 221051 594 234077 619 295071 644 281287 645 0
1 130
132 3 903 150 0.9181096339927162 0.007310086278462735 0
21 154 0 155 1851781 180 774921 205 594523 230 937459 255 796969 279 1137292 304 1080873 329 1274595 354 708421 379 1212289 404 1009878 429 1255801 454 662790 479 635805 503 972351 528 899651 553 733392 578 668099 603 991628 604 0
1 131
133 1 673 98 0.9277530127289962 0.06711769104060368 0
22 57 0 58 771766 83 779780 107 925534 132 1316935 157 1250944 182 1418464 206 813838 231 1268636 256 791126 281 1162420 305 1096777 330 872508 355 791199 380 1258102 404 1710527 429 1712360 454 1839225 479 2796027 503 3810820 528 1541942 529 0
0
134 1 1460 310 0.914299106721444 0.1303577098800283 0
21 73 0 74 1366832 100 1425679 125 1409696 151 1958462 176 1515672 202 2339657 228 1698557 253 1948616 279 1680059 305 1526702 330 1018005 356 787755 381 1100924 407 961704 433 1300464 458 1077046 484 1700363 509 2369171 535 2720027 536 0
0
135 1 1273 150 0.9171614789685615 0.05581517790342612 0
12 70 0 71 1248164 95 755590 118 746730 142 953393 166 1649770 189 1077410 213 1060275 237 1458936 260 1189863 284 2217269 285 0
1 134
136 3 635 54 0.9211340050738593 0.07926436831119656 0
26 39 0 40 424279 65 595005 90 421606 115 703071 140 546006 165 638902 190 1335953 215 1558391 240 1030949 265 841701 290 1195256 315 1038196 340 1356166 365 1421704 390 2307633 415 3318056 440 2522517 465 3589807 490 3333539 515 2296498 540 1524326 565 1112203 590 822515 615 537429 616 0
1 134
137 1 807 317 0.9153016248349323 0.00902523161422582 0
24 76 0 77 445095 102 630659 128 612272 153 730503 179 784106 204 949120 229 619237 255 1122660 280 706304 305 1316438 331 1335752 356 2163158 382 1662892 407 1013386 432 738517 458 593713 483 894283 508 1793348 534 2171627 559 1583257 585 1829880 610 1188131 611 0
0
138 1 916 194 0.9146113045748294 0.07456582326502253 0
21 101 0 102 403707 127 529787 152 506284 176 287633 201 334943 226 380594 251 885321 275 1211581 300 749456 325 1246659 350 959175 375 854639 399 858867 424 1148195 449 1158903 474 2419891 498 2412771 523 2553451 548 3288830 549 0
1 137
139 3 513 143 0.9119341814771177 0.10683827924148236 0
29 18 0 19 353491 44 273291 68 268448 93 252034 117 231510 142 330215 167 389788 191 341592 216 492535 241 456655 265 370072 290 339338 314 573352 339 464026 364 512398 388 472320 413 604639 437 617628 462 780352 487 1744592 511 2044471 536 2131885 561 1275854 585 1554224 610 911020 634 2016981 659 2101396 660 0
1 138
140 3 884 124 0.9211740535623015 0.028739473088698408 0
31 0 0 1 3443325 26 3878889 51 3868840 76 3247473 101 2257621 126 2177444 151 1328070 175 816864 200 1076247 225 1243311 250 1236025 275 926614 300 621413 325 352162 350 379920 375 314977 400 168136 425 110316 450 101647 475 164920 500 241148 525 168752 549 90170 574 76328 599 31181 624 57279 649 47355 674 29800 699 52397 700 0
0
141 1 1074 150 0.9245122898590958 0.06039367007807236 0
14 301 0 302 4108103 328 2439243 354 3086301 380 1652751 406 783521 432 657571 457 1021635 483 929978 509 966493 535 1125794 561 2009228 587 1898722 588 0
0
142 1 792 297 0.9283693503634903 0.10829442759505607 0
28 20 0 21 842065 46 585022 70 691843 95 875979 120 1239798 144 1304879 169 1255951 194 2592949 218 1461204 243 972543 268 652453 292 736640 317 989798 342 738459 367 1132561 391 1364808 416 2658199 441 2416392 465 2303743 490 1982391 515 1760608 539 1526676 564 2026676 589 2148071 613 2274510 638 2822830 639 0
0
143 3 1084 127 0.9239097397182897 0.04303139295666294 0
28 45 0 46 2588984 71 2765822 97 2202523 122 2735114 147 2670744 173 1569739 198 1785443 223 2868369 249 2256396 274 2767642 299 1673977 325 1436563 350 1646479 375 1561124 400 969113 426 850485 451 661650 476 468278 502 639125 527 506029 552 447064 578 380873 603 262977 628 136907 654 120867 679 106700 680 0
1 142
144 3 727 60 0.9179197447915075 0.11867277723281083 0
30 8 0 9 1626458 34 1625998 60 1591515 85 2109424 110 2237051 135 1314987 161 2451469 186 1922194 211 1908789 237 1303571 262 1439747 287 984083 313 1308195 338 1935861 363 1041958 388 1151680 414 1794295 439 1432783 464 1774121 490 1502513 515 1408151 540 1395374 566 1243370 591 1044618 616 1148819 641 1321505 667 2163282 692 2065795 693 0
2 142 143
145 1 991 212 0.9103188013078678 0.11937716523227124 0
12 283 0 284 438886 309 507618 334 460927 360 395577 385 475422 410 694542 435 1769485 461 1737292 486 2827593 511 2288131 512 0
2 142 143
146 1 579 299 0.9235247498662575 0.05942088326594936 0
15 36 0 37 2280746 62 1332879 88 1563585 113 1249693 139 1821502 164 2506723 189 1048476 215 1010254 240 911130 266 566272 291 765400 317 498370 342 639986 343 0
0
147 3 583 164 0.9182263896689249 0.12481629339372421 0
27 52 0 53 561012 78 638296 102 403148 127 433405 152 402228 176 616261 201 1684719 226 1824989 250 1842613 275 1957962 300 2442210 324 2357619 349 2283340 374 2948987 398 2090849 423 1488514 448 1552816 472 1599249 497 1377384 522 878604 546 959949 571 2354281 596 3868015 620 2990033 645 2480848 646 0
1 146
148 3 1248 116 0.9229845356105053 0.009223146048865505 0
22 127 0 128 369966 154 623066 179 967550 205 1172675 230 1013831 256 828381 281 1215981 307 1800966 332 1440937 358 1355349 383 1791145 409 2401613 434 2231602 460 1695533 485 1276879 511 1794754 536 1628345 562 1888833 587 1229508 613 1063380 614 0
1 146
149 3 1059 238 0.9200037493525769 0.0766613175959855 0
17 248 0 249 1191677 274 1449770 299 1719931 324 1111484 349 1321568 374 1132706 399 1250490 425 1484834 450 1832395 475 1678611 500 1604252 525 1273465 550 1268704 575 1694938 600 1821465 601 0
0
150 1 1483 185 0.925035837757558 0.08645385697942266 0
16 74 0 75 2970428 99 2918403 123 1710755 147 1797545 171 1325904 195 1008987 219 1210114 243 1120737 267 806503 291 1426153 315 1581660 339 2040781 363 1317425 387 1011103 388 0
0
151 1 971 179 0.9114581441195718 0.14290206288894866 0
13 234 0 235 2412404 259 2106566 284 1243474 308 1120871 333 1224413 357 900693 381 912499 406 496456 430 431855 455 298726 479 284422 480 0
2 150 152
152 3 866 43 0.9291332014261069 0.005282859689403713 0
15 252 0 253 2564102 279 1414916 305 1353723 331 1546048 356 974155 382 1333575 408 1205118 434 1855742 460 1234314 485 1115885 511 857346 537 861413 563 524353 564 0
0
153 1 1316 124 0.9158883209840161 0.14075151871438288 0
12 26 0 27 1204659 51 1788887 76 1800795 100 1477433 124 1219202 149 679986 173 557468 197 737126 222 433546 246 751125 247 0
0
154 1 795 248 0.9135479034161296 0.023666178349846988 0
7 502 0 503 1507507 529 1962706 555 1362769 581 1196147 607 1088571 608 0
1 153
155 1 1031 103 0.9226522258533933 0.046293287268510744 0
30 16 0 17 865860 42 486483 66 581369 91 437448 116 552198 140 594711 165 374921 190 655160 214 787326 239 1328369 264 1289997 288 1280870 313 1897942 338 3063280 362 2417173 387 2101676 412 2184630 436 1582055 461 1122340 486 1183638 510 1620895 535 1210122 560 1013735 584 1257598 609 1534124 634 2279314 658 4351476 683 5288073 684 0
0
156 3 923 239 0.92121421660895 0.10897108027030893 0
13 354 0 355 1838040 379 2200767 403 1285011 426 1181749 450 1290376 474 1144220 498 1446871 522 2176100 545 1863454 569 2292088 593 1973456 594 0
0
157 3 1493 43 0.9172476225420941 0.04825059676843761 0
17 189 0 190 1386923 216 1514657 241 1839480 267 1877646 292 1059488 318 2275463 343 1710011 369 1059523 395 1384629 420 2347047 446 2345792 471 1335632 497 1254016 522 1225517 548 1168138 549 0
0
158 1 752 196 0.9132255307801401 0.09592013431177585 0
11 111 0 112 982584 137 889356 161 944420 186 1286365 211 1347995 235 2054259 260 2024890 284 1536896 309 1714085 310 0
1 157
159 1 1427 110 0.918112393825542 0.024477510009677888 0
13 164 0 165 769898 191 1034722 216 612338 241 613951 267 835271 293 576590 318 643966 343 957998 369 1872503 395 1416154 420 2021387 421 0
1 157
160 3 1189 115 0.9206653735855452 0.11551844187547543 0
12 165 0 166 880748 191 1142839 215 1437208 240 1929619 265 2089053 289 1338956 314 1210686 339 1192548 363 1761157 388 1296424 389 0
0
161 1 1179 271 0.922185418659338 0.11723324776733701 0
7 490 0 491 1334066 517 818903 544 1456582 571 1546710 597 2444399 598 0
1 160
162 1 1084 36 0.9210461483135506 0.03793960785655229 0
27 96 0 97 3592575 122 3081645 147 2909479 172 3380050 197 2885941 222 3012400 247 1802733 272 1886180 297 1850582 322 2018003 347 1513941 372 1147169 397 1075137 422 1521605 447 1576001 472 1231813 497 1648111 522 1180826 547 1210258 572 1231083 597 1063381 622 657770 647 644008 672 917436 697 760837 698 0
0
163 3 1406 90 0.9216964712882516 0.07132310844974807 0
16 358 0 359 826471 384 575809 410 687549 435 607841 460 815023 486 942652 511 836295 536 1087032 561 1390981 587 1646230 612 1760974 637 1875925 663 2919477 688 2498660 689 0
2 162 165
164 3 1242 232 0.9150666857860392 0.12795283097915466 0
18 277 0 278 1552650 303 2011761 327 1707227 352 1026381 376 881558 401 1105939 425 678289 450 842002 474 510789 499 725075 523 770764 548 870880 572 1106820 597 1011122 621 1098615 646 983055 647 0
1 162
165 3 1495 276 0.9280327664127731 0.09747663944971298 0
12 273 0 274 1624713 298 1318442 322 910471 346 1043424 370 1457976 395 809299 419 1063126 443 1144529 467 1059363 491 980739 492 0
0
166 1 1149 265 0.9244730715758355 0.13366396857786442 0
17 154 0 155 776001 179 971878 203 1511095 228 1013656 252 1166850 276 1658204 300 1209226 325 862727 349 640099 373 674691 397 977309 421 759206 446 1031901 470 1266334 494 1012233 495 0
0
167 3 1453 230 0.9189172883312238 0.09206535252052958 0
19 286 0 287 985207 312 1652911 338 1837936 363 1558040 388 2493024 414 2106635 439 2602026 464 2240200 489 1890423 515 1273369 540 1421914 565 1226506 591 1195118 616 1364682 641 991035 667 1011924 692 1066446 693 0
1 166
168 1 935 112 0.9295286658286247 0.055293463325422204 0
29 27 0 28 1798529 53 1844059 78 2936059 102 2932382 127 2011829 152 1965339 177 1213311 201 1404368 226 1264419 251 821985 276 598978 300 751746 325 481851 350 426295 375 661596 400 699835 424 558500 449 402803 474 515046 499 508407 523 939236 548 959310 573 1144949 598 1139677 622 592254 647 391672 672 850386 673 0
0
169 1 1247 94 0.9130124102962489 0.036478957650411904 0
14 39 0 40 963444 65 1324930 91 1187822 116 1338515 141 1907820 166 2177378 192 1944374 217 1709504 242 1891391 267 1450113 293 1864089 318 1840126 319 0
1 168
170 1 547 36 0.9125362473796877 0.11135587070751454 0
20 23 0 24 3431278 49 2734869 75 2196149 100 1237753 126 757600 151 437564 177 286784 202 279317 228 237165 253 225755 279 181814 304 230927 330 181262 355 138078 381 144412 406 199496 432 157269 457 173941 458 0
0
171 3 929 6 0.9188751305785936 0.12236274063772862 0
12 7 0 8 927637 33 759547 59 982574 84 1327436 110 1741519 135 1491062 161 849889 186 944342 212 1044840 237 955247 238 0
0
172 1 1362 36 0.923886359987674 0.11159525491350383 0
19 202 0 203 1321996 228 1142172 253 795692 278 1481870 303 2159564 329 1507260 354 2088013 379 1500016 404 1482788 429 1340461 454 2133974 479 2307368 505 1516451 530 1673685 555 1152612 580 1610839 605 787789 606 0
0
173 1 511 253 0.9107387423524517 0.11428766227253058 0
23 115 0 116 727159 141 647970 167 1162961 192 901260 217 801944 242 788281 267 892641 293 1361971 318 1258707 343 1324908 369 2058632 394 2456404 419 2070224 444 2053094 469 2391506 495 3044197 520 2478609 545 3622609 571 3442883 596 2241437 621 1722262 622 0
1 172
174 3 1025 145 0.9174999659655643 0.09655999064087452 0
19 227 0 228 1173225 253 708649 279 560748 304 330897 330 478153 355 414131 381 691238 406 695520 431 566575 457 794447 482 1551354 508 1578852 533 1190547 559 963709 584 1251465 610 1495388 635 1532186 636 0
2 172 173
175 3 831 216 0.9156875121619126 0.026340049175364876 0
24 118 0 119 275594 143 173305 168 331264 192 251425 217 263868 241 553003 266 347290 290 296836 315 519988 339 545674 364 564700 388 748302 413 1109607 437 1110199 462 1296230 486 1512663 511 1343960 535 1380956 560 2219961 584 2335720 609 2353039 633 6073718 634 0
0
176 3 710 60 0.9131974029022201 0.07211666700749868 0
29 21 0 22 1249866 47 2119649 72 4267459 97 5075434 122 3563216 147 1983662 172 1205003 196 1523444 221 1475324 246 624509 271 329506 296 449118 321 385082 346 278602 371 258852 396 146385 421 113686 446 82549 471 95269 496 44182 520 43847 545 59435 570 55702 595 39588 620 41767 645 55005 670 17511 671 0
1 175
177 1 844 246 0.9127907504181003 0.05510889409541731 0
14 206 0 207 921963 232 1744304 257 1492075 281 964842 306 1009510 331 1221307 356 1021186 381 1461590 406 1350289 430 1725526 455 3270257 480 3399773 481 0
0
178 1 1084 156 0.9151612122753756 0.005253577968649164 0
19 283 0 284 228317 309 186405 335 329954 360 157303 385 316146 411 444502 436 984119 462 1525797 487 1391071 512 2224928 538 1452197 563 1123579 589 1090562 614 1651352 639 1987112 665 2845612 690 2854854 691 0
2 177 179
179 3 1257 274 0.9230502077807887 0.018078290737677676 0
18 285 0 286 2713680 312 2704395 337 2364483 363 3140200 388 1773081 414 1743011 439 1755321 465 2080406 490 1788235 516 1616758 541 2105819 567 922012 592 609547 618 661385 643 1269761 669 1144657 670 0
0
180 1 700 24 0.9260196944255022 0.12417830918527817 0
11 183 0 184 1340056 208 1138100 232 1041839 256 1420969 281 1700122 305 1108873 329 925862 353 996553 377 2100379 378 0
1 179
181 3 1224 172 0.9146394941884277 0.08566120289733448 0
20 178 0 179 2585445 204 3269839 230 3261343 255 2935356 280 1977763 306 936473 331 1377831 356 1226954 382 1254636 407 1121603 433 802641 458 641359 483 413665 509 518656 534 468836 559 654127 585 823785 610 599693 611 0
0
182 3 1079 172 0.9291506748812477 0.01838613490857301 0
14 143 0 144 378923 168 362508 192 447095 216 468632 240 777222 264 727290 289 949301 313 871664 337 868294 361 993720 385 1570099 409 2663462 410 0
0
183 3 510 317 0.9162585109211852 0.035496361300163266 0
23 35 0 36 2035034 61 2133857 85 878187 110 1192845 134 971934 159 794089 184 730001 208 873411 233 939177 257 1522712 282 1283586 307 1508272 331 1557918 356 1279246 380 737627 405 675808 430 556404 454 457975 479 391709 503 279250 528 243264 529 0
1 182
184 3 630 271 0.9232571723217481 0.1384068975718428 0
9 144 0 145 892397 169 900407 192 2061538 216 2670682 240 2310555 263 1122733 287 1541225 288 0
2 182 183
185 1 623 35 0.9217804498959156 0.11029868899774929 0
13 436 0 437 901619 462 1189757 488 1238555 513 3187106 538 2235944 563 2229951 589 2102054 614 1948981 639 1290355 665 1171611 690 1688330 691 0
2 182 184
186 1 1260 47 0.9160611554155527 0.06071613379875962 0
11 107 0 108 1404210 132 1770752 157 1876670 181 677163 205 555005 229 992719 253 1170442 278 1189787 302 661901 303 0
0
187 3 1157 98 0.9136568849792377 0.1120889935225109 0
8 511 0 512 1566334 537 1490582 563 922157 588 1416958 614 943357 639 1475643 640 0
1 186
188 1 1382 95 0.924563021389281 0.059847110401324996 0
30 12 0 13 3930140 38 3471446 64 3469002 89 3169865 114 3154468 140 1682208 165 1302042 190 1420546 216 1418023 241 2194635 266 2209971 292 1814061 317 2296850 342 1588696 368 1588094 393 1991776 418 1908619 444 1355789 469 873853 494 1638154 520 1190968 545 656119 570 672973 596 710147 621 1021009 646 658462 672 727638 697 484431 698 0
0
189 3 723 22 0.9225091211987091 0.14473556772284898 0
26 44 0 45 777341 70 1054048 94 1562502 119 1271279 144 1778219 168 1556838 193 989263 218 1199132 243 2043071 267 1976529 292 1554437 317 678367 341 640914 366 1217742 391 998135 415 1061723 440 1190100 465 1256698 490 938560 514 691329 539 1130326 564 1184064 588 879239 613 1764831 614 0
0
190 1 738 251 0.9174393516472235 0.08087359656175432 0
17 147 0 148 719649 173 639933 199 1131685 224 1247143 250 1172233 275 2357055 301 1937354 326 2734721 351 1644631 377 1571651 402 1854172 428 1684974 453 1903630 479 1110791 504 1140283 505 0
1 189
191 1 791 96 0.9184503470214466 0.046589172642247774 0
20 2 0 3 2495848 28 3280697 53 2424659 78 1890963 103 2414721 128 2171416 153 1992262 178 1509658 203 513194 227 360401 252 494819 277 256703 302 166115 327 143381 352 215120 377 259775 402 365749 427 361654 428 0
2 189 192
192 3 727 298 0.9249806584619962 0.02463271561969415 0
29 13 0 14 1273670 39 1194994 64 1566539 89 1641396 114 1415004 140 1673958 165 1314985 190 1185211 215 997830 240 916218 265 1173324 290 1432030 315 1016627 341 579266 366 535316 391 669724 416 628818 441 863481 466 1086182 491 1325421 516 1472187 541 1381427 567 1358491 592 1526263 617 1587298 642 1619794 667 2509764 668 0
1 190
193 3 1054 246 0.9212431575182505 0.10704693437707395 0
16 138 0 139 1124396 163 1067482 187 603483 211 980931 235 629476 259 697792 283 712960 308 919643 332 623832 356 1661376 380 1909651 404 2514359 428 2957845 452 3527449 453 0
0
194 1 612 193 0.9227976203945291 0.02381115430435927 0
29 44 0 45 130931 70 225861 95 411593 121 580688 146 803192 171 866521 196 895571 221 882567 247 644646 272 833224 297 746629 322 1198265 347 548083 373 624066 398 742726 423 639442 448 686942 473 661662 498 903697 524 1288641 549 915100 574 1103080 599 2850685 624 3984172 650 4361812 675 2666660 700 2870833 701 0
1 193
195 3 1268 291 0.9230256679244901 0.019228478325504554 0
20 173 0 174 4355167 200 2106309 225 1905305 251 1956123 276 1309541 302 1180594 328 1297067 353 832302 379 637658 404 590995 430 393856 455 435227 481 456173 507 437263 532 653472 558 929467 583 789544 609 975783 610 0
3 193 196 194
196 3 1358 310 0.9298909490805356 0.12015412690191134 0
26 91 0 92 1154505 117 2451549 143 2400173 168 2385592 193 1910191 219 1964465 244 2918939 269 1756049 294 1118546 320 859803 345 865087 370 764740 396 503223 421 446625 446 430645 472 747616 497 765048 522 1126622 547 1118786 573 1750411 598 2010551 623 1140671 649 1995448 674 2124680 675 0
0
197 3 526 79 0.9233530506243665 0.05584587325602245 0
20 204 0 205 2458335 230 2293903 255 1987655 280 1453838 305 1646056 330 1116285 355 1300541 380 807082 405 759203 430 583870 455 593126 480 705339 505 950646 530 1193966 555 1162482 580 924214 605 1230103 630 858079 631 0
0
198 3 1238 268 0.9244860063555981 0.14185297274830597 0
20 126 0 127 580623 152 776403 176 1589566 201 1166457 226 1681813 251 2019229 275 1760959 300 1024741 325 627035 349 681732 374 1310699 399 793275 423 812893 448 373991 473 388671 498 319625 522 449452 547 360977 548 0
1 197
199 1 1007 277 0.9173714623303181 0.031373059381161715 0
30 21 0 22 1698532 47 2299785 72 2297502 96 2041545 121 1904134 146 1298676 171 999022 196 1014480 221 804487 245 1073546 270 1048475 295 868696 320 575237 345 491840 369 760096 394 723777 419 799555 444 1185859 469 1319671 493 1437141 518 1948654 543 1785929 568 1385549 593 973080 618 1976055 642 2192894 667 2268799 692 1492262 693 0
0
200 3 1085 104 0.9120079100028252 0.12861535628700668 0
19 100 0 101 2089355 126 1073133 151 1268362 175 1139322 200 1248849 225 1270069 250 1166411 275 1860815 299 2043910 324 1196325 349 1208810 374 1380677 399 1144632 424 1270410 448 875071 473 320601 498 255035 499 0
1 199
201 3 731 125 0.915663373794142 0.06650574161163705 0
26 113 0 114 1361858 138 888638 163 868392 187 1441458 212 1388574 236 1572450 261 1771121 285 1883520 310 1621549 334 2305862 359 2418570 383 1441933 408 1633057 432 1165760 457 1105665 481 1362577 506 1492367 530 1540403 555 1440723 579 900956 604 502519 628 312261 653 315222 677 375741 678 0
0
202 3 927 185 0.9265728781920254 0.050798376629143445 0
10 432 0 433 706861 456 884352 480 1352613 503 1148916 526 1655373 549 928017 573 498202 596 342970 597 0
1 201
203 1 949 145 0.9279979561470875 0.06384445034664106 0
23 151 0 152 189326 177 172559 203 328683 228 481529 253 543919 279 512341 304 864458 329 846324 355 980333 380 886905 405 1184991 431 1281350 456 1786930 482 2054861 507 2353203 532 1494305 558 1577295 583 1247236 608 1572124 634 1436076 659 1465339 660 0
2 201 202
204 1 1050 22 0.9119531119614936 0.08100000998988285 0
17 48 0 49 1545897 75 1478399 100 1966253 125 1508700 151 1622613 177 4169977 202 3073641 227 1795543 253 1067232 279 1215371 304 829951 329 661176 355 478976 381 438229 406 552063 407 0
2 201 202
205 1 736 132 0.9254513709223727 0.09358875644141652 0
16 263 0 264 1355366 288 1310110 312 1490112 336 1089412 360 1535415 384 1480922 408 1362226 433 1135529 457 1138013 481 833705 505 777186 529 697773 553 1026333 577 1148023 578 0
0
206 1 541 124 0.9291071381059833 0.04795109434692544 0
20 271 0 272 1025010 297 1348451 321 1071481 346 1266295 371 1506462 396 900249 420 888681 445 879301 470 1129732 494 1464257 519 1989596 544 1410112 568 1919512 593 2420408 618 1670706 643 2586437 667 1489790 692 1098388 693 0
1 205
207 1 1160 121 0.9102138100833014 0.1334659652892615 0
29 15 0 16 403657 41 353185 66 337829 91 537767 116 416734 140 484472 165 541881 190 905132 215 1249025 240 1105511 265 972610 290 889492 315 1043072 339 1393511 364 1681680 389 2277781 414 1650984 439 1706067 464 1689953 489 1463706 514 2375003 539 2117598 563 2707090 588 4695764 613 2293345 638 1870459 663 1981440 664 0
0
208 3 1040 239 0.9168228424546268 0.013266688395296261 0
22 93 0 94 2880512 119 2791338 143 2091040 168 1123513 193 1009295 217 859971 242 913479 267 1381151 291 1601308 316 1587482 341 2166006 366 2738494 390 2009111 415 1300556 440 1271284 464 1131473 489 1056547 514 1385990 538 1436149 563 1590157 564 0
2 207 206
209 1 949 41 0.9210858509920997 0.05049587628137163 0
31 2 0 3 972095 28 790238 53 679957 78 977149 103 1709762 127 1484889 152 1150366 177 1485869 202 2053463 227 2717901 252 3614858 277 2119904 302 1117051 327 1466467 351 2070200 376 1954274 401 1629805 426 1271049 451 983887 476 867258 501 811317 526 524149 551 557857 576 446613 600 397602 625 423981 650 335158 675 496343 700 710282 701 0
0
210 3 1096 49 0.9132466621571643 0.09151375791015211 0
27 72 0 73 2314223 98 1497246 123 1859868 149 2490121 174 2276977 199 2729970 224 2087076 249 1793654 274 1183369 299 1180827 325 1752433 350 2175937 375 1816478 400 2231182 425 2479254 451 2414340 476 1809563 501 1906050 526 1111776 551 1270023 576 1365150 601 1785812 627 1457970 652 1273303 677 1589346 678 0
1 209
211 3 1220 41 0.9189638770054595 0.14224461265745672 0
26 8 0 9 2029979 34 2939856 59 2062684 84 2084000 108 1953886 133 2672335 158 3255959 183 2421856 208 2363086 233 1791015 258 1104747 283 908076 307 753458 332 534305 357 461260 382 429933 407 457212 432 542557 457 370961 482 226373 506 227237 531 257527 556 288910 581 243424 582 0
1 209
212 3 801 233 0.9130484637590501 0.10126782955751555 0
24 103 0 104 428039 129 667452 155 507551 180 764710 206 800300 231 367757 257 625049 282 770536 308 1547745 333 1481699 359 2027061 384 1614727 410 3387694 435 1734057 461 1598195 486 2364186 512 2955676 537 1751704 563 1584274 588 2041075 614 2320592 639 3062661 640 0
0
213 3 690 301 0.9157053685840987 0.09527927296906642 0
18 275 0 276 1423358 302 873935 327 1541141 353 1863549 378 2593279 404 2111419 429 2222358 455 2523667 480 3772863 506 2267064 531 1367686 557 1466201 582 1300374 608 1559008 633 1321767 659 1512585 660 0
0
214 1 819 313 0.9209613069211158 0.08175625217493258 0
18 274 0 275 1226823 300 2033714 326 2495898 351 1904723 376 1234642 401 1113978 427 587918 452 328685 477 285883 502 253754 528 352557 553 394067 578 530853 603 791107 629 1140581 654 628559 655 0
1 213
215 3 1233 289 0.9299108801961881 0.03919242180713107 0
12 277 0 278 1127955 304 923136 330 1246499 356 1412129 382 2206429 409 1521730 435 1425715 461 1587309 487 2461293 513 2256432 514 0
2 214 216
216 1 863 141 0.922910081212793 0.13047231233605297 0
13 429 0 430 1351251 455 1512716 479 1919078 504 1445922 528 1276271 553 1119752 578 1362017 602 1679614 627 2325439 651 2778281 676 1950092 677 0
0
217 3 614 17 0.9141773333940671 0.009203808674495223 0
23 99 0 100 2018485 125 2082919 150 1783366 175 2312090 200 2123995 225 2682274 250 2263057 275 842262 300 522238 325 517109 350 423226 375 966977 400 845636 425 1070291 450 999293 475 1520240 500 860843 525 594880 550 1086238 575 881346 600 881608 601 0
0
218 3 1443 70 0.9148349973370162 0.09432382380468232 0
25 16 0 17 2373250 42 1888728 67 1291392 93 1231729 118 857349 143 1300920 168 1656585 194 2139175 219 1748454 244 1626309 269 1535309 295 1946698 320 1856026 345 2360161 370 1260804 395 800125 421 1329274 446 1500559 471 1295808 496 1974046 522 2434287 547 4127456 572 2737706 573 0
0
219 1 814 261 0.9241863404797386 0.01573076251318183 0
7 389 0 390 504646 417 887850 443 1368813 469 1735813 496 1215642 497 0
1 218
220 1 1242 114 0.9131266169987641 0.06700401255042497 0
25 67 0 68 1379684 93 850385 117 1648815 142 2223660 167 2782725 192 2905757 216 3603381 241 3318519 266 2387078 291 1299274 315 1291894 340 1461318 365 1494867 389 1145369 414 874265 439 722715 464 1422297 488 1040238 513 497209 538 215353 563 207410 587 206691 612 128341 613 0
0
221 3 1326 298 0.9101711323260977 0.06934627823352664 0
19 127 0 128 1166949 153 1221354 179 1658011 205 2118842 230 1344868 255 833014 281 844631 307 827495 332 709700 357 519332 383 480324 409 448373 434 586110 459 548723 485 874446 511 850790 536 979356 537 0
1 220
222 1 1227 269 0.9142251482530275 0.13450562868684104 0
29 24 0 25 271768 50 373993 75 696326 100 590173 125 659889 150 687865 175 575753 200 557361 225 369290 250 455190 275 513181 300 636414 325 1035849 351 1782820 376 2422471 401 1962309 426 2311976 451 1922184 476 2385153 501 3461279 526 4198966 551 2583093 576 1785034 601 2336200 626 1042012 651 896834 676 937689 677 0
0
223 1 936 221 0.9118626076071423 0.013326787366603953 0
15 166 0 167 2757516 192 2600861 217 2204334 243 1217451 268 1237235 293 703487 318 768038 343 1005002 368 1288227 393 549969 419 525156 444 371802 469 592561 470 0
1 222
224 3 1286 134 0.9262654093344472 0.013730095477381287 0
17 48 0 49 3707054 75 3330523 100 2924281 125 2001220 151 1494834 177 1310435 202 553802 227 536889 253 364172 279 289870 304 587543 329 980501 355 1412993 381 1187122 406 945649 407 0
0
225 1 830 28 0.9277014546460446 0.034398051167573336 0
17 271 0 272 1435772 296 1346442 320 1662345 344 1315858 369 753047 393 1217218 417 1224663 441 978597 465 1259590 489 1154212 513 734723 538 392904 562 280101 586 313235 610 257224 611 0
1 224
226 3 1085 212 0.9197402853776302 0.019323041072683095 0
17 165 0 166 3009493 191 1989474 215 1890098 240 1437494 265 971583 290 767234 314 663983 339 538870 364 707916 388 893467 413 1058919 438 1022831 463 996962 487 764778 512 844869 513 0
1 224
227 1 506 259 0.9278663505681829 0.054354554711271784 0
8 395 0 396 1619468 419 2273573 442 2055813 466 1502110 489 1038061 512 1184788 513 0
0
228 1 555 33 0.9227058934014225 0.08961660994525546 0
11 399 0 400 447309 426 339908 451 460461 477 542723 503 725476 529 1594603 555 1485549 580 1349213 606 1678140 607 0
0
229 1 612 274 0.9157769167726549 0.06326918092766252 0
17 187 0 188 1223183 213 1289894 238 1734467 263 1460612 288 1339503 313 1005230 338 942597 363 930697 388 1871299 413 1280348 438 1084571 463 1125716 488 1294996 513 3239713 538 2956091 539 0
1 228
230 1 1126 88 0.9108646594529852 0.10974410283649483 0
14 240 0 241 423599 266 701354 291 1223870 316 1949298 341 1345669 366 1360129 392 1082475 417 888400 442 610709 467 605358 492 445922 517 440178 518 0
0
231 1 1171 110 0.9264466686604703 0.018902177892604042 0
17 286 0 287 2449438 311 1982844 335 2043232 360 2446925 384 1994763 408 1448595 432 1904082 457 1377262 481 1168056 505 954952 529 718101 553 839791 578 1497612 602 856611 626 1258477 627 0
1 230
232 1 674 49 0.9244009131557326 0.011173159395599723 0
29 4 0 5 800609 30 1100680 56 743606 81 901286 106 1064384 132 1775556 157 1815330 182 2237213 207 3369041 233 4486974 258 3985176 283 2239317 309 1949674 334 1679354 359 1422144 385 1514914 410 1407694 435 896365 461 753110 486 593978 511 577534 536 476601 562 829430 587 767450 612 843693 638 679924 663 844853 664 0
0
233 1 1000 193 0.9185869220537528 0.08084699175439573 0
25 124 0 125 305189 150 317661 175 400041 200 584642 225 550562 250 858619 275 1105475 300 1148483 325 1325432 350 1584873 375 1691255 399 2214159 424 1425180 449 1454564 474 1773626 499 2383964 524 3765002 549 3128022 574 2430413 599 2204534 624 1045523 649 1156797 674 1626873 675 0
1 232
234 1 1469 263 0.9219129969125651 0.05112417036932489 0
29 39 0 40 1447010 65 1397142 89 1017030 114 1735309 139 1244266 164 779052 188 559947 213 353362 238 471331 263 900435 287 929284 312 1070006 337 851124 361 785972 386 531422 411 644297 436 666650 460 784867 485 656752 510 753329 535 953731 559 1094091 584 1134620 609 1524564 634 2416905 658 2888207 683 3032213 684 0
1 233
235 1 883 33 0.9286947659558268 0.034311688899737326 0
22 194 0 195 302311 219 428302 244 791944 268 1046310 292 863799 317 1190335 341 1084374 365 1156585 390 1351209 414 2349183 438 2046318 462 4160077 487 2406197 511 2272261 535 2080272 560 1107768 584 1052146 608 1023166 633 1526223 657 1571079 658 0
1 234
236 3 1224 240 0.9230410546739978 0.06057730545654594 0
22 166 0 167 1411199 191 1386604 216 805211 240 677375 264 799026 289 1428631 313 1585590 338 1131753 362 1059155 386 618540 411 756510 435 1281861 459 1140724 484 855802 508 1082496 533 2014089 557 3912695 581 3592936 606 4704742 630 2320269 631 0
0
237 3 765 110 0.9224107364364393 0.10855793285361166 0
30 8 0 9 1091752 34 1452718 59 1253790 84 1689012 109 1966915 135 2272982 160 1673222 185 1307755 210 734729 235 1207360 260 1356373 285 1653128 310 1108291 335 741045 361 1119359 386 617357 411 512404 436 673723 461 906459 486 701589 511 429551 536 377922 561 290123 587 408426 612 607103 637 497428 662 675445 687 582646 688 0
0
238 3 776 176 0.9251592545167213 0.06107864035620655 0
8 406 0 407 1260472 431 1213308 456 1031751 480 1004155 505 1437899 529 1590661 530 0
1 237
239 1 1372 7 0.9179751534972979 0.08871626718287248 0
11 150 0 151 1790630 176 1646743 201 1739363 226 1200484 251 1131500 275 465972 300 336643 325 569009 350 571083 351 0
0
240 1 1238 27 0.9292661111854852 0.12207071241313146 0
23 179 0 180 3708643 205 2651508 229 1972008 254 2336460 278 1072587 303 1172430 328 1039990 352 786686 377 642023 401 490683 426 771371 451 1085726 475 1151355 500 526141 524 342378 549 646388 574 336774 598 500251 623 706131 647 663428 672 1392744 673 0
0
241 3 1469 178 0.9174076231053678 0.1250499937832026 0
14 44 0 45 711152 71 1074207 96 826895 122 844693 148 725107 174 759708 199 1284287 225 1162000 251 1356798 277 1332216 302 1423038 328 1579283 329 0
1 240
242 3 1203 228 0.9154404957506356 0.021624930444784446 0
17 67 0 68 792498 93 608448 119 516075 144 980963 169 1042134 195 1453107 220 1193525 245 1484678 271 1522214 296 1325846 322 1100185 347 1400748 372 893269 398 789668 423 1018815 424 0
1 241
243 1 1173 258 0.9293460311750698 0.012099769962046847 0
20 271 0 272 311211 297 202323 322 251060 348 217468 373 175007 398 309455 423 792893 448 1020714 473 1267972 499 1246593 524 1030537 549 1042784 574 1399035 599 2586899 624 1611287 650 2792529 675 3949317 700 4946571 701 0
0
244 1 860 258 0.9237252684333732 0.029971153855479025 0
13 145 0 146 1949798 171 1567753 196 675646 220 632404 245 463644 270 912488 295 1409217 320 1746027 344 1702575 369 1584786 394 1974359 395 0
1 243
245 1 571 195 0.9105975759083681 0.05167989656934794 0
22 0 0 1 355309 25 379837 50 412735 74 667996 98 573110 123 755284 147 1548133 172 1920642 196 2698689 220 2098811 245 1764032 269 2030754 293 2881339 318 2065787 342 2617615 367 1254014 391 1180641 415 1144407 440 1023012 464 1068886 465 0
1 243
246 1 1397 263 0.9224137911276842 0.12462123971789413 0
17 354 0 355 855733 380 748188 404 930070 429 1829266 454 1165046 478 1199270 503 1883523 527 2153124 552 1995879 577 2050835 601 3231343 626 2368956 651 2780550 675 2255025 700 2328962 701 0
0
247 1 1337 121 0.9140500335579635 0.0003918643217077522 0
12 215 0 216 668561 241 948370 266 1572282 291 1236004 316 1985727 341 1897152 366 1761030 391 1470454 416 808473 441 996542 442 0
0
248 1 704 262 0.9252805943907948 0.12925222455756613 0
15 340 0 341 1639221 365 1998201 390 1145764 415 992972 439 1106353 463 1104802 488 1228541 513 1544180 537 1511525 561 1496753 586 1921086 611 3495828 635 2441556 636 0
1 247
249 3 1390 97 0.9118999797942907 0.10507990476493441 0
26 44 0 45 441148 70 356816 95 194853 121 492301 146 377356 171 442284 196 563983 222 955236 247 1651647 272 1589550 297 1717120 322 2006753 348 1374033 373 3219627 398 3071625 423 1612713 448 1500847 474 1557504 499 1545491 524 4059238 549 2001037 575 1299086 600 940050 625 1517213 626 0
0
250 1 964 11 0.9113178476747354 0.01822931374318758 0
18 274 0 275 450024 299 395588 323 804714 348 966785 372 616977 396 916381 420 827565 444 1088104 469 990167 493 1606340 517 1149017 541 1409643 565 1152455 590 915854 614 1103807 638 962854 639 0
0
7 20 12704374070864167541
0.98922632047529435 0.010772893081372545 7.8644333311045697e-07 0 0 0 0 
0.0089200006047319529 0.82084573547428608 0.17014975024161058 8.4513679371500254e-05 0 0 0 
0.00032472656255418781 0.42525637760150153 0.54726696567928534 0.027118825099963675 3.3105056695357375e-05 0 0 
0 2.1071624926509264e-06 0.0088247165752158799 0.97239821780546065 0.018752904064297013 2.2054392533978276e-05 0 
0 0 4.0831341991025342e-08 0.05709228986146922 0.91687433277577179 0.025980548067743438 5.2788463673516503e-05 
0 0 0 5.7211382554397352e-06 0.11572455964624589 0.85229561869238235 0.03197410052311643 
0 0 0 0 8.6627955780469427e-05 0.14807353929616543 0.85183983274805408 
7 0 0 0 0 0 0 0
0.021435144740444143 0.9940584086974545 4.3670916616195665
