A
300
371 606
1 31.0 24.0
2 32.0 24.0
3 31.0 23.0
4 32.0 23.0
5 31.0 22.0
6 32.0 21.0
7 32.0 22.0
8 32.0 20.0
9 31.0 21.0
10 30.0 22.0
11 30.0 23.0
12 28.0 24.0
13 29.0 24.0
14 29.0 21.0
15 30.0 21.0
16 30.0 20.0
17 29.0 22.0
18 29.0 20.0
19 32.0 19.0
20 31.0 19.0
21 32.0 18.0
22 31.0 18.0
23 31.0 20.0
24 30.0 19.0
25 30.0 18.0
26 28.0 20.0
27 29.0 19.0
28 28.0 19.0
29 27.0 24.0
30 27.0 23.0
31 27.0 22.0
32 28.0 21.0
33 28.0 22.0
34 27.0 21.0
35 26.0 22.0
36 25.0 24.0
37 26.0 24.0
38 26.0 23.0
39 25.0 23.0
40 24.0 24.0
41 24.0 23.0
42 25.0 22.0
43 25.0 20.0
44 26.0 20.0
45 24.0 22.0
46 24.0 21.0
47 25.0 21.0
48 27.0 20.0
49 27.0 19.0
50 26.0 19.0
51 26.0 18.0
52 28.0 16.0
53 28.0 17.0
54 27.0 18.0
55 26.0 17.0
56 27.0 17.0
57 26.0 16.0
58 27.0 16.0
59 25.0 18.0
60 25.0 17.0
61 25.0 16.0
62 29.0 23.0
63 24.0 16.0
64 24.0 17.0
65 24.0 26.0
66 24.0 27.0
67 23.0 26.0
68 23.0 25.0
69 24.0 25.0
70 23.0 24.0
71 24.0 18.0
72 22.0 25.0
73 22.0 26.0
74 22.0 24.0
75 21.0 25.0
76 21.0 26.0
77 20.0 25.0
78 30.0 24.0
79 28.0 18.0
80 18.0 24.0
81 18.0 25.0
82 23.0 23.0
83 23.0 22.0
84 17.0 24.0
85 17.0 25.0
86 24.0 20.0
87 23.0 20.0
88 23.0 21.0
89 22.0 23.0
90 21.0 23.0
91 20.0 24.0
92 21.0 24.0
93 22.0 21.0
94 22.0 22.0
95 20.0 21.0
96 21.0 21.0
97 22.0 19.0
98 22.0 20.0
99 21.0 20.0
100 21.0 19.0
101 20.0 19.0
102 21.0 18.0
103 22.0 18.0
104 21.0 17.0
105 22.0 17.0
106 19.0 23.0
107 20.0 23.0
108 18.0 23.0
109 19.0 22.0
110 29.0 18.0
111 20.0 22.0
112 19.0 21.0
113 19.0 24.0
114 20.0 20.0
115 18.0 22.0
116 18.0 21.0
117 16.0 24.0
118 16.0 23.0
119 17.0 23.0
120 26.0 21.0
121 17.0 22.0
122 16.0 22.0
123 17.0 21.0
124 19.0 20.0
125 19.0 19.0
126 20.0 18.0
127 20.0 17.0
128 19.0 17.0
129 18.0 18.0
130 19.0 18.0
131 19.0 16.0
132 17.0 20.0
133 18.0 20.0
134 18.0 19.0
135 17.0 19.0
136 17.0 18.0
137 18.0 17.0
138 18.0 16.0
139 4.0 12.0
140 4.0 13.0
141 17.0 4.0
142 18.0 4.0
143 20.0 8.0
144 21.0 8.0
145 21.0 13.0
146 22.0 13.0
147 8.0 3.0
148 8.0 4.0
149 3.0 13.0
150 0.0 6.0
151 1.0 6.0
152 8.0 6.0
153 9.0 6.0
154 20.0 7.0
155 21.0 7.0
156 18.0 13.0
157 18.0 14.0
158 6.0 2.0
159 7.0 2.0
160 12.0 2.0
161 13.0 2.0
162 8.0 7.0
163 8.0 8.0
164 28.0 23.0
165 9.0 7.0
166 1.0 12.0
167 1.0 13.0
168 1.0 19.0
169 2.0 19.0
170 2.0 6.0
171 3.0 6.0
172 0.0 19.0
173 0.0 20.0
174 3.0 12.0
175 7.0 8.0
176 7.0 9.0
177 7.0 12.0
178 8.0 12.0
179 17.0 16.0
180 17.0 17.0
181 14.0 0.0
182 15.0 0.0
183 15.0 1.0
184 9.0 3.0
185 6.0 8.0
186 14.0 1.0
187 7.0 0.0
188 8.0 0.0
189 13.0 3.0
190 13.0 4.0
191 12.0 3.0
192 9.0 8.0
193 10.0 8.0
194 9.0 4.0
195 10.0 4.0
196 10.0 7.0
197 10.0 2.0
198 11.0 2.0
199 16.0 0.0
200 4.0 9.0
201 5.0 9.0
202 10.0 6.0
203 2.0 7.0
204 11.0 3.0
205 0.0 11.0
206 0.0 12.0
207 0.0 5.0
208 1.0 5.0
209 11.0 4.0
210 10.0 3.0
211 1.0 20.0
212 2.0 20.0
213 21.0 22.0
214 4.0 8.0
215 21.0 14.0
216 21.0 15.0
217 9.0 2.0
218 1.0 11.0
219 0.0 13.0
220 21.0 16.0
221 3.0 14.0
222 4.0 14.0
223 3.0 7.0
224 3.0 8.0
225 0.0 14.0
226 0.0 15.0
227 14.0 2.0
228 2.0 11.0
229 2.0 12.0
230 12.0 4.0
231 6.0 9.0
232 0.0 18.0
233 1.0 18.0
234 8.0 2.0
235 2.0 13.0
236 22.0 16.0
237 1.0 16.0
238 2.0 16.0
239 8.0 1.0
240 16.0 1.0
241 8.0 15.0
242 8.0 16.0
243 7.0 15.0
244 7.0 16.0
245 18.0 5.0
246 1.0 10.0
247 2.0 10.0
248 15.0 2.0
249 16.0 2.0
250 2.0 5.0
251 1.0 14.0
252 2.0 14.0
253 20.0 16.0
254 5.0 8.0
255 17.0 12.0
256 17.0 13.0
257 14.0 3.0
258 14.0 4.0
259 0.0 16.0
260 5.0 10.0
261 1.0 15.0
262 2.0 15.0
263 23.0 15.0
264 24.0 15.0
265 7.0 10.0
266 7.0 11.0
267 8.0 9.0
268 4.0 10.0
269 17.0 5.0
270 0.0 10.0
271 0.0 4.0
272 1.0 4.0
273 6.0 15.0
274 6.0 16.0
275 2.0 18.0
276 19.0 15.0
277 20.0 15.0
278 4.0 7.0
279 6.0 0.0
280 19.0 2.0
281 20.0 2.0
282 6.0 11.0
283 6.0 12.0
284 20.0 10.0
285 20.0 11.0
286 22.0 14.0
287 22.0 15.0
288 2.0 4.0
289 23.0 14.0
290 18.0 12.0
291 8.0 14.0
292 7.0 1.0
293 17.0 14.0
294 8.0 10.0
295 20.0 13.0
296 20.0 14.0
297 6.0 10.0
298 17.0 6.0
299 18.0 6.0
300 4.0 6.0
301 6.0 1.0
302 8.0 11.0
303 16.0 4.0
304 16.0 5.0
305 17.0 15.0
306 18.0 15.0
307 23.0 9.0
308 24.0 9.0
309 7.0 14.0
310 23.0 16.0
311 19.0 14.0
312 20.0 26.0
313 16.0 13.0
314 16.0 6.0
315 16.0 14.0
316 16.0 15.0
317 16.0 16.0
318 20.0 9.0
319 24.0 14.0
320 6.0 14.0
321 2.0 8.0
322 19.0 1.0
323 18.0 2.0
324 21.0 9.0
325 21.0 10.0
326 20.0 4.0
327 20.0 5.0
328 21.0 4.0
329 21.0 5.0
330 20.0 6.0
331 21.0 6.0
332 16.0 12.0
333 23.0 10.0
334 24.0 10.0
335 24.0 8.0
336 22.0 12.0
337 32.0 16.0
338 30.0 16.0
339 26.0 14.0
340 28.0 14.0
341 28.0 12.0
342 26.0 12.0
343 24.0 12.0
344 6.0 4.0
345 4.0 20.0
346 4.0 16.0
347 4.0 18.0
348 10.0 10.0
349 12.0 10.0
350 12.0 6.0
351 12.0 8.0
352 12.0 12.0
353 10.0 12.0
354 4.0 2.0
355 4.0 4.0
356 4.0 0.0
357 12.0 0.0
358 10.0 0.0
359 0.0 8.0
360 18.0 8.0
361 16.0 8.0
362 20.0 12.0
363 32.0 28.0
364 28.0 28.0
365 8.0 20.0
366 0.0 24.0
367 12.0 16.0
368 28.0 8.0
369 0.0 0.0
370 32.0 8.0
371 32.0 12.0
370 371 4
360 361 2
357 358 2
356 369 4
354 356 2
354 355 2
352 367 4
352 353 2
351 361 4
350 351 2
349 351 2
349 352 2
348 353 2
348 349 2
346 347 2
344 355 2
342 343 2
341 371 4
341 368 4
341 342 2
340 341 2
339 342 2
339 340 2
337 371 4
337 338 2
336 343 2
334 343 2
333 334 1
332 361 4
332 352 4
330 331 1
327 330 1
327 329 1
326 328 1
326 327 1
321 359 2
319 339 2
319 343 2
318 324 1
316 317 1
315 316 1
314 361 2
313 332 1
313 315 1
309 320 1
308 335 1
308 334 1
307 308 1
305 316 1
305 306 1
304 314 1
303 304 1
300 355 2
299 330 2
299 360 2
298 314 1
298 299 1
296 311 1
295 296 1
294 348 2
294 302 1
293 305 1
293 315 1
292 301 1
291 309 1
290 362 2
289 319 1
288 355 2
286 289 1
286 287 1
284 325 1
284 318 1
284 285 1
283 320 2
282 297 1
282 283 1
281 326 2
280 323 1
280 322 1
280 281 1
279 356 2
279 301 1
278 300 1
277 296 1
276 311 1
276 306 1
276 277 1
274 346 2
273 320 1
273 274 1
272 288 1
271 369 4
271 272 1
270 359 2
269 298 1
269 304 1
267 294 1
266 302 1
266 282 1
265 297 1
265 294 1
265 266 1
264 319 1
263 310 1
263 287 1
263 289 1
263 264 1
261 262 1
260 297 1
260 268 1
258 303 2
127 253 1
127 128 1
126 130 1
126 127 1
125 134 1
125 130 1
124 133 1
124 125 1
121 123 1
121 122 1
119 121 1
118 119 1
116 133 1
116 123 1
115 116 1
115 121 1
114 124 1
112 124 1
112 116 1
111 213 1
109 112 1
109 115 1
109 111 1
108 119 1
108 115 1
107 111 1
106 113 1
106 109 1
106 108 1
106 107 1
105 236 1
104 127 1
104 220 1
104 105 1
103 105 1
102 126 1
102 104 1
102 103 1
101 114 1
101 126 1
101 125 1
100 102 1
100 101 1
99 114 1
99 100 1
98 99 1
97 103 1
97 100 1
97 98 1
96 213 1
96 99 1
95 114 1
95 112 1
95 111 1
95 96 1
94 213 1
93 96 1
93 98 1
93 94 1
91 107 1
91 113 1
91 92 1
90 107 1
90 213 1
90 92 1
89 94 1
89 90 1
88 93 1
87 98 1
87 88 1
86 87 1
84 119 1
84 117 1
84 85 1
83 94 1
83 88 1
82 89 1
82 83 1
80 108 1
80 113 1
80 84 1
80 81 1
79 110 1
77 91 1
77 312 1
75 92 1
75 77 1
75 76 1
74 92 1
74 89 1
72 75 1
72 74 1
72 73 1
71 103 2
71 86 2
70 82 1
70 74 1
68 72 1
68 70 1
68 69 1
67 68 1
65 69 1
65 67 1
65 66 1
64 71 1
63 310 1
63 264 1
63 64 1
62 164 1
61 63 1
60 64 1
60 61 1
29 37 1
29 30 1
28 79 1
28 49 1
27 110 1
27 28 1
26 28 1
26 48 1
26 32 1
25 338 2
25 110 1
24 27 1
24 25 1
22 25 1
21 337 2
21 22 1
20 22 1
20 24 1
20 23 1
19 21 1
19 20 1
18 27 1
18 26 1
17 62 1
17 33 1
16 18 1
16 23 1
16 24 1
15 16 1
14 32 1
14 18 1
14 17 1
14 15 1
1 78 1
1 3 1
1 2 1
2 363 4
2 4 1
3 11 1
3 5 1
3 4 1
4 7 1
5 7 1
5 10 1
5 9 1
6 9 1
6 8 1
6 7 1
8 23 1
8 19 1
9 15 1
9 23 1
10 15 1
10 17 1
10 11 1
11 78 1
11 62 1
12 164 1
12 29 1
12 364 4
12 13 1
13 78 1
13 62 1
30 38 1
30 164 1
30 31 1
31 34 1
31 33 1
31 35 1
32 34 1
32 33 1
33 164 1
34 48 1
34 120 1
35 38 1
35 120 1
35 42 1
36 39 1
36 40 1
36 37 1
37 38 1
38 39 1
39 42 1
39 41 1
40 69 1
40 41 1
40 70 1
41 45 1
41 82 1
42 47 1
42 45 1
43 86 1
43 47 1
43 44 1
44 48 1
44 120 1
44 50 1
45 46 1
45 83 1
46 88 1
46 86 1
46 47 1
47 120 1
48 49 1
49 50 1
49 54 1
50 51 1
51 55 1
51 59 1
51 54 1
52 340 2
52 338 2
52 58 1
52 53 1
53 79 1
53 56 1
54 79 1
54 56 1
55 57 1
55 60 1
55 56 1
56 58 1
57 339 2
57 61 1
57 58 1
59 60 1
59 71 1
128 130 1
128 137 1
128 131 1
129 134 1
129 137 1
129 136 1
129 130 1
131 138 1
131 276 1
131 253 1
132 133 1
133 134 1
134 135 1
137 180 1
137 138 1
138 306 1
138 179 1
139 268 2
139 174 1
139 283 2
139 140 1
140 222 1
140 149 1
141 303 1
141 269 1
141 142 1
142 326 2
142 323 2
142 245 1
143 360 2
143 154 1
143 318 1
143 144 1
145 215 1
145 146 1
146 336 1
146 286 1
147 234 1
147 184 1
147 148 1
148 344 2
148 152 2
148 194 1
149 221 1
149 235 1
149 174 1
150 207 1
150 359 2
150 151 1
151 170 1
151 208 1
152 162 1
152 153 1
153 202 1
153 165 1
154 330 1
154 155 1
156 256 1
156 290 1
156 157 1
157 293 1
157 306 1
157 311 1
158 344 2
158 301 1
158 354 2
158 159 1
159 292 1
159 234 1
160 357 2
160 198 1
160 191 1
160 161 1
161 227 1
161 189 1
162 165 1
162 163 1
163 175 1
163 267 1
163 192 1
165 196 1
165 192 1
166 229 1
166 218 1
166 206 1
166 167 1
167 235 1
167 251 1
167 219 1
168 233 1
168 211 1
168 172 1
168 169 1
169 275 1
169 212 1
170 250 1
170 203 1
170 171 1
171 300 1
171 223 1
172 232 1
172 173 1
173 366 4
173 211 1
174 229 1
175 185 1
175 176 1
176 267 1
176 265 1
176 231 1
177 283 1
177 266 1
177 178 1
178 291 2
178 353 2
178 302 1
179 317 1
179 305 1
179 180 1
181 357 2
181 186 1
181 182 1
182 199 1
182 183 1
183 248 1
183 186 1
183 240 1
184 217 1
184 210 1
184 194 1
185 231 1
185 254 1
186 227 1
187 292 1
187 279 1
187 188 1
188 358 2
188 239 1
189 257 1
189 191 1
189 190 1
190 258 1
190 230 1
191 230 1
191 204 1
192 193 1
193 348 2
193 351 2
193 196 1
194 195 1
195 202 2
195 209 1
195 210 1
196 202 1
197 358 2
197 217 1
197 210 1
197 198 1
198 204 1
200 268 1
200 214 1
200 201 1
201 231 1
201 254 1
201 260 1
202 350 2
203 321 1
203 223 1
204 210 1
204 209 1
205 270 1
205 218 1
205 206 1
206 219 1
207 271 1
207 208 1
208 272 1
208 250 1
209 230 1
211 212 1
212 345 2
214 254 1
214 278 1
214 224 1
215 286 1
215 296 1
215 216 1
216 277 1
216 287 1
216 220 1
217 234 1
218 246 1
218 228 1
219 225 1
220 236 1
220 253 1
221 252 1
221 222 1
222 346 2
222 320 2
223 278 1
223 224 1
224 321 1
225 251 1
225 226 1
226 261 1
226 259 1
227 257 1
227 248 1
228 247 1
228 229 1
229 235 1
230 350 2
231 297 1
232 259 2
232 233 1
233 275 1
234 239 1
235 252 1
236 287 1
236 310 1
237 259 1
237 261 1
237 238 1
238 346 2
238 262 1
239 292 1
241 243 1
241 291 1
241 242 1
242 367 4
242 365 4
242 244 1
243 273 1
243 309 1
243 244 1
244 274 1
245 269 1
245 299 1
246 270 1
246 247 1
247 268 2
247 321 2
248 249 1
249 303 2
250 288 1
251 252 1
251 261 1
252 262 1
253 277 1
255 290 1
255 332 1
255 256 1
256 313 1
256 293 1
257 258 1
5
141 60 3 1 2 3
312 32 3 1 2 3
160 66 2 1 2
67 84 1 1
303 80 2 1 2
251
1 2 842 19 0.9921428543409417 0.0036830113878210335 0
13 25 0 26 874896 50 1166131 75 1234195 99 1420498 124 995833 148 942415 172 2001237 197 2061137 221 1378606 246 2002496 270 2087781 271 0
0
2 1 882 315 0.9939109098644086 0.010471891312651487 0
10 87 0 88 1898125 111 1211939 135 2046925 158 1077002 181 709659 204 664142 228 667482 251 1209023 252 0
0
3 2 1001 264 0.9985378400052807 0.11223682411304185 0
12 34 0 35 1497020 59 1864018 83 1690468 106 1124475 130 2373074 154 2296610 178 2267567 201 1866540 225 1835478 249 1698390 250 0
0
4 2 1062 308 0.9956658214786668 0.059427902230763496 0
13 18 0 19 2002322 44 1832875 69 2014021 94 1673477 119 1471385 145 905627 170 689904 195 928497 220 998785 245 769467 270 727002 271 0
0
5 1 1428 302 0.9998296938621121 0.09635263628929709 0
7 26 0 27 1631165 54 1411110 81 1292202 108 1830977 135 2407339 136 0
0
6 2 1399 291 0.9995468052510876 0.02385496150985042 0
12 7 0 8 762768 33 634977 57 844824 82 804446 106 1353692 131 1524878 155 1056998 180 1184236 204 2152637 229 2587167 230 0
1 5
7 1 544 61 0.9851374864191065 0.13175837349421404 0
11 56 0 57 1219342 81 1014208 104 1056467 127 838332 151 1156466 175 1408091 198 957667 221 1580857 245 1340727 246 0
1 5
8 2 630 284 0.9922693616628433 0.0859147083577563 0
13 35 0 36 1326864 61 1031955 86 1228583 111 1273942 136 699846 161 705547 187 956950 212 941323 237 1206985 262 2192582 287 1788861 288 0
1 7
9 1 1284 219 0.9805049623522794 0.06050788842939163 0
11 96 0 97 888713 122 720019 147 570981 171 1107577 196 1773492 221 1638755 245 2829528 270 2395903 295 1515367 296 0
0
10 2 1316 325 0.9865515301110195 0.028477240561830795 0
12 17 0 18 617640 44 657516 69 865205 95 1602959 120 1836673 146 1974597 171 1592920 197 2415727 222 2645916 248 2047198 249 0
1 9
11 2 827 2 0.9805763525296547 0.010314299297177415 0
8 135 0 136 738898 161 1639536 186 1631294 211 2352604 236 2431174 261 1289532 262 0
0
12 3 556 325 0.9974224620732217 0.008779467587712092 0
14 20 0 21 819835 45 1115785 70 1846411 94 1608350 119 1327324 143 1941373 168 3376305 192 2312991 217 1080897 241 2321839 266 1986221 290 1010271 291 0
0
13 2 931 145 0.9860504044583756 0.024096715693393115 0
14 0 0 1 2189610 25 1393271 50 1319989 74 2334753 98 1875212 122 2201983 147 2443892 171 2225618 195 2140732 219 1301530 244 1857053 268 1592439 269 0
2 12 14
14 1 1094 111 0.9890905491406405 0.13688589706149915 0
13 49 0 50 1157602 75 1784098 99 832664 124 689375 149 574538 173 291613 198 342591 223 671845 248 1133649 272 1349319 297 1397921 298 0
0
15 1 994 257 0.9810794532047443 0.07124270543754684 0
9 49 0 50 525333 77 800312 103 943174 130 1430660 157 1543838 183 2752568 210 2244211 211 0
0
16 3 1129 191 0.9873735946100171 0.12118674661051944 0
15 5 0 6 567595 30 528408 55 540968 79 1021412 103 964457 128 1086231 152 1112755 176 979171 201 1804114 225 1466106 249 1650302 274 1145571 298 1209648 299 0
0
17 3 1448 67 0.9973627443387221 0.05159237537282057 0
13 4 0 5 3119971 30 1473230 54 1799291 79 1938980 103 1765108 128 1983984 153 1954239 177 1269335 202 1795954 226 2364769 251 1779672 252 0
0
18 2 958 347 0.9905379512707474 0.011930540089555563 0
14 4 0 5 669684 31 1120454 57 1032514 82 686720 108 894600 134 1495603 160 2502116 186 1907698 212 1664762 237 1732365 263 1868010 289 1581388 290 0
0
19 1 602 229 0.9933390442564165 0.0042186912252529405 0
8 135 0 136 1120605 162 1128348 188 859173 215 1073136 241 1131693 267 835529 268 0
1 18
20 3 906 75 0.9835467481967322 0.0342036191571499 0
9 78 0 79 1042417 104 1131380 129 982658 154 1177955 179 1294478 204 860174 229 409366 230 0
0
21 3 1020 202 0.992788127817857 0.05057654559486691 0
11 47 0 48 2447879 74 2020320 100 2997197 126 2917386 151 2141328 177 812717 203 528704 229 504103 255 750661 256 0
1 20
22 1 1387 353 0.9913876147197789 0.105890887627642 0
10 116 0 117 2112308 142 1701131 167 1601675 192 1806143 217 1373526 242 1837400 267 1193334 292 1314767 293 0
1 20
23 3 933 175 0.9953903510502349 9.830154649519973e-05 0
8 127 0 128 1452475 152 1818504 175 1736800 199 1424060 222 1284093 246 1339562 247 0
0
24 3 583 132 0.9825955250904657 0.14674805613251485 0
8 110 0 111 2071328 137 2076796 163 2147842 189 1576804 215 1257261 241 1191141 242 0
1 23
25 1 629 272 0.9897397059486552 0.03403509483312255 0
13 33 0 34 1409612 59 1177765 84 1351630 109 1155797 134 1213413 159 782375 185 781398 210 792860 235 989413 260 2151392 285 4273590 286 0
1 23
26 1 1476 346 0.993515872484687 0.07506250947437935 0
9 134 0 135 519122 158 763248 181 802198 205 1299434 228 1387598 251 2503814 274 1410658 275 0
0
27 3 518 66 0.9888222248352861 0.05078191351223493 0
9 71 0 72 1159908 99 1264351 125 1980330 151 2429495 178 1759697 205 1841347 231 1716578 232 0
0
28 2 1086 276 0.9914471769204273 0.06496144777857754 0
10 68 0 69 1367768 93 1126585 117 1562578 141 1540130 165 1113897 189 1458345 213 1613380 237 1315836 238 0
0
29 2 704 153 0.9982998550360238 0.10020560521132914 0
15 1 0 2 1906562 27 1281624 52 2113297 77 2421803 101 2394491 126 1760254 151 1061495 176 999726 201 1201270 225 1223763 250 1810450 275 2501283 300 3168634 301 0
0
30 1 893 257 0.9881450196742074 0.09397331144056205 0
8 62 0 63 2287708 89 1402048 115 1600604 142 1471641 168 1256945 194 2485499 195 0
2 29 31
31 1 785 137 0.9856018945601005 0.1268879434247362 0
12 18 0 19 1225657 45 878219 70 1042700 96 1368418 122 1721970 147 949047 173 793058 199 722615 224 253272 250 251513 251 0
0
32 3 916 218 0.9985415366111555 0.01984980832361603 0
12 74 0 75 1247752 99 1578388 123 1805773 147 992906 171 822317 195 898510 219 1219928 243 991842 267 953747 291 723776 292 0
0
33 1 594 294 0.9970150520093608 0.12078313576937372 0
14 19 0 20 1384993 45 1828224 71 2467707 96 1999334 121 1517761 146 1648694 172 1406030 197 1709832 222 1267612 247 2218858 273 2119630 298 3025952 299 0
1 32
34 2 993 75 0.9946028801857153 0.05229687373468115 0
14 20 0 21 1165957 45 1343530 69 1943512 93 1733489 117 1594600 141 2339510 166 1722940 190 1388064 214 716492 238 1331177 262 997785 286 485462 287 0
0
35 1 867 352 0.9872380466363939 0.06475121937065696 0
8 93 0 94 1769610 118 1895172 142 1286366 165 1108005 189 1295311 213 1201951 214 0
0
36 3 800 336 0.9922012052759782 0.10263680764896263 0
9 120 0 121 1169514 144 1442608 167 2296399 189 1408558 212 2366914 235 1991617 258 1843652 259 0
1 35
37 3 1399 74 0.9861940724762894 0.04289352333914474 0
10 100 0 101 752330 124 935248 148 1647009 171 1815630 194 1815294 217 1718581 241 1599360 264 2951868 265 0
0
38 3 804 281 0.9915695568776278 0.14217746156566058 0
12 72 0 73 478292 97 505799 122 637214 146 1547685 171 1357474 195 759015 220 1035567 244 947760 269 1160582 293 1971148 294 0
1 37
39 3 1485 370 0.9953330584804083 0.019807037252004844 0
8 36 0 37 1479347 62 1342943 87 1581704 112 1279239 137 1215681 162 1952565 163 0
0
40 3 1245 227 0.9884569983350096 0.029920268324074045 0
8 153 0 154 2803692 181 1301682 208 2289798 235 1811746 262 1123989 289 719022 290 0
0
41 2 599 75 0.9910424785070797 0.049323513004149444 0
11 77 0 78 973703 103 1210778 128 1226697 153 1418236 177 1134839 202 1710619 227 2117173 252 2544183 277 3188224 278 0
0
42 3 1402 120 0.9944396339345992 0.13060406343369277 0
9 102 0 103 1032356 129 1118748 156 1076142 183 975246 209 1357879 235 933216 262 804917 263 0
1 41
43 2 1013 359 0.9993479001765784 0.0827572778362864 0
12 54 0 55 1073390 79 1152402 103 2072801 127 2255328 151 2379801 174 1160401 198 878089 222 1366631 246 1598300 270 2353185 271 0
0
44 2 1287 199 0.9953467472999108 0.1158596588300605 0
10 0 0 1 219300 24 310892 48 391582 71 471159 94 1322452 117 2170374 141 2018003 164 1550796 165 0
0
45 1 865 161 0.9883209144751564 0.006576915871422484 0
13 30 0 31 562807 56 837930 81 1565429 106 895677 131 1506251 156 712948 181 1473230 206 1706499 231 1449031 256 2193908 281 2931489 282 0
2 44 46
46 1 1387 14 0.9899957063676558 0.09182194918975094 0
13 42 0 43 327859 67 602239 91 653414 115 832394 139 1102880 163 1474241 187 2426706 211 3090286 235 2760920 259 2041390 283 2898618 284 0
0
47 3 1263 240 0.9896564813369824 0.11106446999978273 0
10 110 0 111 1229263 137 1317058 163 2014826 189 2564278 216 1960043 242 1712613 268 2024848 294 2058340 295 0
0
48 3 1291 116 0.9869872114409837 0.028800668092307802 0
14 1 0 2 421667 27 572014 53 584460 78 678770 104 926253 129 1947267 155 1377343 180 1900530 206 2523612 231 2291364 257 3448739 282 3348992 283 0
0
49 1 1011 149 0.9924281449809464 0.11917477613216572 0
11 1 0 2 384052 26 598451 51 542679 75 409641 99 616385 123 1569073 147 2112160 172 1422838 196 1949424 197 0
2 48 50
50 2 600 208 0.9938234657121413 0.14438555784364518 0
15 4 0 5 1078477 29 669470 53 639316 77 971100 101 1326943 125 1789457 149 2045212 174 1752283 198 1699631 222 1407427 246 2013765 270 2672904 294 2034770 295 0
0
51 1 598 57 0.9804253371001487 0.11796835484376543 0
9 20 0 21 1741917 44 1338914 67 935070 89 902222 112 1283034 135 1433687 158 1601534 159 0
0
52 3 1441 45 0.983730084147821 0.09896389186856565 0
8 77 0 78 1632464 102 1391023 126 877083 150 625082 174 866269 198 492728 199 0
2 51 53
53 1 1033 217 0.9977229093432222 0.1079530185721139 0
8 54 0 55 1003154 78 1277544 101 1453280 125 1142885 148 1339852 171 1065041 172 0
0
54 2 867 335 0.9985992766626881 0.00990381863978647 0
10 117 0 118 686580 143 478626 169 1040056 194 1345694 220 1375672 245 1612190 271 1413854 296 1124707 297 0
0
55 1 509 267 0.9833281045598183 0.11635223455200215 0
12 49 0 50 587130 76 855347 101 1308432 127 1366403 153 817396 178 1206004 204 1185709 230 1105074 255 691350 281 566059 282 0
2 54 56
56 1 1016 363 0.9873254132562626 0.10394713297274628 0
7 99 0 100 991595 127 796374 155 1372637 182 2057186 209 1911433 210 0
0
57 3 924 275 0.9911822348907856 0.14279912988461851 0
9 22 0 23 2693422 49 1798505 75 2091110 101 1579505 127 1562144 153 1733608 179 1066148 180 0
0
58 3 1492 35 0.9849010471186042 0.12024736497818954 0
11 84 0 85 2287762 109 1524200 133 1650425 156 819485 180 692873 204 303683 227 369919 251 379781 275 375880 276 0
1 57
59 2 887 92 0.9890714480587528 0.021545714689929562 0
15 4 0 5 2418285 29 2470381 53 2880220 77 2034425 102 1132012 126 1273469 150 1682234 174 1844200 198 1861497 223 1578979 247 1333859 271 829354 295 830562 296 0
0
60 3 697 159 0.9918799518213526 0.14957185993739752 0
9 61 0 62 437758 87 874664 111 2336520 135 2073931 160 901540 185 918668 209 897954 210 0
1 59
61 2 1316 291 0.9810557281932689 0.0020807958887534895 0
11 20 0 21 1185861 47 1001174 73 1113637 99 780549 125 983323 151 1113773 177 990446 203 1399265 229 1218963 230 0
1 60
62 1 1436 102 0.9951624162105396 0.09175287912702101 0
9 92 0 93 1597259 116 1079286 139 828264 163 947541 186 1198002 209 2280328 232 2457471 233 0
0
63 1 998 113 0.994216632687694 0.05690799141875941 0
11 83 0 84 2195549 110 1674919 136 1635320 162 1534295 188 1215987 214 1325532 240 1399074 266 2078043 292 3285183 293 0
1 62
64 3 831 270 0.9817551393670173 0.1285901122880465 0
11 14 0 15 721009 41 868079 67 1792128 94 1793149 120 2520000 146 2226822 173 2451648 199 1847457 225 1457648 226 0
0
65 1 938 88 0.9977448740601842 0.06308570945480581 0
14 3 0 4 1570897 28 1786076 52 1464634 76 1966449 100 1398956 124 1393423 148 1302279 172 1536579 196 1358576 220 1474942 244 1364309 268 1722584 269 0
1 64
66 3 850 282 0.9949971269123838 0.063199968832386 0
10 31 0 32 1826484 57 1580906 83 817314 108 488033 134 904492 159 778903 185 438709 210 439249 211 0
2 64 65
67 3 958 275 0.9980065844289265 0.03770522768896461 0
14 17 0 18 1702844 43 1200862 67 2115145 92 1554822 117 1911043 142 2343014 166 2435070 191 1712138 216 2571543 241 1060481 265 904667 290 820118 291 0
1 65
68 1 1266 178 0.9831444260773853 0.07164152914150253 0
9 101 0 102 2195432 128 1441688 154 2443074 179 1532399 205 1183405 231 1073071 257 1494334 258 0
0
69 1 862 147 0.9881475591133727 0.03712521726472965 0
11 35 0 36 1233712 60 1797558 83 689203 107 828214 131 1035508 154 911409 178 1351118 201 1802069 225 1201359 226 0
0
70 1 1141 315 0.9859659393758881 0.03982969893959442 0
9 109 0 110 3086885 134 2465720 158 1529077 183 953428 207 882852 231 936798 255 783930 256 0
1 69
71 2 675 269 0.9856994299288684 0.08609212564472851 0
9 63 0 64 1154952 91 1018580 118 1012677 145 1352939 171 700898 198 677444 225 1065647 226 0
1 70
72 2 1443 301 0.9919867922198907 0.09753980084483384 0
12 59 0 60 713190 85 2009065 111 2260225 136 2261769 162 1774948 187 2346669 213 1987066 238 1042543 264 1337360 289 1739906 290 0
0
73 3 824 337 0.9812032016571058 0.1342356183154951 0
13 47 0 48 1744591 72 1287074 95 1535745 119 1997489 143 1364484 167 1219929 190 2026273 214 1692579 238 2463521 261 2300589 285 1481048 286 0
1 72
74 2 721 224 0.994637543946363 0.1084708839842165 0
12 60 0 61 1707931 85 1015521 109 766940 132 760115 156 541266 180 365285 204 664974 227 363916 251 1155487 275 1631659 276 0
1 72
75 2 1178 19 0.9904375691063582 0.00023568981695984426 0
12 30 0 31 1180828 56 1713230 81 1188999 106 1424034 131 1311992 155 1306577 180 1541779 205 2783327 230 2238887 255 2302599 256 0
3 72 73 74
76 1 1225 138 0.9830638966641992 0.03131453865626157 0
11 91 0 92 706447 115 829094 139 451101 163 484916 186 794255 209 1481618 233 1254228 257 1346389 280 1543550 281 0
0
77 1 640 57 0.9970820511336015 0.03706872722468417 0
11 3 0 4 1793680 29 1074035 54 813832 79 973132 103 669627 128 602965 153 571892 178 757840 203 1191901 204 0
2 76 78
78 3 852 154 0.9818938999290651 0.08980667596357114 0
9 71 0 72 1660337 96 1464213 120 1965218 145 1817623 169 1241220 193 710657 217 476594 218 0
0
79 1 1413 152 0.9844440078433763 0.1261264328226699 0
8 19 0 20 2656003 46 1932052 71 1949447 97 1469409 122 1072948 148 826559 149 0
1 78
80 3 1060 243 0.9819536027851373 0.047525214280748074 0
13 41 0 42 1032617 68 839841 94 1008980 119 1489304 145 1334767 171 1412650 197 681839 223 566198 248 1206991 274 1385023 300 2504555 301 0
0
81 3 1332 340 0.9814597773058107 0.0890913209135173 0
7 13 0 14 638357 39 489536 65 871967 90 1032353 115 1683613 116 0
0
82 2 1233 123 0.9919962635837288 0.06974547379453257 0
11 37 0 38 1265589 62 511928 85 1005369 109 1285248 133 947491 156 1316109 180 599577 203 1452945 227 1013799 228 0
0
83 1 1491 263 0.995584667288133 0.0652482080990872 0
12 67 0 68 2112390 93 1530522 118 1406690 142 1848441 167 1815848 192 1888662 217 2340948 241 2347288 266 2120576 291 1769479 292 0
0
84 1 932 27 0.9946205785613517 0.10160432208996119 0
9 21 0 22 3909612 46 2500144 70 1523148 93 1072541 117 703119 141 885508 165 677752 166 0
0
85 2 594 308 0.9938150323136449 0.013070943541679763 0
13 37 0 38 802495 63 1056026 89 1359158 114 998232 140 1815984 165 1369745 190 805638 216 1526369 241 1974399 267 1748628 292 2085144 293 0
1 84
86 1 1175 102 0.9867994603079707 0.0692086338932743 0
13 28 0 29 1456437 53 658140 77 1212267 100 650284 124 443631 148 376576 172 358943 196 919677 219 1643675 243 1358898 267 1339581 268 0
1 84
87 2 1422 362 0.9884032762179635 0.0009336595550603677 0
12 3 0 4 2133434 30 1599536 56 1675257 83 1529338 109 1778837 135 1527889 161 1710752 188 1585099 214 1760321 240 1986782 241 0
0
88 2 1473 279 0.9989284697610078 0.07354166399481298 0
10 78 0 79 2440985 104 1980636 130 1041830 155 1188831 180 1770302 205 1816219 231 1457285 256 3078049 257 0
1 87
89 3 1460 244 0.9868131173998314 0.04409098933507697 0
10 65 0 66 2170611 90 1697084 113 1472113 137 1968372 161 1962203 185 1907012 208 1827395 232 1324279 233 0
2 87 88
90 3 1249 313 0.9959636295386673 0.14471815662069615 0
7 44 0 45 861969 71 684956 97 762700 123 1472790 149 2309734 150 0
0
91 2 1331 89 0.9880813438674508 0.05886052185577886 0
10 43 0 44 1264978 70 1248542 97 1305055 123 931365 149 939554 175 1311778 202 1215864 228 1077694 229 0
1 90
92 1 966 140 0.990344291193096 0.003917992725598556 0
15 2 0 3 530253 27 925961 51 1056197 75 1109547 99 1643186 123 1795496 147 1783133 171 1717086 195 1869909 219 1196435 243 835471 267 1529993 291 1694683 292 0
0
93 3 1062 292 0.9819382355415598 0.08887945600385276 0
8 143 0 144 2312613 169 1643396 195 1854704 220 1657385 246 1681801 271 2382886 272 0
1 92
94 2 762 4 0.9844649413051364 0.06009310287221031 0
10 0 0 1 2178414 27 1477862 53 1275718 79 1141219 106 831148 132 584785 158 699570 184 540148 185 0
2 92 93
95 1 1255 156 0.9921902248048 0.11141468308595152 0
13 52 0 53 1879674 77 2569870 101 2247751 125 1002826 149 1071416 173 1208367 196 1240746 220 1684860 244 1788350 268 2357073 292 2569150 293 0
2 92 93
96 3 1248 75 0.9930716513967764 0.10640527699458695 0
14 0 0 1 480745 25 664516 49 986418 72 1134916 96 939792 120 1068533 144 1904927 168 1781856 192 1346791 215 1954473 239 1795810 263 4454314 264 0
0
97 2 1053 89 0.9833782753069473 0.14056308400124454 0
9 78 0 79 2286885 105 1418882 132 930273 159 1152798 185 777959 211 779701 238 790471 239 0
1 96
98 3 1337 78 0.9853974848924324 0.03624722986270227 0
9 105 0 106 537871 129 827203 152 1181276 175 882593 199 1480422 222 2826152 245 2866570 246 0
0
99 3 1133 160 0.9955404403783293 0.041454529306109884 0
14 7 0 8 124385 34 163992 60 171113 86 321113 112 604265 138 1015751 163 1310172 189 2118901 215 1858208 241 2185705 267 1574954 293 1697129 294 0
1 98
100 2 1226 361 0.9969508669897746 0.04925474894804311 0
10 70 0 71 2347724 95 1419317 120 972231 144 519825 168 715876 192 1012051 217 699653 241 867447 242 0
1 99
101 2 1352 77 0.9840443836587656 0.0507312482607535 0
8 123 0 124 1381466 150 1584474 177 823204 203 1681002 230 1243647 256 1212215 257 0
0
102 2 577 129 0.9840395127032058 0.11952179174759447 0
13 29 0 30 2454899 55 2103994 81 1265496 107 1657399 132 1508593 157 1379685 183 1646195 209 2141916 234 3239599 259 2243815 285 1459710 286 0
0
103 2 1408 104 0.9895287033853518 0.045907234636703216 0
15 0 0 1 1180820 26 1607157 51 1815626 75 1033884 100 1405595 125 1737394 150 913031 175 648416 200 806949 225 982825 249 1321470 274 507683 299 541184 300 0
1 102
104 1 626 149 0.9926917304250017 0.14575778573761422 0
9 11 0 12 838988 38 979049 64 1024581 91 1557586 117 1736508 143 1335563 169 1146787 170 0
0
105 3 1290 245 0.9959360689037051 0.053351260870748526 0
15 7 0 8 602281 32 746013 57 1563825 81 1412942 105 1764918 130 1929205 154 1620080 178 2478908 203 1990160 227 1181397 251 1312689 276 969794 300 802623 301 0
1 104
106 1 1353 208 0.9951898806829368 0.13138801187343016 0
11 85 0 86 2044256 112 2791485 139 2724560 165 2564245 191 2074302 217 1252035 243 804201 270 1050011 296 1300419 297 0
1 104
107 2 1251 357 0.9886336699642135 0.11457938618592743 0
8 144 0 145 2068947 171 1187579 197 678494 222 602007 248 465433 274 441189 275 0
0
108 2 1204 178 0.9830117200213454 0.013498110181487149 0
8 72 0 73 1461908 98 2414359 124 2392377 149 1826289 175 1334314 200 1194625 201 0
2 107 110
109 2 728 306 0.9808184871623495 0.06314299556379041 0
10 91 0 92 2370631 116 1784916 139 1113704 163 998077 187 1137854 211 1088101 234 1030640 258 953715 259 0
2 107 108
110 3 1455 138 0.9987573378660157 0.09980937718160314 0
8 120 0 121 494577 144 521316 166 764236 189 823200 211 1557592 234 1447370 235 0
0
111 1 1387 11 0.9802510988609394 0.03540161199448163 0
7 76 0 77 888900 105 1464582 132 1691678 159 1543869 187 2442627 188 0
0
112 3 754 183 0.994771941863009 0.11258604703202342 0
9 111 0 112 2249872 138 2628416 164 2705841 190 1665050 216 792427 242 1308558 268 827270 269 0
1 111
113 1 1209 127 0.9834196065319585 0.03256074040996332 0
12 57 0 58 2252659 83 2208749 108 1257707 133 1360830 158 1015009 184 1293880 209 1221268 234 1662422 259 1496055 284 3444173 285 0
0
114 1 665 265 0.9982203099770965 0.07606101067999042 0
9 1 0 2 1662068 26 1717546 50 2090109 75 1846234 99 1868984 123 1840072 147 1585149 148 0
0
115 3 885 218 0.9962562329760922 0.06262720998022445 0
10 41 0 42 1896094 68 1611075 95 2036426 121 2359558 148 1681182 174 1844217 201 1487210 227 1999249 228 0
1 114
116 2 742 11 0.9811628615404796 0.06554058516148442 0
13 28 0 29 654721 53 642760 78 1246475 103 984501 127 1177340 151 853111 176 1172201 201 786562 225 978540 249 990352 274 1405282 275 0
0
117 3 1447 281 0.9971812687137273 0.12602760402874194 0
12 22 0 23 2151592 47 1822296 70 1223377 94 1641985 117 1377406 141 1052641 164 740764 188 1160133 211 1080433 235 1133920 236 0
0
118 3 817 184 0.9893067067225971 0.1399037571118378 0
8 100 0 101 1400238 126 1848098 150 1124247 175 777161 199 735990 224 619698 225 0
0
119 2 1172 332 0.9905242107609527 0.09740153579221487 0
12 70 0 71 1475878 95 1469954 118 1593588 142 2110513 165 1784172 189 1663730 212 1061207 236 827901 259 712778 283 549368 284 0
1 118
120 2 1483 251 0.9904026735536411 0.004393497722765538 0
8 147 0 148 2550167 175 1960379 201 1016075 228 1002727 254 1876777 281 2203969 282 0
0
121 3 1017 186 0.9865178970207772 0.1255222989839404 0
9 9 0 10 2007154 36 2143261 62 1950068 87 1265130 113 1003040 139 1241492 165 1755456 166 0
1 120
122 3 1485 57 0.9908700488728761 0.038189365472158586 0
13 35 0 36 488547 61 465082 86 520622 112 804169 137 1009758 162 1481594 187 1409601 212 1533512 238 942815 263 1266324 288 1153859 289 0
2 120 121
123 1 1264 124 0.9847201379457463 0.06319109690742698 0
13 35 0 36 2809003 60 2748943 84 2600292 109 2365630 133 1368475 157 1214126 181 1390074 205 1140920 230 686673 254 520123 278 326228 279 0
2 120 122
124 2 711 209 0.986849159735203 0.018054726710083263 0
7 106 0 107 1270313 134 1326396 161 777196 187 1046604 214 995699 215 0
0
125 1 1056 150 0.9882609879899124 0.04745770287737289 0
8 53 0 54 1715988 78 2708263 102 2644593 127 1677297 151 1015698 175 1240040 176 0
0
126 2 841 363 0.9823744439374783 0.016208950975790747 0
14 6 0 7 1026924 31 1044971 56 1091302 80 1033661 104 1191203 128 1706157 153 1541087 177 1375763 201 1289622 225 1892907 250 1278437 274 973454 275 0
1 125
127 2 1147 101 0.9919430629998789 0.07039480972414841 0
12 3 0 4 4043318 28 1729360 52 1980053 76 1397370 100 729582 124 635568 148 320722 172 356388 196 439921 220 799383 221 0
0
128 1 1035 122 0.9954321278537954 0.005401173088039962 0
10 79 0 80 1031001 105 1030332 129 1273557 154 1425396 179 1710046 204 1108840 228 1566856 253 951294 254 0
0
129 2 1010 330 0.9879668387428613 0.06421181632008632 0
11 59 0 60 1057539 84 1276604 108 1255410 132 1719988 156 1758622 180 1153360 204 995335 228 1056998 252 1162811 253 0
1 128
130 1 922 191 0.9995732520439824 0.05252773056980468 0
13 34 0 35 2282757 60 1990087 86 1420978 111 1460307 136 1632353 161 2722631 187 1710196 212 1706752 237 1659677 263 2231044 288 1578186 289 0
2 128 129
131 3 697 139 0.992043507956899 0.0537092720094462 0
8 119 0 120 1448140 144 995451 169 1363550 193 906087 218 679394 242 522139 243 0
1 129
132 2 1321 114 0.9949927613227346 0.1136351844629634 0
15 0 0 1 2391374 25 1401224 50 1456745 74 1712482 98 1323835 123 1479214 147 1396030 171 1369640 196 1498093 220 1369869 244 1707892 269 2408391 293 1585716 294 0
0
133 2 934 333 0.9930796822841029 0.023321492840181066 0
12 52 0 53 1187845 77 1022781 101 756598 126 1127321 150 1377841 174 1877903 198 1539072 223 1316204 247 1244026 271 2066476 272 0
1 132
134 1 1027 344 0.983941804730757 0.009196411996661413 0
9 94 0 95 1792333 119 1352839 142 1542131 165 1293906 189 949121 213 753064 236 1047357 237 0
0
135 3 928 283 0.9977778630883334 0.04604626618116751 0
11 60 0 61 791529 85 680263 108 965858 131 1166853 155 2070236 179 2219155 202 2175448 225 2578211 249 3291123 250 0
1 134
136 3 870 199 0.9922528956047649 0.12450369486687876 0
11 43 0 44 2098114 69 2323141 94 1807211 119 1277393 145 1338855 170 1342062 195 1089900 220 1267895 245 1373716 246 0
1 134
137 2 725 295 0.9863281979127698 0.01572599642567542 0
12 20 0 21 648320 47 676175 73 734686 99 1091379 125 1108105 151 1291617 177 1741834 203 1225424 229 1509936 255 2480009 256 0
0
138 3 1363 311 0.9861904479990242 0.022547184936653253 0
13 31 0 32 1099624 56 1129346 80 1294435 103 1472882 127 1557605 151 1945510 175 2579458 199 2686672 222 2101003 246 1190919 270 1249390 271 0
0
139 1 966 183 0.9820293158723544 0.0014543964438315626 0
13 32 0 33 911526 57 961391 82 1041224 106 2042452 131 1705621 155 1467117 179 1110310 204 1045818 228 715936 253 620715 277 412690 278 0
0
140 2 748 17 0.9870690322297747 0.14660500923937766 0
7 50 0 51 2428464 77 1837266 102 1795617 127 1035665 153 670069 154 0
1 139
141 1 1226 82 0.997850482221982 0.1392485700722131 0
12 17 0 18 1907187 44 2052905 69 1552796 95 1186410 121 1666556 146 966042 172 1752092 198 1038931 223 1156506 249 984060 250 0
1 139
142 2 1189 199 0.9952693765378444 0.14313309562703594 0
8 97 0 98 399566 125 918009 151 1350197 178 2149657 204 1669879 231 1519615 232 0
2 139 141
143 2 705 294 0.9844096245167174 0.009805016645577152 0
14 26 0 27 1048606 51 940778 75 923267 99 989077 123 1057962 147 1047182 172 864094 196 1514501 220 1287763 244 779147 268 685613 292 936853 293 0
0
144 3 1292 43 0.9800578072496886 0.06550365408100449 0
7 66 0 67 1124186 92 998209 117 1465994 143 1730000 168 2900360 169 0
1 143
145 1 1089 62 0.9855603933447853 0.031213690492442586 0
13 21 0 22 3219567 46 2361624 70 1526136 93 1976473 117 1413600 141 864776 165 1497546 189 1440301 212 1311257 236 1209492 260 666331 261 0
0
146 2 1309 317 0.9937555470609842 0.11798297839891347 0
11 89 0 90 515548 114 788138 138 647473 162 772909 185 925296 209 1098244 233 2541492 257 2305519 281 1417242 282 0
1 145
147 3 1024 182 0.9831000912280012 0.033996870088954974 0
8 59 0 60 1526656 84 1802964 108 1742434 131 1784963 155 1694938 179 1606798 180 0
0
148 1 898 217 0.9988089787665206 0.1443771659760811 0
10 92 0 93 548533 117 452882 141 682459 165 1040755 189 1445399 213 1860780 237 1985114 261 2228834 262 0
1 147
149 2 814 156 0.9923943771555688 0.1443148423728455 0
8 44 0 45 773685 70 768854 94 1380573 119 1467682 143 2323542 168 2289997 169 0
0
150 2 880 71 0.9870215177743855 0.07561561414833644 0
13 42 0 43 1232238 68 1526294 93 1480820 119 632461 144 901942 169 557795 194 453472 219 971329 245 1231733 270 2638883 295 1969457 296 0
2 149 152
151 3 885 228 0.9935586395876754 0.08409329317225002 0
13 32 0 33 436935 59 265215 85 347686 111 488925 137 934132 163 1409235 188 1054249 214 1277191 240 1054522 266 1460634 292 1945803 293 0
2 149 150
152 1 1289 300 0.9926391660854768 0.030932310039786613 0
14 3 0 4 1065335 29 1040443 55 788484 80 913229 105 867608 130 791777 156 1012484 181 1117513 206 886885 231 1856715 257 2124801 282 2467851 283 0
0
153 1 932 102 0.9932926072942224 0.1407955768319319 0
11 53 0 54 1192981 80 1232078 105 1138603 131 963002 157 1702128 182 2214468 208 2286893 233 1544732 259 1693820 260 0
0
154 2 1479 348 0.9966608028465607 0.07697649505873237 0
11 28 0 29 1765074 55 1286594 81 1592245 107 1239758 133 772677 160 971890 186 1389612 212 2327499 238 2660265 239 0
1 153
155 3 669 13 0.9915606097936291 0.08835603847554852 0
9 80 0 81 3020578 107 2436697 133 1105351 159 910568 185 1412821 211 1669286 237 1030654 238 0
0
156 1 1374 91 0.9959217390679378 0.11213356686955206 0
12 57 0 58 3651158 83 2100280 108 1665521 133 1498082 158 870302 182 852441 207 781101 232 748197 257 785760 282 683969 283 0
0
157 3 805 106 0.9849884034525672 0.1089480031865217 0
12 39 0 40 1406941 64 1100722 87 931921 111 1123429 134 1030423 158 1265395 181 1164894 205 760726 228 1118740 252 1363383 253 0
1 156
158 1 1333 187 0.9951874192130926 0.07466169135300578 0
14 17 0 18 804021 42 1139790 66 1062435 89 856209 113 804242 137 1076546 161 2802462 185 3080263 209 3104296 232 1977519 256 2074669 280 1500479 281 0
1 156
159 3 1273 259 0.9807128332232026 0.12150948959468189 0
12 34 0 35 1061388 60 763156 85 493343 109 438147 134 684715 159 804397 184 1463336 208 2145896 233 1445556 258 1352540 259 0
1 156
160 1 1362 132 0.9857362710959192 0.13005335114301492 0
9 86 0 87 429544 111 670755 134 1310337 157 1252314 181 1506410 205 978094 228 1435811 229 0
0
161 2 1317 249 0.9909294224223761 0.02161973519829552 0
15 4 0 5 1279154 29 1135937 53 823097 77 641256 101 620435 125 1175570 149 976568 173 919409 197 721679 221 890776 245 1258574 269 1557996 293 966576 294 0
0
162 1 1033 218 0.994926588093074 0.06157167763571911 0
7 58 0 59 1594993 85 1770721 111 961564 136 461154 162 459188 163 0
0
163 1 1258 328 0.9859898710006819 0.08088581310242446 0
14 13 0 14 958391 38 1062690 63 915248 87 862962 111 1078941 136 2145858 160 1063179 185 1077882 209 1595459 233 1807697 258 1471190 282 1459988 283 0
1 162
164 3 705 193 0.9903438190475828 0.033205787314778495 0
13 6 0 7 768442 31 940436 54 972919 78 1250306 102 1309267 125 1371095 149 1272631 173 1218843 197 1960899 220 1408063 244 655452 245 0
1 162
165 3 1455 290 0.9930909771438731 0.014297591657802405 0
13 18 0 19 614151 45 586209 71 843138 97 755737 123 908841 149 1071075 175 1105667 201 1883577 227 2070599 253 2301230 279 3560409 280 0
0
166 2 1245 261 0.9977111350758942 0.14159152892076723 0
12 69 0 70 683847 95 1021661 120 1176859 144 1752664 169 1119770 194 917861 219 1168144 243 720578 268 662248 293 951743 294 0
2 165 167
167 3 1321 306 0.9924217002845562 0.14896898734584715 0
8 138 0 139 3004024 164 2236379 188 1688396 213 1089605 237 619342 262 541289 263 0
0
168 2 973 368 0.9893153012121816 0.09642887286429218 0
9 10 0 11 1195915 36 1876811 62 1123574 87 1450923 112 1000501 138 767384 163 1020830 164 0
0
169 1 1353 8 0.983061173887164 0.1259673935108494 0
8 58 0 59 983991 82 1134270 105 1238255 128 992987 151 877916 174 759405 175 0
1 168
170 3 696 122 0.9933634414031854 0.11003542511355811 0
15 0 0 1 913418 26 1121477 51 983842 76 628418 101 951046 126 1263363 151 1755966 175 1241523 200 1747680 225 1525364 250 1257259 275 1737279 300 3561857 301 0
1 168
171 1 962 140 0.9848830746143121 0.03956935197295991 0
11 60 0 61 908148 86 1252540 112 1495198 137 1785711 163 1938037 188 1948937 213 1614375 239 1857122 264 2194215 265 0
2 169 170
172 2 1455 26 0.9892637176796684 0.09731490805880608 0
14 19 0 20 2196862 45 2283431 70 1661806 95 1370752 120 922957 145 837502 169 764058 194 1042743 219 1054252 244 591381 269 541133 294 600008 295 0
0
173 3 812 352 0.9908526450065792 0.12768954885364486 0
8 36 0 37 1156667 63 1789835 88 1232709 114 1431985 139 1807336 165 1596680 166 0
0
174 3 1092 369 0.9863644332281482 0.07543488755846084 0
8 44 0 45 1487900 69 1728200 94 1312042 118 997018 143 862284 167 794470 168 0
1 173
175 1 1184 146 0.9955042735465 0.03263920802030198 0
13 26 0 27 1562780 52 1238946 77 1589961 103 1504638 128 2045284 153 1525101 178 1307180 203 831940 229 782209 254 960064 279 1278502 280 0
0
176 1 1282 88 0.9866050748232957 0.08890296689894396 0
14 22 0 23 1048917 48 2447831 73 2133119 99 1408973 124 862195 149 1527889 174 1479620 199 1042908 224 1422846 250 1005488 275 999566 300 580430 301 0
0
177 3 781 198 0.9932669880630743 0.10496545101916209 0
14 2 0 3 1044958 29 1217526 54 1325749 80 1622361 106 1119365 131 1460693 157 1766025 182 1461184 208 1391807 234 2681776 259 2660809 285 3606728 286 0
1 176
178 1 1295 259 0.9805973454669623 0.10194211538086771 0
9 14 0 15 311958 39 864463 63 1048760 87 1898361 110 1861683 134 2681909 158 2382275 159 0
1 177
179 3 565 182 0.9973725014244202 0.09506747744112674 0
13 31 0 32 494871 58 566316 84 1000866 110 1944498 136 2175489 162 2442796 188 1604306 214 1317160 240 1426711 266 1825653 292 1871215 293 0
0
180 3 523 65 0.9858314284697376 0.08645150837403057 0
8 142 0 143 987599 166 1390604 189 1404283 212 2524117 235 1491549 258 944469 259 0
1 179
181 2 1447 239 0.9810148182409203 0.11648075670242333 0
14 33 0 34 1798633 58 1242909 82 1375168 107 907165 131 1218098 155 1028874 179 1620211 203 2804693 227 1648441 252 2065591 276 1462073 300 2286316 301 0
0
182 3 1120 243 0.9989730964778581 0.12680928995339724 0
14 31 0 32 2115938 56 2832910 80 2043916 103 1199297 127 1524386 151 2360180 175 1256806 199 1960483 223 1233245 246 1163805 270 1507513 294 848494 295 0
0
183 3 639 286 0.9873944177987226 0.03962846589763294 0
15 3 0 4 469309 29 354756 53 609997 78 515416 103 718100 127 996560 152 1200154 177 1097342 201 1790285 226 1982824 251 1367213 275 958955 300 2536327 301 0
1 182
184 1 1464 370 0.9869716525025699 0.14543890176635418 0
13 38 0 39 2417825 65 1781480 91 1573259 117 1918159 143 1697846 169 2385572 195 2295013 221 2389434 247 978234 273 1400074 299 1307895 300 0
1 183
185 2 896 320 0.9848789790657491 0.14184632778080764 0
12 69 0 70 717538 96 992394 121 844883 147 868093 172 1696346 198 1149028 223 1076740 249 1063419 274 1134861 300 866179 301 0
1 183
186 3 1155 264 0.9878248907463288 0.13620794532924257 0
12 53 0 54 1445267 78 2126851 102 1435045 125 1587911 149 1925724 173 1527690 197 1085810 220 897816 244 1003475 268 1192206 269 0
0
187 1 1449 59 0.983023730113925 0.1473802785200851 0
13 55 0 56 84222 80 73550 104 42031 128 52290 152 121198 177 194728 201 238204 225 342642 249 1074394 273 1948865 297 2472960 298 0
1 186
188 2 1388 169 0.9903349870329193 0.04488309146070973 0
9 31 0 32 1902895 57 1785724 82 2022291 107 1244275 133 1772417 158 1240357 183 1810070 184 0
1 187
189 2 1018 292 0.9884697669487731 0.14195892008722422 0
10 80 0 81 985913 104 1035266 127 1742068 150 1485788 174 1337454 197 1027060 220 946874 243 2302010 244 0
0
190 3 1266 22 0.9827979716728199 0.04051102446794586 0
13 30 0 31 978267 57 914055 82 803006 108 747231 133 555920 159 1024203 185 1575489 210 1862856 236 1540334 261 3098964 287 4273417 288 0
1 189
191 2 1272 176 0.9816854821360336 0.08654100794456239 0
7 133 0 134 2040025 159 1466778 185 1020860 210 825426 235 774564 236 0
0
192 1 769 103 0.9803970944867202 0.09354161442190612 0
12 49 0 50 1039121 75 1317719 99 1068718 124 1582866 149 1683588 173 2080220 198 2090154 223 1763586 247 1648912 272 1731604 273 0
1 191
193 2 879 35 0.9895611002090442 0.042701533458529596 0
8 27 0 28 524115 55 1252624 81 1671800 108 1534510 134 1813918 161 3524361 162 0
0
194 1 1401 324 0.994251009121739 0.0115967603812418 0
9 95 0 96 1879715 122 1818097 149 1498584 175 1271433 201 911166 228 1154302 254 888605 255 0
1 193
195 1 1097 248 0.9939589270406073 0.006969298847561156 0
7 71 0 72 2776621 99 1748770 127 1776764 155 1261319 182 447849 183 0
1 193
196 2 1078 180 0.9875744171423277 0.051641230137760376 0
11 17 0 18 1608510 43 1567103 69 1677960 95 1422900 120 1385984 145 1782551 171 1731107 197 1308415 222 1248794 223 0
0
197 1 924 61 0.9829428416166521 0.07008272469904378 0
8 51 0 52 1524668 79 1936113 105 752456 132 1089735 158 880324 185 1185593 186 0
0
198 1 511 35 0.9904611865351528 0.008914492050235517 0
15 9 0 10 1323572 34 877217 58 859908 82 1111359 106 1385294 130 1463322 154 1322415 178 1093488 202 838731 226 935184 250 1453151 274 2340110 298 3796349 299 0
1 197
199 1 521 338 0.9914346593620861 0.041233874323093646 0
9 102 0 103 476149 128 763508 152 1122469 177 719280 202 1669230 226 1482258 251 1977235 252 0
1 198
200 1 1404 48 0.9891552973032343 0.059946221040798976 0
9 10 0 11 1264901 36 1713594 61 1444327 87 1040726 112 1217179 137 1529229 162 1750177 163 0
0
201 1 1099 128 0.9853805692054969 0.018052205661901632 0
7 175 0 176 1834571 202 1396186 228 887204 254 1023509 280 742573 281 0
2 200 202
202 2 522 264 0.9878399409358324 0.025020597260553473 0
12 4 0 5 1128797 29 1086201 54 1494939 78 2609350 102 2022515 127 2175770 151 1596605 175 2092666 200 1798730 224 2098364 225 0
0
203 3 1314 190 0.9886194588978755 0.1250996272477036 0
7 53 0 54 577332 81 557845 107 1178204 134 1538090 161 1591051 162 0
0
204 1 737 63 0.9887998125711311 0.007049337070133437 0
10 19 0 20 1102190 45 1501755 71 1600931 96 1137732 121 847880 146 932611 172 1133653 197 866767 198 0
0
205 1 596 216 0.9902969915057447 0.08814657082606818 0
11 2 0 3 2416395 27 1161595 50 1735781 73 1671091 97 2111560 121 1923480 144 1830648 167 1575251 191 2027410 192 0
3 204 206 207
206 2 614 179 0.9990625831530863 0.04337973097388443 0
8 146 0 147 1419672 174 1206409 201 1175341 229 1910315 256 1588160 283 1303738 284 0
0
207 2 1230 64 0.9842634644350431 0.0260873878604407 0
7 180 0 181 815559 206 978977 231 1134353 257 1641533 282 1343695 283 0
0
208 1 916 265 0.9803575828403597 0.0013405575463806163 0
14 8 0 9 1641094 33 2065788 57 2156983 82 2601327 106 1558504 130 1138694 154 1590426 178 966461 202 844491 227 507832 251 688333 275 451592 276 0
0
209 3 1397 203 0.9895441088997239 0.11492568799039313 0
11 87 0 88 1602564 112 1630726 136 1906253 160 1412692 184 1753326 208 1691594 232 1703662 256 2035221 280 1500560 281 0
1 208
210 2 660 118 0.9932972577868422 0.06308447155361542 0
12 59 0 60 2082426 86 1347339 111 731164 137 787745 162 537287 188 589323 213 626278 239 1042184 264 1031653 290 1014271 291 0
0
211 3 1002 127 0.9954076008201505 0.13631785740986152 0
10 21 0 22 1093336 46 1161931 71 1433247 95 1369739 119 1428153 143 1975173 168 1459693 192 936065 193 0
0
212 3 809 216 0.9852286616739441 0.080180697299827 0
8 134 0 135 601950 161 801536 187 1079759 213 1956778 239 2319272 265 2900675 266 0
0
213 3 1422 214 0.9837868782693747 0.05551055549610098 0
11 43 0 44 365697 69 408621 94 317967 119 438851 143 920885 168 970956 193 1126041 218 1335371 243 1908108 244 0
1 212
214 3 1180 177 0.9959275932308936 0.10911280995503378 0
12 19 0 20 2531062 45 2892539 69 3189354 94 2778213 118 1321321 143 857368 167 854986 192 879851 216 611499 241 651538 242 0
0
215 2 743 122 0.9958232156807253 0.0012059425257990419 0
13 30 0 31 2578634 56 2535960 81 1918949 106 1768195 131 1550412 155 1415037 180 689346 205 904136 230 637262 255 601969 280 536516 281 0
1 214
216 3 1394 5 0.982874749308405 0.010473242836745894 0
9 141 0 142 1313336 167 1340857 193 1134028 218 1238493 243 1641202 269 1435926 294 1975143 295 0
1 215
217 1 1376 157 0.9840418034155571 0.004209567124435159 0
12 4 0 5 1634237 30 1854077 55 1618138 80 618557 105 692449 129 617628 154 365906 179 272743 204 203971 229 224519 230 0
0
218 1 574 133 0.9852098763765809 0.04662316652936489 0
8 146 0 147 2212090 172 1802984 197 1224427 223 1336433 248 904775 273 660969 274 0
1 217
219 2 1233 21 0.999236352161891 0.08481442437108738 0
12 23 0 24 1209551 49 1269399 73 1679829 98 2125683 123 1324898 147 1466756 172 1545037 197 1856918 221 1539897 246 1169530 247 0
1 217
220 1 1212 213 0.9877346340396723 0.1071030534221902 0
8 75 0 76 1429129 101 1067697 125 1416072 150 1589384 174 838699 199 1198445 200 0
0
221 1 639 48 0.9873296920949524 0.11589904956647404 0
14 21 0 22 698111 47 571883 72 387692 97 425436 122 559922 147 989212 172 1569288 197 1553900 222 1581876 247 1038468 272 1119596 297 715973 298 0
1 220
222 2 561 339 0.9858853772749228 0.03898237463312102 0
9 161 0 162 293106 185 340633 208 507300 231 673865 254 1117753 277 1890963 300 2170615 301 0
0
223 1 1231 117 0.9955338849091048 0.13584493736238665 0
11 106 0 107 1929182 131 1731360 155 2306169 178 3166711 202 1826539 226 1275768 249 878106 273 891363 297 1021182 298 0
0
224 1 501 118 0.9912569996726789 0.0029778862659743774 0
10 122 0 123 1153611 146 1344789 170 2208408 193 1410819 217 1800820 240 1443543 264 1005859 287 1119225 288 0
1 223
225 3 1003 273 0.9999394619182157 0.11221135036439686 0
10 107 0 108 2965184 132 2102897 157 1815259 181 1894182 206 1617925 230 1499846 255 1531420 279 1015347 280 0
0
226 1 850 344 0.995103303763569 0.065337316383535 0
14 20 0 21 1216029 45 1825941 69 1326241 93 561711 117 323316 141 440037 166 901485 190 2456795 214 1870423 238 3001645 262 2230480 286 2062614 287 0
1 225
227 3 871 367 0.9951444577672296 0.05231311972222507 0
8 34 0 35 1512105 60 1412303 86 2465101 111 2095485 137 2064368 162 2007968 163 0
0
228 2 746 74 0.9813872938902758 0.11630501656206706 0
8 11 0 12 1315590 38 1330148 64 1109014 89 960364 115 847023 141 524618 142 0
1 227
229 3 1239 197 0.9836177028581756 0.10049344630038413 0
8 88 0 89 3017706 112 2217847 134 970117 157 1145102 179 1451116 202 1275544 203 0
0
230 2 989 133 0.9899573611790288 0.05705751921636586 0
13 20 0 21 413408 45 320332 69 396666 94 507553 118 790318 142 1097426 166 1203247 190 950579 215 1813597 239 2632230 263 2884652 264 0
1 229
231 2 1165 287 0.9908608340706528 0.06189293973844898 0
9 119 0 120 942426 144 1270598 168 1019875 192 731194 216 1465229 240 1876898 264 2678982 265 0
0
232 1 1412 356 0.9897047907911223 0.13817813308790325 0
7 95 0 96 1853186 122 1634164 147 1565472 173 1403529 199 937031 200 0
1 231
233 1 688 21 0.9824340189972568 0.0463430629144832 0
14 6 0 7 1517902 33 1263151 58 1086652 84 1186976 110 1312040 136 988372 161 930311 187 694754 213 915221 239 726260 264 819862 290 707134 291 0
2 231 232
234 1 797 258 0.9988728275024852 0.11601872277198295 0
15 2 0 3 940478 27 573379 52 545608 76 438936 101 765296 125 896183 149 921245 174 1316145 198 896902 223 1306286 247 1737267 272 1350967 296 1784885 297 0
2 231 233
235 3 1371 157 0.9901463363717571 0.07770578419614008 0
10 35 0 36 1443680 61 1447331 86 1276873 111 1148009 137 999322 162 1486376 187 1236911 212 1003657 213 0
0
236 3 1095 13 0.9802008424201549 0.09846138413439115 0
10 63 0 64 1411825 87 1369476 110 1223404 133 1309719 157 1288983 180 1451770 203 1490436 226 1338908 227 0
0
237 3 1229 190 0.9863899555931962 0.07837917703248687 0
14 5 0 6 874266 30 656919 54 658953 78 667585 102 921899 126 928437 151 1078497 175 1500266 199 1254099 223 1327564 247 1678758 271 2020966 272 0
1 236
238 3 1090 297 0.9900779557852013 0.024547036805148404 0
10 68 0 69 1144120 95 1223511 122 1765790 148 2058873 174 1966886 200 881931 227 860716 253 727802 254 0
0
239 2 786 249 0.9830253606774739 0.022869409335366523 0
14 19 0 20 1275288 45 1022596 71 1620252 96 1931784 121 1700898 146 1328411 172 1929325 197 1626074 222 2605450 247 2231093 273 1861763 298 2041306 299 0
1 238
240 2 501 244 0.9932737615626573 0.09294460558646542 0
13 3 0 4 2864716 30 2307608 56 1172586 82 804749 108 756708 133 735568 159 773352 185 1404201 211 1285752 237 1361471 263 2014027 264 0
1 238
241 3 961 5 0.9831858258599987 0.12181266106508139 0
8 182 0 183 2556339 205 1723847 228 1184471 250 1092346 273 1008587 295 853511 296 0
0
242 1 655 6 0.9889930427698964 0.12937684601967808 0
7 87 0 88 1322146 113 1812239 138 853745 163 793919 188 1046209 189 0
1 241
243 1 811 168 0.9899992163904993 0.04189574543051726 0
11 21 0 22 1471631 48 1040985 74 1069306 100 1139648 125 869187 151 826602 177 624207 203 922682 229 1294389 230 0
0
244 3 1285 171 0.9927821313462908 0.022895432455372403 0
15 9 0 10 560103 34 429774 58 264144 82 492619 106 896671 130 914245 154 1261991 178 1209803 202 1182568 226 2650323 250 3608336 274 2078821 298 2681860 299 0
0
245 3 918 159 0.986594711918633 0.05038807529414673 0
11 10 0 11 1240556 36 1247200 61 1474526 86 1942129 111 1756306 135 2044139 160 1590659 185 1683517 210 1591308 211 0
0
246 3 1085 69 0.9971188975472297 0.02343270104827253 0
10 8 0 9 2043385 36 1835366 62 1081359 89 1323578 115 1289549 142 1360857 168 1469770 195 1380673 196 0
0
247 1 1198 298 0.9979654347603442 0.03634390836920482 0
10 41 0 42 1227478 68 763515 94 554861 120 927424 146 1354223 172 2228327 198 1670501 224 3830855 225 0
1 246
248 3 892 120 0.9866705350309779 0.002079731012288566 0
13 20 0 21 261587 46 420460 71 345028 96 550394 121 838617 146 857445 171 1290529 196 1719027 221 1620305 246 1243647 271 1141267 272 0
0
249 3 1445 38 0.9954874575831537 0.11208161131973768 0
14 5 0 6 3108468 31 2975485 56 2445685 81 2222846 106 1993853 131 1980293 157 1617857 182 1359074 207 498752 232 580522 257 383322 282 508644 283 0
0
250 1 514 72 0.9901508998620573 0.07416457206427206 0
13 45 0 46 2016592 71 1064630 97 721265 122 741411 148 599466 173 1344430 198 2022913 224 1645325 249 1637326 275 1822555 300 2995498 301 0
0
251 3 729 254 0.9917779848472832 0.12850829705684502 0
12 45 0 46 1912429 71 1479316 97 1480948 122 1175771 147 1014306 173 1576040 198 1203329 223 1867801 249 2673732 274 2529941 275 0
1 250
7 6 15364337631913512055
0.65038945819291305 0.34563956882504965 0.0039709729820371362 0 0 0 0 
0.29367291714300131 0.5797862507438768 0.11253142456916909 0.014009407543952867 0 0 0 
1.4131189430426344e-09 0.18905960051799561 0.44909739165434842 0.32239542530231813 0.039447581112218938 0 0 
0 0.043752041690362654 0.079271361143687852 0.87011603340370036 0.0033077052290538069 0.0035528585331954204 0 
0 0 0.015190350742277408 0.044334491311077411 0.90080171493640016 0.039640375730251982 3.3067279992976463e-05 
0 0 0 2.9123680876183852e-09 0.21976983161374733 0.68711791872304939 0.093112246750835195 
0 0 0 0 0.018677162951541051 0.41030647336908055 0.57101636367937847 
7 0 0 0 0 0 0 0
0.020722936625144173 0.988046346276908 0.361407660709041
