A
700
813 1370
1 118.0 105.0
2 118.0 106.0
3 117.0 105.0
4 117.0 104.0
5 118.0 104.0
6 116.0 106.0
7 117.0 106.0
8 116.0 105.0
9 116.0 104.0
10 98.0 127.0
11 98.0 128.0
12 97.0 127.0
13 98.0 126.0
14 97.0 126.0
15 96.0 128.0
16 97.0 128.0
17 96.0 126.0
18 96.0 127.0
19 99.0 124.0
20 100.0 124.0
21 100.0 122.0
22 100.0 123.0
23 99.0 123.0
24 99.0 122.0
25 98.0 122.0
26 98.0 123.0
27 99.0 121.0
28 100.0 121.0
29 100.0 120.0
30 98.0 121.0
31 98.0 120.0
32 99.0 120.0
33 95.0 96.0
34 96.0 96.0
35 96.0 95.0
36 95.0 95.0
37 96.0 94.0
38 94.0 96.0
39 95.0 94.0
40 96.0 93.0
41 95.0 93.0
42 96.0 92.0
43 95.0 92.0
44 94.0 94.0
45 94.0 93.0
46 94.0 92.0
47 94.0 95.0
48 93.0 94.0
49 93.0 95.0
50 93.0 96.0
51 91.0 96.0
52 92.0 96.0
53 92.0 95.0
54 91.0 95.0
55 92.0 94.0
56 90.0 95.0
57 90.0 96.0
58 90.0 94.0
59 91.0 94.0
60 92.0 93.0
61 92.0 92.0
62 91.0 93.0
63 90.0 93.0
64 89.0 93.0
65 90.0 92.0
66 88.0 93.0
67 89.0 92.0
68 91.0 90.0
69 92.0 90.0
70 92.0 89.0
71 91.0 89.0
72 92.0 88.0
73 90.0 90.0
74 90.0 88.0
75 90.0 89.0
76 90.0 91.0
77 89.0 91.0
78 89.0 90.0
79 88.0 90.0
80 88.0 91.0
81 96.0 87.0
82 96.0 88.0
83 96.0 86.0
84 94.0 88.0
85 95.0 88.0
86 95.0 86.0
87 95.0 87.0
88 96.0 85.0
89 95.0 85.0
90 94.0 86.0
91 95.0 84.0
92 93.0 86.0
93 94.0 85.0
94 93.0 85.0
95 92.0 85.0
96 92.0 86.0
97 93.0 84.0
98 96.0 84.0
99 96.0 82.0
100 96.0 83.0
101 95.0 82.0
102 94.0 84.0
103 95.0 83.0
104 94.0 83.0
105 94.0 82.0
106 92.0 83.0
107 93.0 83.0
108 93.0 82.0
109 92.0 82.0
110 94.0 81.0
111 93.0 81.0
112 94.0 80.0
113 93.0 80.0
114 92.0 81.0
115 92.0 80.0
116 91.0 88.0
117 92.0 87.0
118 91.0 87.0
119 90.0 87.0
120 90.0 86.0
121 91.0 86.0
122 89.0 86.0
123 89.0 85.0
124 90.0 85.0
125 89.0 84.0
126 90.0 84.0
127 88.0 86.0
128 88.0 85.0
129 90.0 81.0
130 90.0 82.0
131 89.0 81.0
132 90.0 80.0
133 89.0 80.0
134 88.0 81.0
135 88.0 82.0
136 88.0 80.0
137 88.0 95.0
138 88.0 96.0
139 88.0 94.0
140 86.0 96.0
141 87.0 96.0
142 87.0 95.0
143 86.0 95.0
144 87.0 94.0
145 87.0 93.0
146 88.0 92.0
147 87.0 92.0
148 86.0 94.0
149 85.0 96.0
150 85.0 95.0
151 84.0 95.0
152 85.0 94.0
153 85.0 93.0
154 86.0 93.0
155 85.0 92.0
156 86.0 92.0
157 84.0 94.0
158 83.0 96.0
159 84.0 96.0
160 83.0 95.0
161 82.0 96.0
162 83.0 94.0
163 84.0 92.0
164 84.0 93.0
165 83.0 93.0
166 83.0 92.0
167 81.0 95.0
168 82.0 95.0
169 80.0 96.0
170 81.0 96.0
171 80.0 95.0
172 81.0 94.0
173 82.0 94.0
174 81.0 93.0
175 82.0 93.0
176 82.0 92.0
177 80.0 94.0
178 80.0 93.0
179 81.0 92.0
180 83.0 91.0
181 84.0 91.0
182 83.0 90.0
183 84.0 90.0
184 82.0 91.0
185 82.0 90.0
186 81.0 91.0
187 80.0 91.0
188 80.0 92.0
189 81.0 90.0
190 82.0 89.0
191 82.0 88.0
192 81.0 88.0
193 80.0 90.0
194 81.0 89.0
195 80.0 88.0
196 80.0 89.0
197 83.0 86.0
198 84.0 86.0
199 83.0 85.0
200 84.0 85.0
201 83.0 84.0
202 84.0 84.0
203 82.0 86.0
204 82.0 84.0
205 82.0 85.0
206 95.0 80.0
207 96.0 80.0
208 95.0 79.0
209 96.0 79.0
210 96.0 78.0
211 94.0 79.0
212 95.0 78.0
213 94.0 78.0
214 94.0 77.0
215 95.0 77.0
216 95.0 76.0
217 94.0 76.0
218 94.0 75.0
219 94.0 74.0
220 92.0 76.0
221 93.0 76.0
222 93.0 75.0
223 93.0 74.0
224 89.0 94.0
225 92.0 74.0
226 92.0 75.0
227 95.0 72.0
228 96.0 72.0
229 96.0 71.0
230 95.0 71.0
231 94.0 71.0
232 94.0 72.0
233 95.0 70.0
234 94.0 70.0
235 96.0 70.0
236 96.0 69.0
237 95.0 69.0
238 96.0 68.0
239 93.0 70.0
240 94.0 68.0
241 94.0 69.0
242 92.0 70.0
243 93.0 69.0
244 92.0 69.0
245 93.0 68.0
246 92.0 68.0
247 96.0 67.0
248 95.0 68.0
249 95.0 67.0
250 94.0 67.0
251 95.0 66.0
252 96.0 66.0
253 96.0 65.0
254 95.0 65.0
255 96.0 64.0
256 95.0 64.0
257 93.0 65.0
258 94.0 65.0
259 94.0 64.0
260 93.0 64.0
261 92.0 66.0
262 93.0 66.0
263 92.0 65.0
264 92.0 64.0
265 89.0 72.0
266 90.0 72.0
267 90.0 71.0
268 89.0 70.0
269 90.0 70.0
270 88.0 72.0
271 88.0 71.0
272 89.0 71.0
273 88.0 70.0
274 83.0 76.0
275 84.0 76.0
276 84.0 75.0
277 83.0 75.0
278 84.0 74.0
279 82.0 76.0
280 82.0 75.0
281 84.0 73.0
282 83.0 73.0
283 84.0 72.0
284 82.0 74.0
285 83.0 74.0
286 82.0 73.0
287 81.0 75.0
288 81.0 76.0
289 80.0 75.0
290 80.0 76.0
291 81.0 74.0
292 80.0 74.0
293 80.0 73.0
294 81.0 73.0
295 87.0 72.0
296 87.0 71.0
297 86.0 72.0
298 87.0 70.0
299 87.0 69.0
300 88.0 69.0
301 86.0 69.0
302 86.0 70.0
303 86.0 71.0
304 85.0 72.0
305 85.0 71.0
306 85.0 70.0
307 85.0 69.0
308 85.0 68.0
309 86.0 68.0
310 84.0 70.0
311 84.0 69.0
312 84.0 68.0
313 87.0 68.0
314 88.0 68.0
315 87.0 67.0
316 88.0 67.0
317 87.0 66.0
318 88.0 66.0
319 86.0 67.0
320 83.0 72.0
321 84.0 71.0
322 83.0 71.0
323 83.0 70.0
324 82.0 72.0
325 82.0 70.0
326 81.0 72.0
327 82.0 71.0
328 81.0 71.0
329 80.0 72.0
330 80.0 71.0
331 81.0 70.0
332 80.0 70.0
333 82.0 69.0
334 81.0 69.0
335 82.0 68.0
336 81.0 68.0
337 96.0 76.0
338 96.0 77.0
339 80.0 68.0
340 84.0 64.0
341 84.0 65.0
342 82.0 66.0
343 83.0 66.0
344 83.0 65.0
345 82.0 65.0
346 82.0 64.0
347 69.0 88.0
348 70.0 88.0
349 70.0 87.0
350 68.0 88.0
351 69.0 87.0
352 68.0 87.0
353 69.0 86.0
354 70.0 86.0
355 70.0 85.0
356 69.0 85.0
357 70.0 84.0
358 68.0 86.0
359 68.0 85.0
360 68.0 84.0
361 69.0 84.0
362 79.0 73.0
363 79.0 74.0
364 78.0 73.0
365 78.0 74.0
366 78.0 72.0
367 79.0 72.0
368 75.0 79.0
369 75.0 80.0
370 75.0 78.0
371 74.0 78.0
372 75.0 76.0
373 76.0 76.0
374 76.0 75.0
375 75.0 75.0
376 76.0 74.0
377 75.0 74.0
378 74.0 76.0
379 74.0 74.0
380 73.0 76.0
381 74.0 75.0
382 73.0 74.0
383 72.0 76.0
384 73.0 75.0
385 72.0 74.0
386 72.0 75.0
387 80.0 69.0
388 78.0 70.0
389 79.0 70.0
390 79.0 69.0
391 79.0 68.0
392 76.0 72.0
393 77.0 72.0
394 77.0 71.0
395 76.0 71.0
396 77.0 70.0
397 76.0 70.0
398 78.0 69.0
399 77.0 69.0
400 77.0 68.0
401 80.0 67.0
402 79.0 67.0
403 80.0 66.0
404 78.0 67.0
405 79.0 66.0
406 80.0 64.0
407 80.0 65.0
408 79.0 64.0
409 79.0 65.0
410 78.0 65.0
411 78.0 64.0
412 78.0 68.0
413 77.0 67.0
414 76.0 68.0
415 76.0 67.0
416 77.0 66.0
417 76.0 66.0
418 78.0 66.0
419 77.0 65.0
420 76.0 65.0
421 75.0 70.0
422 76.0 69.0
423 75.0 69.0
424 75.0 68.0
425 74.0 69.0
426 74.0 68.0
427 73.0 72.0
428 74.0 72.0
429 73.0 71.0
430 74.0 71.0
431 74.0 70.0
432 73.0 70.0
433 72.0 72.0
434 75.0 66.0
435 75.0 65.0
436 75.0 64.0
437 76.0 64.0
438 74.0 66.0
439 74.0 64.0
440 73.0 68.0
441 74.0 67.0
442 73.0 67.0
443 73.0 66.0
444 74.0 65.0
445 73.0 65.0
446 72.0 66.0
447 72.0 65.0
448 73.0 64.0
449 67.0 80.0
450 68.0 80.0
451 68.0 79.0
452 68.0 78.0
453 67.0 79.0
454 66.0 79.0
455 67.0 78.0
456 68.0 77.0
457 84.0 66.0
458 76.0 79.0
459 76.0 80.0
460 74.0 79.0
461 74.0 80.0
462 110.0 53.0
463 110.0 54.0
464 72.0 68.0
465 88.0 55.0
466 88.0 56.0
467 89.0 82.0
468 65.0 79.0
469 65.0 80.0
470 91.0 54.0
471 91.0 55.0
472 65.0 77.0
473 65.0 78.0
474 78.0 71.0
475 66.0 80.0
476 70.0 68.0
477 71.0 68.0
478 72.0 67.0
479 105.0 52.0
480 106.0 52.0
481 92.0 55.0
482 92.0 56.0
483 86.0 66.0
484 83.0 64.0
485 91.0 92.0
486 71.0 66.0
487 77.0 64.0
488 86.0 54.0
489 86.0 55.0
490 66.0 76.0
491 67.0 76.0
492 109.0 52.0
493 109.0 53.0
494 94.0 66.0
495 72.0 70.0
496 72.0 71.0
497 63.0 114.0
498 64.0 114.0
499 106.0 50.0
500 106.0 51.0
501 108.0 64.0
502 109.0 64.0
503 90.0 53.0
504 91.0 53.0
505 90.0 54.0
506 90.0 55.0
507 92.0 53.0
508 92.0 54.0
509 64.0 78.0
510 67.0 77.0
511 110.0 52.0
512 107.0 50.0
513 88.0 84.0
514 70.0 66.0
515 71.0 65.0
516 92.0 84.0
517 87.0 55.0
518 95.0 63.0
519 96.0 63.0
520 108.0 52.0
521 110.0 62.0
522 110.0 63.0
523 69.0 66.0
524 91.0 56.0
525 71.0 64.0
526 72.0 64.0
527 109.0 54.0
528 65.0 76.0
529 70.0 67.0
530 87.0 56.0
531 64.0 113.0
532 109.0 62.0
533 59.0 113.0
534 60.0 113.0
535 68.0 66.0
536 68.0 67.0
537 66.0 78.0
538 76.0 78.0
539 110.0 64.0
540 64.0 77.0
541 63.0 113.0
542 87.0 54.0
543 88.0 54.0
544 94.0 87.0
545 90.0 56.0
546 98.0 124.0
547 108.0 53.0
548 59.0 114.0
549 60.0 114.0
550 86.0 56.0
551 108.0 54.0
552 95.0 62.0
553 96.0 62.0
554 71.0 67.0
555 108.0 51.0
556 69.0 67.0
557 64.0 79.0
558 70.0 65.0
559 70.0 64.0
560 68.0 76.0
561 107.0 51.0
562 62.0 112.0
563 63.0 112.0
564 108.0 62.0
565 108.0 63.0
566 64.0 80.0
567 108.0 50.0
568 60.0 112.0
569 69.0 68.0
570 107.0 52.0
571 58.0 112.0
572 59.0 112.0
573 58.0 113.0
574 62.0 113.0
575 62.0 114.0
576 64.0 112.0
577 68.0 68.0
578 90.0 52.0
579 66.0 77.0
580 91.0 52.0
581 94.0 62.0
582 94.0 63.0
583 106.0 49.0
584 105.0 50.0
585 105.0 51.0
586 109.0 63.0
587 64.0 76.0
588 118.0 108.0
589 120.0 108.0
590 116.0 108.0
591 100.0 128.0
592 100.0 126.0
593 96.0 124.0
594 96.0 122.0
595 96.0 120.0
596 112.0 102.0
597 112.0 104.0
598 110.0 102.0
599 112.0 100.0
600 108.0 104.0
601 110.0 104.0
602 108.0 102.0
603 110.0 100.0
604 100.0 104.0
605 102.0 104.0
606 102.0 102.0
607 100.0 102.0
608 100.0 100.0
609 102.0 100.0
610 104.0 100.0
611 104.0 98.0
612 102.0 98.0
613 104.0 96.0
614 100.0 96.0
615 102.0 96.0
616 96.0 98.0
617 96.0 100.0
618 98.0 96.0
619 98.0 98.0
620 86.0 90.0
621 88.0 88.0
622 86.0 88.0
623 84.0 88.0
624 86.0 84.0
625 86.0 82.0
626 84.0 82.0
627 84.0 80.0
628 86.0 80.0
629 80.0 86.0
630 80.0 84.0
631 96.0 74.0
632 90.0 78.0
633 92.0 78.0
634 88.0 78.0
635 90.0 76.0
636 88.0 76.0
637 92.0 72.0
638 90.0 68.0
639 84.0 78.0
640 82.0 78.0
641 82.0 80.0
642 80.0 78.0
643 80.0 80.0
644 88.0 64.0
645 86.0 64.0
646 100.0 98.0
647 74.0 92.0
648 76.0 92.0
649 74.0 90.0
650 76.0 90.0
651 74.0 88.0
652 76.0 88.0
653 104.0 102.0
654 72.0 92.0
655 72.0 90.0
656 72.0 88.0
657 72.0 86.0
658 72.0 84.0
659 68.0 82.0
660 66.0 82.0
661 66.0 84.0
662 64.0 82.0
663 64.0 84.0
664 78.0 76.0
665 70.0 80.0
666 72.0 80.0
667 70.0 78.0
668 72.0 78.0
669 70.0 76.0
670 68.0 72.0
671 70.0 72.0
672 70.0 70.0
673 68.0 70.0
674 68.0 64.0
675 112.0 62.0
676 112.0 64.0
677 112.0 60.0
678 110.0 60.0
679 108.0 60.0
680 110.0 56.0
681 112.0 56.0
682 112.0 54.0
683 108.0 56.0
684 108.0 48.0
685 106.0 48.0
686 96.0 60.0
687 92.0 62.0
688 94.0 60.0
689 96.0 58.0
690 94.0 58.0
691 80.0 52.0
692 80.0 54.0
693 92.0 60.0
694 62.0 116.0
695 108.0 100.0
696 120.0 106.0
697 64.0 122.0
698 64.0 124.0
699 98.0 100.0
700 84.0 52.0
701 84.0 54.0
702 112.0 52.0
703 64.0 86.0
704 92.0 58.0
705 94.0 56.0
706 60.0 84.0
707 60.0 86.0
708 60.0 124.0
709 62.0 124.0
710 80.0 56.0
711 62.0 120.0
712 64.0 120.0
713 60.0 120.0
714 82.0 54.0
715 82.0 56.0
716 60.0 116.0
717 86.0 52.0
718 64.0 88.0
719 104.0 104.0
720 62.0 84.0
721 82.0 52.0
722 62.0 122.0
723 64.0 116.0
724 62.0 88.0
725 120.0 104.0
726 84.0 56.0
727 62.0 86.0
728 96.0 56.0
729 60.0 88.0
730 58.0 116.0
731 60.0 118.0
732 60.0 122.0
733 88.0 52.0
734 128.0 124.0
735 128.0 128.0
736 124.0 124.0
737 128.0 120.0
738 120.0 128.0
739 124.0 128.0
740 120.0 124.0
741 128.0 104.0
742 128.0 108.0
743 120.0 112.0
744 124.0 112.0
745 124.0 108.0
746 116.0 112.0
747 112.0 112.0
748 112.0 108.0
749 108.0 116.0
750 112.0 116.0
751 108.0 112.0
752 104.0 120.0
753 108.0 120.0
754 104.0 116.0
755 104.0 124.0
756 104.0 128.0
757 108.0 96.0
758 96.0 104.0
759 120.0 120.0
760 124.0 120.0
761 76.0 96.0
762 72.0 96.0
763 104.0 112.0
764 64.0 72.0
765 64.0 68.0
766 64.0 64.0
767 104.0 64.0
768 104.0 56.0
769 104.0 60.0
770 112.0 48.0
771 104.0 52.0
772 112.0 44.0
773 108.0 44.0
774 96.0 52.0
775 84.0 48.0
776 80.0 48.0
777 52.0 88.0
778 56.0 88.0
779 44.0 60.0
780 48.0 60.0
781 48.0 52.0
782 48.0 56.0
783 56.0 84.0
784 48.0 64.0
785 44.0 56.0
786 124.0 104.0
787 112.0 120.0
788 128.0 112.0
789 88.0 60.0
790 112.0 96.0
791 60.0 76.0
792 60.0 80.0
793 60.0 128.0
794 64.0 128.0
795 56.0 80.0
796 52.0 80.0
797 60.0 72.0
798 56.0 72.0
799 56.0 76.0
800 52.0 84.0
801 112.0 128.0
802 128.0 96.0
803 120.0 96.0
804 96.0 112.0
805 64.0 96.0
806 56.0 96.0
807 64.0 104.0
808 48.0 72.0
809 56.0 64.0
810 56.0 104.0
811 64.0 48.0
812 128.0 64.0
813 128.0 48.0
812 813 16
807 810 8
805 806 8
805 807 8
802 812 32
802 803 8
798 809 8
798 808 8
798 799 4
797 798 4
795 799 4
795 796 4
793 794 4
792 795 4
791 799 4
791 797 4
791 792 4
790 803 8
787 801 8
784 809 8
783 800 4
783 795 4
782 785 4
781 782 4
780 782 4
780 784 4
779 780 4
778 806 8
778 783 4
777 778 4
770 813 16
770 772 4
768 771 4
768 769 4
767 769 4
766 811 16
766 809 8
765 766 4
764 797 4
764 765 4
763 804 8
762 805 8
761 762 4
759 787 8
759 760 4
758 804 8
757 790 4
756 801 8
755 756 4
754 763 4
753 787 4
752 755 4
752 754 4
752 753 4
751 763 4
750 787 4
749 753 4
749 751 4
749 754 4
749 750 4
747 750 4
747 751 4
747 748 4
746 747 4
745 786 4
744 788 4
744 745 4
743 759 8
743 746 4
743 744 4
742 788 4
742 745 4
741 802 8
741 786 4
741 742 4
740 759 4
738 801 8
738 740 4
738 739 4
737 788 8
737 760 4
736 740 4
736 760 4
736 739 4
735 739 4
734 737 4
734 736 4
734 735 4
729 778 4
728 768 8
728 774 4
725 803 8
725 786 4
724 729 2
724 727 2
722 732 2
720 727 2
719 763 8
718 805 8
718 724 2
717 733 2
716 731 2
716 730 2
715 726 2
714 721 2
714 715 2
712 723 4
711 722 2
711 713 2
711 712 2
710 715 2
709 722 2
708 709 2
707 729 2
707 727 2
706 792 4
706 783 4
706 720 2
706 707 2
705 728 2
703 727 2
703 718 2
702 770 4
701 714 2
701 726 2
700 775 4
700 721 2
700 717 2
700 701 2
698 794 4
698 709 2
697 722 2
697 712 2
697 698 2
696 725 2
695 757 4
694 716 2
694 723 2
693 789 4
693 704 2
692 714 2
692 710 2
691 776 4
691 721 2
691 692 2
690 705 2
690 704 2
689 728 2
689 690 2
688 690 2
688 693 2
687 693 2
686 689 2
686 688 2
684 773 4
684 770 4
684 685 2
683 768 4
682 702 2
681 682 2
680 683 2
680 681 2
679 769 4
679 683 4
678 679 2
677 681 4
677 678 2
676 812 16
675 677 2
675 676 2
674 766 4
672 673 2
671 672 2
670 764 4
670 673 2
670 671 2
667 669 2
667 668 2
666 668 2
665 667 2
665 666 2
663 720 2
663 703 2
662 663 2
661 663 2
660 662 2
660 661 2
659 660 2
658 666 4
657 658 2
656 657 2
655 656 2
654 762 4
654 655 2
653 719 2
651 656 2
651 652 2
650 652 2
649 655 2
649 651 2
649 650 2
648 761 4
648 650 2
647 649 2
647 654 2
647 648 2
644 789 4
644 645 2
642 643 2
641 643 2
640 642 2
640 641 2
639 640 2
635 636 2
634 636 2
632 635 2
632 634 2
632 633 2
630 643 4
629 630 2
627 639 2
627 641 2
627 628 2
626 627 2
625 628 2
625 626 2
624 625 2
622 623 2
621 622 2
620 622 2
619 699 2
619 646 2
618 619 2
617 758 4
617 699 2
616 619 2
616 617 2
614 646 2
614 618 2
614 615 2
613 757 4
613 615 2
612 615 2
612 646 2
611 613 2
611 612 2
610 695 4
610 653 2
610 611 2
609 612 2
609 610 2
608 646 2
608 699 2
608 609 2
607 608 2
606 653 2
606 609 2
606 607 2
605 719 2
605 606 2
604 758 4
604 607 2
604 605 2
603 695 2
602 695 2
600 719 4
600 602 2
600 601 2
599 790 4
599 603 2
598 603 2
598 602 2
598 601 2
597 748 4
597 601 2
596 599 2
596 598 2
596 597 2
595 804 8
594 595 2
593 594 2
591 756 4
591 592 2
590 748 4
590 746 4
589 743 4
589 745 4
589 696 2
588 590 2
588 589 2
587 791 4
587 764 4
581 688 2
581 687 2
581 582 1
577 765 4
577 673 2
576 807 8
575 694 2
574 575 1
571 572 1
569 577 1
568 572 1
567 684 2
566 792 4
566 662 2
565 586 1
564 679 2
564 565 1
563 576 1
562 568 2
562 574 1
562 563 1
561 570 1
560 670 4
560 669 2
559 674 2
558 559 1
557 566 1
556 569 1
555 567 1
555 561 1
553 686 2
552 581 1
552 553 1
551 683 2
550 726 2
549 575 2
549 716 2
548 549 1
547 551 1
546 593 2
543 733 2
542 543 1
257 260 1
257 263 1
257 262 1
257 258 1
256 259 1
256 518 1
255 767 8
255 256 1
255 519 1
254 258 1
254 256 1
253 255 1
253 254 1
252 253 1
251 254 1
251 494 1
251 252 1
250 494 1
249 250 1
249 251 1
248 249 1
247 249 1
247 252 1
246 261 2
246 638 2
245 246 1
244 246 1
243 245 1
243 244 1
242 269 2
242 637 2
242 244 1
241 243 1
240 245 1
240 250 1
240 248 1
240 241 1
239 243 1
239 242 1
238 248 1
238 247 1
237 241 1
237 248 1
236 238 1
236 237 1
235 236 1
234 241 1
234 239 1
233 237 1
233 234 1
233 235 1
232 637 2
231 234 1
231 232 1
230 233 1
230 231 1
229 230 1
229 235 1
228 631 2
228 229 1
227 232 1
227 230 1
227 228 1
225 637 2
225 226 1
223 225 1
222 226 1
222 223 1
221 222 1
220 633 2
220 635 2
220 226 1
220 221 1
219 631 2
219 232 2
219 223 1
218 222 1
218 219 1
217 221 1
217 218 1
216 337 1
216 217 1
215 338 1
215 216 1
214 217 1
214 215 1
213 633 2
213 214 1
212 215 1
212 213 1
211 213 1
210 338 1
210 212 1
209 210 1
208 212 1
208 211 1
208 209 1
207 209 1
206 208 1
206 207 1
204 630 2
204 205 1
203 629 2
203 205 1
202 626 2
202 624 2
201 204 1
201 202 1
200 202 1
199 205 1
199 201 1
199 200 1
198 623 2
198 200 1
197 199 1
197 203 1
197 198 1
195 652 4
195 629 2
195 196 1
194 196 1
193 196 1
192 195 1
192 194 1
191 623 2
191 203 2
191 192 1
190 194 1
190 191 1
189 194 1
189 193 1
188 648 4
187 193 1
187 188 1
186 189 1
186 187 1
185 190 1
185 189 1
184 185 1
184 186 1
183 620 2
183 623 2
182 185 1
182 183 1
181 183 1
180 182 1
180 184 1
180 181 1
179 188 1
179 186 1
178 188 1
177 178 1
176 184 1
176 179 1
175 176 1
174 178 1
174 179 1
174 175 1
173 175 1
172 174 1
172 177 1
172 173 1
171 177 1
169 761 4
169 171 1
169 170 1
168 173 1
167 172 1
167 171 1
167 170 1
167 168 1
166 180 1
166 176 1
165 175 1
165 166 1
164 165 1
163 166 1
163 181 1
163 164 1
162 173 1
162 165 1
161 168 1
161 170 1
160 168 1
160 162 1
158 160 1
158 161 1
158 159 1
157 164 1
157 162 1
156 620 2
155 163 1
155 156 1
154 156 1
153 164 1
153 155 1
153 154 1
152 153 1
152 157 1
151 159 1
151 157 1
151 160 1
150 152 1
150 151 1
149 159 1
149 150 1
148 154 1
148 152 1
147 156 1
146 147 1
145 147 1
145 154 1
144 145 1
144 148 1
143 150 1
143 148 1
142 144 1
142 143 1
141 142 1
140 143 1
140 149 1
140 141 1
139 224 1
139 144 1
138 141 1
137 142 1
137 139 1
137 138 1
136 628 2
136 634 2
135 625 2
135 513 2
135 467 1
134 136 1
134 135 1
133 136 1
132 632 2
132 133 1
131 467 1
131 133 1
131 134 1
130 467 1
129 132 1
129 131 1
129 130 1
128 513 1
59 62 1
58 63 1
58 59 1
58 224 1
57 138 2
56 58 1
56 57 1
55 60 1
55 59 1
54 59 1
54 56 1
53 55 1
53 54 1
52 53 1
51 54 1
51 57 1
51 52 1
50 52 1
49 53 1
49 50 1
48 49 1
48 55 1
47 49 1
46 61 2
45 46 1
44 45 1
44 48 1
44 47 1
43 46 1
42 82 4
42 43 1
41 43 1
41 45 1
40 42 1
40 41 1
39 41 1
39 44 1
38 50 1
38 47 1
37 40 1
37 39 1
36 47 1
36 39 1
35 37 1
35 36 1
34 616 2
34 618 2
34 35 1
33 36 1
33 38 1
33 34 1
31 595 2
31 32 1
30 31 1
13 546 2
13 592 2
13 14 1
12 16 1
12 14 1
12 18 1
11 591 2
11 16 1
10 13 1
10 12 1
10 11 1
9 597 4
8 9 1
6 590 2
6 8 1
6 7 1
5 725 2
4 9 1
4 5 1
3 7 1
3 4 1
3 8 1
2 588 2
2 696 2
2 7 1
1 5 1
1 3 1
1 2 1
14 17 1
15 794 32
15 18 1
15 16 1
17 593 2
17 18 1
19 546 1
19 23 1
19 20 1
20 755 4
20 592 2
20 22 1
21 28 1
21 24 1
21 22 1
22 23 1
23 26 1
23 24 1
24 25 1
24 27 1
25 594 2
25 30 1
25 26 1
26 546 1
27 30 1
27 32 1
27 28 1
28 29 1
29 752 4
29 32 1
60 62 1
60 61 1
61 69 2
61 485 1
62 485 1
62 63 1
63 65 1
63 64 1
64 224 1
64 67 1
64 66 1
65 485 1
65 76 1
65 67 1
66 146 1
66 145 1
66 139 1
67 77 1
67 146 1
68 71 1
68 73 1
68 69 1
69 70 1
70 72 1
70 71 1
71 116 1
71 75 1
72 84 2
72 117 1
72 116 1
73 75 1
73 78 1
73 76 1
74 119 1
74 116 1
74 621 2
74 75 1
76 77 1
77 80 1
77 78 1
78 79 1
79 621 2
79 620 2
79 80 1
80 146 1
81 87 1
81 83 1
81 82 1
82 85 1
83 86 1
83 88 1
84 544 1
84 85 1
85 87 1
86 89 1
86 90 1
86 87 1
87 544 1
88 98 1
88 89 1
89 93 1
89 91 1
90 544 1
90 93 1
90 92 1
91 103 1
91 102 1
91 98 1
92 94 1
92 96 1
93 102 1
93 94 1
94 97 1
94 95 1
95 516 1
95 96 1
96 121 1
96 117 1
97 102 1
97 516 1
97 107 1
98 100 1
99 207 2
99 101 1
99 100 1
100 103 1
101 105 1
101 103 1
102 104 1
103 104 1
104 107 1
104 105 1
105 110 1
105 108 1
106 516 1
106 109 1
106 107 1
107 108 1
108 111 1
108 109 1
109 130 2
109 114 1
110 112 1
110 111 1
111 113 1
111 114 1
112 211 1
112 206 1
112 113 1
113 115 1
114 115 1
115 633 2
115 132 2
116 118 1
117 118 1
118 121 1
118 119 1
119 120 1
120 124 1
120 122 1
120 121 1
122 123 1
122 127 1
123 125 1
123 128 1
123 124 1
124 126 1
125 513 1
125 126 1
126 130 2
126 516 2
127 621 2
127 128 1
258 494 1
258 259 1
259 582 1
259 260 1
260 264 1
261 263 1
261 262 1
262 494 1
263 264 1
264 644 4
264 687 2
265 272 1
265 270 1
265 266 1
266 637 2
266 267 1
267 269 1
267 272 1
268 272 1
268 273 1
268 269 1
269 638 2
270 636 4
270 271 1
270 295 1
271 273 1
271 296 1
271 272 1
273 300 1
273 298 1
274 277 1
274 279 1
274 275 1
275 636 4
275 639 2
275 276 1
276 278 1
276 277 1
277 285 1
277 280 1
278 285 1
278 281 1
279 640 2
279 288 1
279 280 1
280 284 1
280 287 1
281 283 1
281 282 1
282 320 1
282 286 1
282 285 1
283 321 1
283 320 1
283 304 1
284 286 1
284 291 1
284 285 1
286 294 1
286 324 1
287 289 1
287 291 1
287 288 1
288 290 1
289 292 1
289 290 1
290 642 2
290 664 2
291 294 1
291 292 1
292 363 1
292 293 1
293 329 1
293 362 1
293 294 1
294 326 1
295 296 1
295 297 1
296 303 1
296 298 1
297 304 1
297 303 1
298 302 1
298 299 1
299 301 1
299 313 1
299 300 1
300 314 1
301 309 1
301 307 1
301 302 1
302 306 1
302 303 1
303 305 1
304 305 1
305 321 1
305 306 1
306 307 1
306 310 1
307 308 1
307 311 1
308 312 1
308 309 1
309 319 1
309 313 1
310 323 1
310 321 1
310 311 1
311 312 1
312 335 2
312 457 2
313 315 1
313 314 1
314 638 2
314 316 1
315 317 1
315 319 1
315 316 1
316 318 1
317 483 1
317 318 1
318 644 2
319 483 1
320 322 1
320 324 1
321 322 1
322 327 1
322 323 1
323 325 1
324 327 1
324 326 1
325 327 1
325 333 1
325 331 1
326 328 1
326 329 1
327 328 1
328 330 1
328 331 1
329 367 1
329 330 1
330 332 1
331 332 1
331 334 1
332 389 1
332 387 1
333 335 1
333 334 1
334 387 1
334 336 1
335 342 2
335 336 1
336 339 1
337 631 2
337 338 1
339 401 1
339 391 1
339 387 1
340 645 2
340 484 1
340 341 1
341 344 1
341 457 1
342 403 2
342 345 1
342 343 1
343 457 1
343 344 1
344 484 1
344 345 1
345 346 1
346 406 2
346 484 1
347 351 1
347 350 1
347 348 1
348 656 2
348 349 1
349 351 1
349 354 1
350 718 4
350 352 1
351 353 1
351 352 1
352 358 1
353 356 1
353 358 1
353 354 1
354 657 2
354 355 1
355 357 1
355 356 1
356 361 1
356 359 1
357 658 2
357 361 1
358 359 1
359 360 1
360 661 2
360 659 2
360 361 1
362 367 1
362 364 1
362 363 1
363 365 1
364 366 1
364 365 1
365 376 2
365 664 2
366 474 1
366 393 1
366 367 1
368 458 1
368 370 1
368 460 1
368 369 1
369 461 1
369 459 1
370 538 1
370 371 1
371 378 2
371 668 2
371 460 1
372 375 1
372 378 1
372 373 1
373 538 2
373 664 2
373 374 1
374 376 1
374 375 1
375 381 1
375 377 1
376 392 2
376 377 1
377 379 1
378 381 1
378 380 1
379 428 2
379 382 1
379 381 1
380 384 1
380 383 1
381 384 1
382 385 1
382 384 1
383 669 2
383 668 2
383 386 1
384 386 1
385 433 2
385 386 1
387 390 1
388 398 1
388 474 1
388 396 1
388 389 1
389 390 1
390 398 1
390 391 1
391 412 1
391 402 1
392 428 2
392 395 1
392 393 1
393 394 1
394 474 1
394 396 1
394 395 1
395 397 1
396 397 1
396 399 1
397 422 1
397 421 1
398 412 1
398 399 1
399 422 1
399 400 1
400 413 1
400 414 1
400 412 1
401 403 1
401 402 1
402 405 1
402 404 1
403 407 1
403 405 1
404 412 1
404 418 1
404 413 1
405 418 1
405 409 1
406 710 8
406 408 1
406 407 1
407 409 1
408 409 1
408 411 1
409 410 1
410 418 1
410 411 1
410 419 1
411 487 1
413 415 1
413 416 1
414 422 1
414 424 1
414 415 1
415 417 1
416 419 1
416 417 1
416 418 1
417 420 1
417 434 1
419 487 1
419 420 1
420 437 1
420 435 1
421 423 1
421 431 1
422 423 1
423 424 1
423 425 1
424 426 1
425 431 1
425 426 1
426 441 1
426 440 1
427 429 1
427 433 1
427 428 1
428 430 1
429 432 1
429 496 1
429 430 1
430 431 1
431 432 1
432 495 1
433 671 2
433 496 1
434 435 1
434 438 1
435 444 1
435 436 1
436 439 1
436 437 1
437 487 1
438 443 1
438 444 1
438 441 1
439 448 1
439 444 1
440 442 1
440 464 1
441 442 1
442 478 1
442 443 1
443 445 1
443 446 1
444 445 1
445 448 1
445 447 1
446 478 1
446 447 1
446 486 1
447 526 1
447 515 1
448 526 1
449 475 1
449 453 1
449 450 1
450 665 2
450 659 2
450 451 1
451 453 1
451 452 1
452 667 2
452 455 1
452 456 1
453 455 1
453 454 1
454 475 1
454 537 1
454 468 1
455 537 1
455 510 1
456 560 1
456 510 1
457 483 2
458 538 1
458 459 1
459 643 4
460 461 1
461 666 2
462 493 1
462 511 1
462 463 1
463 680 2
463 682 2
463 527 1
464 495 2
464 477 1
464 478 1
465 517 1
465 543 1
465 466 1
466 789 4
466 545 2
466 530 1
468 473 1
468 557 1
468 469 1
469 566 1
469 475 1
470 508 1
470 504 1
470 505 1
470 471 1
471 481 1
471 524 1
471 506 1
472 579 1
472 540 1
472 528 1
472 473 1
473 537 1
473 509 1
475 660 2
476 569 1
476 672 2
476 529 1
476 477 1
477 554 1
478 554 1
479 480 1
480 570 1
480 500 1
481 508 1
481 482 1
482 705 2
482 704 2
482 524 1
483 645 2
486 515 1
486 554 1
486 514 1
488 701 2
488 717 2
488 542 1
488 489 1
489 550 1
489 517 1
490 579 1
490 528 1
490 491 1
491 510 1
491 560 1
492 511 1
492 520 1
492 493 1
493 547 1
493 527 1
495 672 2
495 496 1
497 575 1
497 541 1
497 498 1
498 723 2
498 531 1
499 584 1
499 583 1
499 512 1
499 500 1
500 585 1
500 561 1
501 767 4
501 565 1
501 502 1
502 586 1
502 539 1
503 505 1
503 578 1
503 504 1
504 507 1
504 580 1
505 543 2
505 506 1
506 545 1
507 508 1
509 557 1
509 540 1
510 579 1
511 702 2
512 561 1
512 567 1
513 624 2
514 529 1
514 558 1
514 523 1
515 558 1
515 525 1
517 542 1
517 530 1
518 582 1
518 552 1
518 519 1
519 553 1
520 547 1
520 570 1
520 555 1
521 675 2
521 532 1
521 678 2
521 522 1
522 586 1
522 539 1
523 556 1
523 535 1
524 545 1
525 559 1
525 526 1
527 551 1
528 587 1
529 554 1
529 556 1
530 550 1
531 541 1
531 576 1
532 586 1
532 564 1
533 548 1
533 572 1
533 573 1
533 534 1
534 549 1
534 568 1
535 674 2
535 536 1
536 556 1
536 577 1
537 579 1
539 676 2
540 587 1
541 574 1
541 563 1
1
110 78 2 1 2
251
1 2 1295 508 0.9119544222337268 0.06098424830102046 0
12 291 0 292 2430968 317 1874841 342 2084727 366 1759037 391 1514264 416 1760677 441 1458105 465 1530880 490 1978108 515 1347276 516 0
0
2 1 1171 769 0.9209280722834838 0.06942694556992442 0
28 2 0 3 1486480 28 1363711 54 882957 79 569115 105 376143 130 443705 156 350632 181 347730 207 450082 232 434330 257 499327 283 695079 308 607361 334 1022209 359 2317732 385 2677769 410 2907686 435 2301690 461 2523241 486 1843213 512 2051974 537 1665680 563 1348749 588 1514769 614 1471631 639 1803375 640 0
1 1
3 1 893 461 0.9107999018079258 0.11796371295771874 0
15 226 0 227 2557363 252 1476847 277 978637 302 1252471 327 1547903 352 665638 377 583426 403 467829 428 422995 453 266980 478 446199 503 327298 528 327898 529 0
2 1 2
4 2 1428 197 0.9291781281349195 0.12713480524005105 0
14 270 0 271 1883563 297 1987198 323 1466105 349 1132887 375 1075065 401 1226421 426 958875 452 953512 478 1245966 504 905742 530 1177342 556 1212852 557 0
0
5 1 1005 492 0.9268306745696999 0.14100287881591805 0
14 208 0 209 811289 234 989246 258 1322592 283 1495346 307 1839625 332 1554520 356 1809529 381 1588355 405 1788205 430 1556649 454 1092298 479 612892 480 0
1 4
6 1 689 378 0.9246545937434859 0.07336328891031714 0
23 125 0 126 1126594 151 1179295 176 1707530 201 2335321 226 2760014 251 1134947 277 973841 302 514439 327 376563 352 418490 377 213497 402 137762 427 76797 452 64934 477 53463 503 42483 528 71565 553 126345 578 142434 603 152551 628 87263 629 0
0
7 1 1290 491 0.9177830982005 0.09430506693014672 0
8 179 0 180 996237 205 998022 229 1024637 254 1486871 278 1922181 303 2017868 304 0
1 6
8 1 1324 812 0.9182291856782809 0.019553808383056658 0
27 44 0 45 782615 69 625315 94 692392 119 727440 143 712265 167 699361 192 741304 217 459693 241 341566 265 517621 290 983908 315 1404503 339 1748925 363 1794764 388 1726274 413 2460224 437 2176574 461 1347231 486 1408931 511 1512672 535 1133316 559 1135555 584 1755075 609 3282031 633 2669797 634 0
0
9 1 1080 729 0.9159901026886428 0.05648651798453916 0
7 276 0 277 1191364 303 1499640 329 1060132 355 1591258 381 1847692 382 0
1 8
10 1 1227 679 0.9276975164472263 0.034847582237955935 0
23 93 0 94 1731474 119 1214621 144 1298534 169 1432076 194 1367261 219 749383 244 695722 269 898591 294 1637337 319 2210354 343 1505823 368 2212739 393 1470001 418 720295 443 1005385 468 1516135 493 1375879 518 1491208 543 1265983 568 1170834 593 898311 594 0
2 8 9
11 2 655 425 0.9120296256289937 0.11750156345884306 0
29 45 0 46 409736 71 621832 96 519235 121 447684 146 783563 170 668443 195 998449 220 859160 245 717862 270 811875 295 888274 320 1182301 345 980603 369 687348 394 1155266 419 1342796 444 1492499 469 1295549 494 1646384 519 2077593 544 2037641 569 2411326 593 2284473 618 1845148 643 980742 668 1077276 693 2259999 694 0
0
12 2 667 739 0.9269972243520873 0.04392913425717832 0
9 64 0 65 343298 90 288316 114 484150 139 487963 164 1026019 188 1452466 213 2844230 214 0
1 11
13 1 906 755 0.9133244306972073 0.13396013868652687 0
24 110 0 111 383332 136 349577 162 553410 187 610720 213 877047 238 1254798 263 2099903 289 3000599 314 2326097 339 2036588 365 2491277 390 2025365 416 3111868 441 1829452 466 1808919 492 1478974 517 1335121 542 1360410 568 1258350 593 1249770 619 1103215 644 648088 645 0
0
14 1 1463 669 0.9272928250624376 0.03997816311720121 0
8 13 0 14 707031 37 881604 59 1885842 82 2191788 104 1889012 127 2631829 128 0
1 13
15 2 1164 555 0.9171737897606348 0.03631467910638768 0
29 36 0 37 2115813 62 1688807 87 1212257 111 975685 136 585667 161 699872 186 736925 211 916405 235 970943 260 605390 285 647056 310 1256548 335 1717063 359 2003470 384 1582932 409 1423083 434 1265774 459 1833343 484 901513 508 362415 533 250606 558 292276 583 390676 608 704656 632 659672 657 367031 682 323040 683 0
0
16 2 596 61 0.9150981891258988 0.11390704965956258 0
19 42 0 43 1939944 67 2372334 92 2598572 116 2025628 141 2456368 165 1945011 189 1495056 214 1423154 238 1468087 262 1377177 287 787882 311 430942 335 463235 360 502650 384 330379 409 281214 433 278195 434 0
1 15
17 2 914 135 0.9146914358079062 0.0178168670781803 0
20 228 0 229 597992 254 698671 278 820606 303 978676 328 847921 353 1248025 377 1664294 402 2197225 427 1550507 451 1441018 476 741554 501 368272 525 317388 550 463636 575 562346 600 631658 624 343221 649 517436 650 0
0
18 2 1411 513 0.9258887525071439 0.10572424854795597 0
18 115 0 116 1263809 141 1620628 167 1245534 192 1611163 218 1604759 243 927869 269 2475432 294 2457009 320 2514297 345 1774308 371 1379298 396 1408191 422 946788 447 1343809 473 953266 498 911174 499 0
1 17
19 1 1038 195 0.920885109359642 0.05464998236238124 0
14 162 0 163 284958 188 271240 214 426240 239 269972 264 430567 289 442452 315 626495 340 1534474 365 1648774 390 2242791 416 3173335 441 3609223 442 0
0
20 1 902 683 0.9280310849484681 0.031632874684961156 0
25 51 0 52 4111288 77 2785264 102 2507512 127 1717711 152 1598861 177 1321114 202 1602282 227 1784837 252 2050219 277 1787122 302 1612370 327 2260056 352 2094513 377 1269726 402 1281977 427 1015070 452 714687 477 538579 502 1288532 527 947606 552 459107 577 450438 602 421916 603 0
1 19
21 1 854 367 0.9141963502913976 0.13461788165169503 0
25 145 0 146 1396183 171 903653 196 1145877 220 2984420 245 2343964 270 2924686 295 2876041 320 2822556 345 2037177 369 1815015 394 900282 419 991714 444 1475550 469 1342963 493 1181819 518 987882 543 1002200 568 929458 593 1860965 618 2195370 642 2428893 667 3104054 692 1717042 693 0
0
22 2 985 704 0.9112511716942923 0.031643097472682756 0
15 239 0 240 710169 264 621076 288 528883 313 942612 337 781256 361 837630 385 921922 409 824535 433 1471276 457 1146564 482 1158636 506 1386639 530 1537057 531 0
1 21
23 1 946 377 0.9119281925198703 0.1133658793856423 0
24 174 0 175 4688687 200 2431891 225 3439934 250 2941563 275 3051439 300 2618334 324 3695951 349 2030142 374 1189039 399 756887 424 399037 449 288246 474 250622 499 268686 524 240695 549 105907 573 139270 598 109006 623 78564 648 62749 673 67255 698 90846 699 0
0
24 2 1397 146 0.9189223714332566 0.12420737971324548 0
24 160 0 161 1171281 186 1190094 211 1998496 236 1526225 261 1405863 286 1165105 311 1562578 336 1329793 361 1046106 386 821596 411 854167 437 668727 462 643314 487 554142 512 563751 537 685672 562 612257 587 438896 612 350996 637 245774 662 541879 687 499757 688 0
0
25 2 1487 573 0.9285876713017168 0.09058546300058912 0
22 120 0 121 1217454 146 1336523 170 1997316 195 2141892 219 1960124 244 2136757 268 2090474 293 1984183 317 1231205 342 1123454 366 992963 391 829251 415 1012775 440 1411357 464 1778450 489 2328548 513 1587249 538 1628985 562 1425123 587 1651075 588 0
0
26 2 1214 559 0.9174347165627779 0.09191729067329628 0
27 26 0 27 954164 52 857660 76 816791 101 983724 126 1012347 150 528770 175 816767 200 851382 224 831356 249 814716 274 1120597 298 1150773 323 1693244 348 1676407 372 1707247 397 2119757 422 1841104 446 1415585 471 1397077 496 1220531 520 818293 545 791704 570 724353 594 584671 619 587769 620 0
1 25
27 2 652 138 0.9269059604234037 0.07287881269366811 0
12 215 0 216 1586748 242 1090713 268 991047 294 1841899 320 2396455 347 2593732 373 2431295 399 2160918 425 1256575 451 1287846 452 0
0
28 2 931 19 0.9108593096515653 0.03680750949728417 0
29 6 0 7 723510 32 653694 58 526971 83 414548 108 406718 133 729343 159 698482 184 1106947 209 1326088 234 1953872 260 1527419 285 925176 310 689387 335 546312 361 731502 386 581407 411 875787 437 1140941 462 1375768 487 1495898 512 1836508 538 2117922 563 3027421 588 2789395 613 2615594 639 4266504 664 5815694 665 0
1 27
29 1 1330 486 0.9236140324179087 0.07058969388035964 0
13 299 0 300 1325051 325 1057511 349 1205236 373 1537025 398 1281644 423 2802607 447 3059146 471 2243887 496 1005388 521 1107160 545 1212307 546 0
2 27 28
30 1 1247 253 0.9163500182378825 0.044694868923051724 0
17 45 0 46 199653 71 372043 96 401382 121 525620 146 495702 171 723204 196 1153114 221 2167888 246 1834995 271 882879 296 1337606 321 1661106 346 1282128 371 1635693 396 1507480 397 0
0
31 2 1400 749 0.9215579886174966 0.014705201273099383 0
24 68 0 69 1044621 94 1101485 119 1253033 145 1086643 170 1087259 195 1052353 220 1241099 245 1362470 271 990746 296 1125663 321 661100 346 1378329 371 1645347 396 1659519 422 1957499 447 1917553 472 1606826 497 1833188 522 1477372 548 1862648 573 1638925 598 1609574 599 0
1 30
32 2 995 618 0.9238411297430059 0.002462156251860692 0
19 175 0 176 2013419 201 1530085 227 1036375 252 1387653 277 900875 303 831471 328 623471 354 667151 379 510615 404 523619 430 439921 455 474043 481 816726 506 1069722 531 965533 557 733126 582 1042999 583 0
0
33 2 970 700 0.9124316124932756 0.0325653962759084 0
13 316 0 317 658021 343 1192930 369 1962349 395 1185045 421 1275670 447 824347 473 906525 499 899663 525 1150790 551 1888399 577 2666159 578 0
1 32
34 1 1210 326 0.9274547034738334 0.13943487452249112 0
22 213 0 214 2429654 239 2778454 265 1977674 290 1689423 315 1280768 340 1715604 366 918169 391 1278187 416 1100129 441 715416 467 758676 492 671675 517 835953 542 1147188 568 1936320 593 1103942 618 781089 643 1055832 669 937473 694 781535 695 0
0
35 1 1031 429 0.9267357057254292 0.0955644577498621 0
15 90 0 91 767897 115 1105449 139 1170588 163 2636078 188 1579563 212 1456177 236 1377783 260 1259776 284 1898723 309 1224020 333 1666851 357 1598116 381 2483118 382 0
0
36 1 1462 573 0.9170346917055672 0.13596499397467748 0
15 209 0 210 1523921 236 2873835 262 2142274 288 2469430 314 1466027 340 727113 365 892385 391 1143779 417 1706499 443 1272502 469 1305342 495 1147638 521 576326 522 0
2 35 37
37 2 856 759 0.9225706033756975 0.1267171915811147 0
13 363 0 364 1066746 389 781793 414 1091534 438 557553 463 568798 488 691689 513 813720 538 1105129 562 3030543 587 3095312 612 2975568 613 0
0
38 2 1165 164 0.9108027447939366 0.07870660605177836 0
10 12 0 13 1968111 38 1427507 62 1796851 87 1370548 112 1315115 137 1197240 161 1470442 186 1238607 187 0
0
39 1 1040 120 0.9208230097209114 0.0561124554067971 0
28 27 0 28 109635 53 193742 78 268422 103 485280 128 661469 153 669832 178 528537 204 560245 229 548235 254 863302 279 907687 304 1001899 329 530943 354 621030 379 592209 404 916868 429 963182 454 1559021 479 1153059 505 1470650 530 1778664 555 2798852 580 3041187 605 1718209 630 2929238 655 4501914 656 0
1 38
40 1 1240 414 0.9224300978147795 0.1449218511594641 0
16 153 0 154 1310556 179 1312191 204 929364 229 862937 254 1066319 279 1573048 304 1774458 328 1869326 353 2011244 378 2147741 403 1898026 428 1154849 453 1541555 478 1415881 479 0
0
41 2 1064 93 0.9286065679873939 0.12265267819541763 0
19 250 0 251 2332786 276 2415173 302 2034478 327 2133935 352 1743305 378 1414405 403 1623361 428 1991295 453 2086960 479 1596780 504 1736221 529 2235555 555 1973571 580 2246312 605 2357203 631 1212591 656 696759 657 0
0
42 2 1090 168 0.9230773893592836 0.004469156859043905 0
29 36 0 37 748845 62 530551 87 528024 112 900535 137 885558 163 642060 188 898194 213 943801 238 818612 263 657898 288 737591 313 820283 338 1057683 363 1641346 389 1579666 414 2394129 439 1991254 464 1808635 489 2624125 514 3211111 539 2141353 564 1914837 590 943774 615 758401 640 1201120 665 1096862 690 1423293 691 0
1 41
43 1 936 120 0.9161307760975361 0.020650517563711463 0
7 450 0 451 1264164 477 830891 503 1012310 530 2371002 556 2835347 557 0
2 41 44
44 1 992 502 0.9108303776697653 0.11373486158116403 0
15 6 0 7 361119 31 415714 55 401156 80 557886 104 1215873 128 688203 153 522347 177 337097 201 400430 225 684520 249 940014 274 1924048 298 3261810 299 0
0
45 2 1178 749 0.921680311576003 0.09177712961554794 0
22 76 0 77 1155568 102 626587 127 625551 152 555705 177 1493111 202 1742413 227 1606570 252 1590130 277 896719 302 1341864 327 1398099 352 1064845 377 1114734 402 1376995 427 1288474 452 802494 477 974229 502 1884787 527 1910662 552 2279370 553 0
0
46 2 545 108 0.9297856026001993 0.14608200506588226 0
9 159 0 160 1205704 184 1051858 207 1406845 231 1789707 255 2225324 278 1944479 302 1355411 303 0
1 45
47 2 873 489 0.9124174938970138 0.05877780358470904 0
10 99 0 100 2329337 125 2985468 150 2714543 175 1284536 201 911717 226 876352 251 1284117 276 1434574 277 0
2 45 46
48 2 1027 756 0.9273286599290627 0.04254077309163768 0
9 128 0 129 2419031 154 1712766 179 1676105 204 1174035 229 805389 254 1101706 279 1458341 280 0
0
49 2 997 289 0.9138023336242153 0.07524632999954967 0
12 239 0 240 2951318 265 2109998 289 1518869 314 1090526 339 1184349 363 935255 388 1161421 413 1064812 437 1030665 462 526596 463 0
0
50 2 1101 416 0.9249755471387775 0.056493196304184166 0
24 86 0 87 2496977 112 2489122 138 2306901 163 1766909 188 1242032 214 927871 239 567447 264 840894 290 939677 315 1176115 340 1340646 366 1910269 391 3496014 416 1759033 442 1209968 467 1257421 492 1418366 518 3043623 543 3303722 568 1208203 594 1274779 619 1504122 620 0
1 49
51 1 1462 207 0.927436575472684 0.13289768137785768 0
29 25 0 26 1190640 51 656400 75 345990 99 228295 124 411984 149 397767 173 463391 197 721610 222 1229806 247 4546384 271 3768236 295 2651148 320 2704931 345 1465586 369 1546897 393 1335676 418 1045652 443 1115985 467 1123686 491 874729 516 1338586 541 786827 565 859724 589 1087383 614 845505 639 983925 663 851411 664 0
0
52 1 600 549 0.9253217565991069 0.08171569084674919 0
11 473 0 474 1818255 499 2248571 524 2108525 549 1941352 573 1010983 598 2454959 623 1495068 648 1584371 673 1539941 674 0
1 51
53 1 1293 643 0.9274549189792817 0.09392229343199335 0
29 9 0 10 47940 35 51603 60 88936 85 168850 110 243788 135 306083 160 826860 185 885148 210 793636 235 1122077 260 1418168 285 2204592 310 1791271 335 1139807 360 1625424 385 2306919 410 2982245 435 2957662 460 1256811 485 2012375 510 3082691 535 2521550 560 1299096 585 1622860 610 1434935 635 461871 660 615698 661 0
1 51
54 2 735 576 0.9245538543708995 0.015410361428693274 0
9 188 0 189 1126299 215 879092 241 1024061 267 938407 293 1198853 319 825000 345 1381093 346 0
0
55 2 1252 138 0.9261811462054258 0.06405178547532162 0
14 132 0 133 1405209 158 1945238 184 1424192 209 943512 234 1078462 260 647848 285 803302 311 1448651 336 1525992 361 1306248 387 2153627 412 1986716 413 0
1 54
56 1 634 87 0.9189804693026677 0.14863488871362945 0
17 127 0 128 3430246 152 3638967 177 2528459 201 1386592 225 910570 250 542680 274 491668 299 822989 323 609666 347 577095 372 498215 396 523044 420 351092 445 136241 469 266263 470 0
1 54
57 1 1184 78 0.91938127286301 0.06768542230936353 0
13 213 0 214 1741888 238 1241230 263 1004421 287 1592241 311 1624330 335 2554789 360 3140828 384 1477857 408 1338943 433 1300546 457 1890820 458 0
0
58 1 1424 708 0.9260382313857952 0.07700173285400441 0
16 159 0 160 1574302 185 2538010 210 2074266 235 2068024 260 1934144 285 1898610 310 833115 336 420917 361 794859 386 661184 411 541352 436 682588 461 549086 486 1056511 487 0
1 57
59 2 937 88 0.9121991327195168 0.1401128904508451 0
8 336 0 337 1521747 364 1409990 391 1181173 417 1206240 444 1176019 471 2256153 472 0
0
60 1 1385 223 0.9247969856294296 0.005157515881931051 0
16 128 0 129 1645726 155 2484616 181 3080081 206 2416212 232 1190614 258 1263868 284 742791 309 781533 335 1670183 361 2640189 387 2517126 412 1814989 438 952747 464 907896 465 0
1 59
61 2 593 609 0.9152360414533369 0.11152736538508444 0
8 388 0 389 1716127 414 1712299 439 1920338 463 1558022 488 1622815 513 1179764 514 0
0
62 1 1070 67 0.9257490412952825 0.06195362552319781 0
15 209 0 210 602866 234 587755 259 969571 283 1285005 307 1342154 331 1577843 355 1240751 380 1145118 404 1292871 428 868550 453 630979 477 806236 501 711246 502 0
1 61
63 1 798 696 0.9111703896301642 0.016608933462589064 0
23 155 0 156 1971053 181 1808815 206 1787721 231 1152441 256 1101181 281 1664934 307 1553531 332 1671213 357 1292039 382 1906574 407 2174875 432 1482770 457 1289243 482 934620 507 556008 533 540735 558 515801 583 492498 608 505387 633 596763 658 384526 659 0
0
64 2 1146 593 0.9230796888129013 0.034091767266763835 0
24 141 0 142 265302 167 234398 193 258069 218 220059 244 400434 269 419409 295 654420 320 810692 346 826831 371 920867 397 1156940 422 1136988 448 737838 473 1121394 499 1234125 524 974653 550 1747204 575 1687234 601 1897105 626 2402000 652 2692280 677 2312611 678 0
2 63 65
65 2 779 656 0.9213994324135159 0.08912884052653558 0
26 102 0 103 1139167 128 1337328 153 1676473 178 1602749 203 1653682 228 1320640 253 1251061 278 924006 303 1101802 328 1091072 353 916590 378 523881 402 715210 427 923553 452 1700280 477 1093451 502 1775197 527 3114155 552 3604627 577 3355761 602 2608955 627 1437387 652 1815260 677 1322671 678 0
0
66 2 682 50 0.9138489143690816 0.04330896531910355 0
14 313 0 314 883100 339 871453 364 1229931 388 1205849 413 1414993 438 2071223 463 1997198 488 1698838 513 2107115 537 1443118 562 1219385 587 991065 588 0
0
67 2 881 183 0.9200947589657908 0.07959117532871096 0
7 350 0 351 1526352 379 2593605 407 1943761 434 1275921 462 2173965 463 0
0
68 2 569 741 0.9120652677854261 0.005637668502193227 0
10 269 0 270 2003906 293 2146118 317 2123134 340 2264026 363 1242697 386 1162672 410 855800 433 1189071 434 0
1 67
69 1 1015 276 0.9188496408569394 0.0762790029175312 0
28 41 0 42 403490 67 679516 91 683134 116 727206 140 999590 165 1272474 190 1309490 214 1457716 239 1360556 263 1002762 288 1043235 313 1196031 337 785252 362 579794 386 612159 411 962698 436 1304395 460 781888 485 703816 509 1138731 534 1084490 559 1827106 583 1377491 608 1391617 632 1537672 657 2660885 658 0
1 67
70 1 906 731 0.9129136504286842 0.047909460296812194 0
16 82 0 83 2149584 107 1330118 131 964665 155 2249499 180 1859926 204 1270010 228 708684 252 742122 276 991561 300 1199867 325 746963 349 859777 373 413155 397 269700 398 0
2 68 69
71 2 1320 366 0.9272314940467143 0.10794479175722597 0
12 95 0 96 926363 121 834358 145 866494 170 1169128 195 1654629 219 1878015 244 2211271 269 1994171 293 1690782 318 1350064 319 0
0
72 1 1117 519 0.9149528423907942 0.07958623502412568 0
28 31 0 32 1730249 57 1873115 82 1764676 108 1974203 133 1854626 158 3092231 183 2787812 209 3615761 234 3590108 259 2176707 284 1667391 310 2417304 335 1810678 360 1189576 385 897580 411 659909 436 733223 461 873809 486 689019 512 876441 537 843890 562 721141 587 569520 613 358294 638 453533 663 337309 664 0
1 71
73 1 1078 57 0.9161244885211214 0.14182739359706648 0
21 49 0 50 835681 75 607723 100 622096 125 544335 150 603768 175 756641 200 994376 225 1650217 250 1143936 275 1055120 300 654454 325 1134708 350 1251591 375 992419 400 1170798 425 1599665 450 1599243 475 1538088 500 1288282 501 0
0
74 1 888 462 0.9296435560352223 0.08858845912071962 0
23 21 0 22 3887123 48 3648914 73 2509571 99 2019020 124 1217600 150 849696 175 447759 201 277097 226 201391 252 300025 277 239548 303 181810 329 143487 354 219779 380 142139 405 116502 431 166834 456 147074 482 171887 507 139479 533 76892 534 0
1 73
75 2 971 82 0.9166817737672476 0.11330809293837599 0
10 25 0 26 3270377 50 2157772 75 1957705 99 995844 123 1578230 147 1322502 172 1049647 196 1956198 197 0
0
76 1 1344 455 0.9268522314686618 0.13155877389662876 0
25 57 0 58 1192411 83 1330963 107 701744 131 922892 156 751055 181 843175 205 1528958 229 2131853 254 1989689 279 1514438 303 2989273 327 2528907 352 3966649 377 3262874 401 2619263 425 2497778 450 1386691 475 2361957 499 1252322 523 1270741 548 964524 573 985868 597 990047 598 0
1 75
77 1 1109 573 0.9278523812529719 0.011330855122969951 0
8 138 0 139 1602074 165 2166715 191 1881535 218 1745735 244 1971842 270 1993876 271 0
0
78 2 1289 73 0.9121477929965376 0.05470676884435003 0
14 134 0 135 716349 159 724706 184 624505 208 611531 232 580297 257 855452 281 1016029 306 1214394 330 1325917 354 1438065 379 2158955 403 3293325 404 0
1 77
79 2 1448 502 0.9263325626744545 0.02974525264191459 0
11 70 0 71 688563 97 1301533 123 1158834 148 1651132 174 1418551 200 1241864 225 812393 251 890185 277 1499478 278 0
2 77 78
80 2 1456 377 0.9232678873047613 0.10927594632685499 0
27 14 0 15 3310903 40 4063455 65 1519798 91 1521296 116 1795382 141 2358777 166 1344151 191 1307603 216 1219362 241 637902 267 723803 292 1032122 317 615600 342 374615 367 261003 393 227360 418 159441 443 184524 468 143506 493 148179 518 136766 543 69799 569 61975 594 40810 619 20138 620 0
0
81 2 1221 19 0.9294033841922632 0.024398399166124383 0
29 49 0 50 3496824 75 1707777 100 1267504 124 1409081 149 1104029 174 1282499 199 2900103 223 2407047 248 2664386 273 2074983 298 1406803 322 1977993 347 1525100 372 1170079 397 1259573 422 948541 446 716864 471 506059 496 817334 521 539536 545 500781 570 540960 595 369492 620 240093 644 220174 669 82146 694 97556 695 0
1 80
82 1 1257 237 0.9153145469211443 0.14960113498087102 0
24 130 0 131 122872 156 176763 181 225699 207 277815 232 395950 257 427612 282 317167 307 558365 333 974472 358 1605551 383 1811192 408 2506682 433 3032084 458 1835480 484 1858158 509 2190677 534 1243911 559 1068975 584 960734 610 590086 635 676423 660 491776 661 0
0
83 1 1333 682 0.9239653074694557 0.10105222985408316 0
14 331 0 332 666150 356 690066 381 1223140 405 1191727 429 786410 454 888569 478 1443402 503 1107410 527 1001177 551 783651 576 1194542 600 1350319 601 0
0
84 1 1364 46 0.9251190043796668 0.07480358173428392 0
22 158 0 159 228640 184 404132 208 523580 233 550388 258 579922 282 664187 307 378864 331 487413 356 355114 381 420574 405 292573 430 181264 455 365606 479 592805 504 1202993 528 1837268 553 2367078 578 2754436 602 3246132 627 4779180 628 0
1 83
85 1 1240 132 0.9248627237358896 0.07166744047410026 0
21 129 0 130 245169 155 399993 179 569030 203 356897 228 290935 253 428406 277 633908 301 498057 326 635518 351 1324590 375 1320380 399 1353871 424 1613081 449 2039952 473 1623066 497 1624692 522 1762554 547 1871229 571 2288433 572 0
0
86 2 849 652 0.9179051994375933 0.06714230081453104 0
22 190 0 191 287260 216 326082 242 385929 267 605949 292 405502 318 839828 343 667995 368 971199 394 1088314 419 1407855 444 1287245 469 1083423 495 1917446 520 2724325 545 3004105 571 3234967 596 1786157 621 1462675 647 1891310 672 1337794 673 0
1 85
87 1 1137 710 0.9116178046087958 0.002687514693634979 0
17 327 0 328 3738708 352 2409879 377 1675405 401 1462680 426 2200792 450 1975027 475 2672973 499 1644381 523 1498370 548 1255976 572 1063604 597 434007 621 302036 646 379970 670 314656 671 0
1 85
88 2 656 263 0.9147734104828664 0.04967226970770699 0
21 251 0 252 163112 277 157502 302 260410 327 280626 351 233407 376 217812 401 340900 426 633547 451 581386 475 657626 500 980835 525 1281416 550 1628835 575 1722186 600 1452253 625 1360010 649 1642840 674 1429355 699 1542601 700 0
2 85 86
89 1 1377 269 0.9267625891970428 0.07847751491421019 0
22 1 0 2 985472 27 730921 53 807681 78 1082803 104 964405 129 1342740 155 1241345 180 1234183 206 1257089 231 1813692 257 1523850 282 2033324 308 2794569 333 2407366 359 1884686 384 2520471 410 2264746 435 991032 461 984163 486 743578 487 0
0
90 2 1059 384 0.9277383091981118 0.0700208148488951 0
14 417 0 418 1426700 443 1679380 468 1406849 494 2472721 519 1970329 544 1657785 569 1409768 594 1363918 619 1727751 645 1957426 670 2521640 695 2447223 696 0
0
91 2 951 1 0.9137323047632347 0.001183798444927897 0
25 130 0 131 2304735 156 1636002 181 3876224 206 3372156 231 5467172 256 3264200 281 1739507 306 1808504 331 1225553 356 869248 381 980503 407 884113 432 555648 457 939127 482 926195 507 360899 532 534054 557 646805 582 866406 607 878247 632 593879 657 911673 682 778532 683 0
1 90
92 1 803 653 0.9269097707915002 0.05758498033112237 0
25 50 0 51 948046 76 653025 102 682542 127 732773 152 1197670 177 1887871 203 1339487 228 881651 253 630258 278 1270311 304 670268 329 988620 354 1200243 380 1717180 405 2047986 430 1522058 455 1633787 481 2499527 506 2649362 531 1817196 556 1320192 582 1265883 607 1785313 608 0
0
93 2 1469 439 0.9169137429042963 0.04562783889924155 0
31 0 0 1 2563260 26 1930358 50 1845121 75 2051705 100 1183162 124 865012 149 931990 174 844543 198 1471652 223 1040204 248 1000808 272 1645119 297 1584775 322 1694489 347 1508775 371 807752 396 751198 421 947919 445 1069061 470 936244 495 1084538 519 1307320 544 968440 569 920733 593 738922 618 998958 643 1279720 667 2047886 692 2922919 693 0
1 92
94 1 1466 581 0.9185502316581416 0.04121341705594023 0
10 459 0 460 2206383 485 2109101 509 1469997 534 1400388 558 1406515 583 1372343 607 1352839 632 1109616 633 0
2 92 93
95 1 969 131 0.9201397079807029 0.12265891114044017 0
11 375 0 376 1330852 402 1629740 428 1444359 454 1737335 480 1761457 506 1002506 532 732511 558 926337 584 743370 585 0
0
96 2 630 62 0.9160861355566308 0.01659750317301727 0
23 78 0 79 785706 105 963056 130 1562415 156 1994414 181 2128676 207 2040987 232 956338 258 359565 283 404655 309 357303 335 690856 360 1222881 386 1134222 411 1369490 437 1192880 462 1238204 488 1037822 513 1273558 539 1254085 564 1602464 590 3329128 591 0
1 95
97 2 762 43 0.9140753004949816 0.13247916748185773 0
27 25 0 26 1811571 51 1729143 76 1122535 100 1182446 125 1104480 150 1336881 175 1053602 200 895027 224 1216915 249 644087 274 469702 299 386447 323 559697 348 413547 373 571888 398 446641 423 699428 447 568460 472 458346 497 689270 522 1379086 547 1354582 571 2337754 596 3740667 621 3780903 622 0
1 96
98 1 1356 795 0.9217590446553403 0.06973884893749777 0
28 28 0 29 415149 53 582581 78 762964 102 677755 127 910354 151 1043724 176 823480 200 1105496 225 999172 249 859325 274 1044319 298 1750794 323 1860100 347 1839716 372 2565420 396 2173304 421 1091017 445 2535359 470 2811382 494 1418850 519 2349505 543 1891195 568 1700389 592 2089849 617 1512267 641 822126 642 0
0
99 1 1311 34 0.9129347554501674 0.12075189899562963 0
16 128 0 129 772791 155 503464 181 631797 207 808429 232 819545 258 1338377 284 1027781 310 1196585 336 1420575 362 2362397 387 1845740 413 1732816 439 2183928 465 1616502 466 0
1 98
100 1 954 560 0.9217414811346059 0.11757037817421076 0
9 108 0 109 1295516 133 1399261 157 1218448 181 1021718 206 836508 230 1061495 254 542513 255 0
0
101 1 1084 65 0.9198898736229223 0.054811968380090746 0
9 454 0 455 1096831 479 1303265 504 2372289 529 2116578 553 1295387 577 1669883 602 788463 603 0
1 100
102 2 756 691 0.9250711881209376 0.14841770094498113 0
7 573 0 574 1125269 599 1520295 624 2612404 649 1072144 674 1000267 675 0
1 100
103 1 1405 76 0.9299627447032607 0.0031853932028252816 0
28 51 0 52 666913 77 1443787 102 1856572 128 1882942 153 3982774 178 2925592 203 3599992 228 2584713 254 1883288 279 1259919 304 1150070 329 1204677 354 1203221 380 1483666 405 1050186 430 442469 455 365093 480 244178 506 312064 531 420471 556 477445 581 504317 606 428952 632 474428 657 784768 682 781932 683 0
0
104 2 1321 33 0.9180925692082611 0.12117882362786202 0
15 45 0 46 596102 70 525087 94 506027 118 629639 142 674206 166 1064969 191 1675425 215 1698527 239 2191295 263 3639877 287 4462521 311 1658834 335 1043620 336 0
0
105 2 1003 112 0.9211110750501053 0.007810537638000742 0
17 127 0 128 792775 154 1085467 179 1169599 205 2043892 231 1828532 257 1952973 282 2036276 308 1589691 334 2078407 359 1457285 385 1384185 411 981970 437 1078134 462 1007345 488 691557 489 0
1 104
106 1 1339 368 0.9160865370822437 0.06814859137139033 0
17 285 0 286 1533648 311 918564 337 723242 362 1022323 387 1153804 412 1100090 438 1341186 463 1506711 488 2148794 514 1992064 539 1882758 564 1913267 589 1579202 615 1952642 640 1604752 641 0
0
107 2 1281 156 0.9283224355102029 0.11367133580276935 0
23 41 0 42 595480 67 934096 92 1213015 117 1167042 141 817126 166 660094 191 795392 216 1140457 241 1322013 266 1240078 291 1226730 315 1126469 340 729539 365 1109960 390 1551376 415 1541942 440 1397255 464 1540588 489 1642623 514 2433765 539 3668233 540 0
1 106
108 2 603 62 0.9251583012423706 0.14866408345205032 0
13 420 0 421 2339668 445 1570247 470 1761414 495 1821334 519 1792729 543 1453257 568 1175463 593 1742633 617 1396710 641 732908 666 458484 667 0
0
109 2 811 372 0.9116252763554973 0.07309635146108612 0
10 1 0 2 1502771 26 773404 51 408846 75 720261 100 1157608 124 910492 149 1119883 173 2070046 174 0
3 108 110 111
110 1 1080 491 0.915496181213328 0.11011206509724722 0
29 15 0 16 502291 41 513363 66 583889 91 446703 116 670264 142 574579 167 584842 192 820033 217 1062852 242 2192704 267 2890892 292 2868594 317 2626589 343 1982844 368 1475724 393 1575021 418 1625498 443 3070805 468 2821815 493 3575604 518 2655834 543 2228192 569 2106263 594 2191507 619 1880701 644 2084353 669 1367878 670 0
0
111 2 748 747 0.9202664530364069 0.11414785546168563 0
25 15 0 16 4360410 41 2683633 66 1715999 90 1151569 115 834698 140 1387083 165 2022767 189 871388 214 1685819 239 2050271 264 2611007 289 2730802 313 1651458 338 1102716 363 1331771 388 1648660 412 1282429 437 1012304 462 981648 487 1434150 511 1712385 536 1342589 561 995548 562 0
1 110
112 1 1416 640 0.9158646445814066 0.03902140383504749 0
8 223 0 224 1199827 247 1211549 269 2424442 292 2061936 314 2627550 337 1760702 338 0
0
113 2 627 20 0.9101227597364984 0.020902675493514034 0
23 138 0 139 475794 165 573988 190 1173538 215 879661 241 1670469 267 1915969 292 1742793 317 1665297 343 1666792 369 1722492 394 1279785 419 876232 445 694380 471 976534 496 1810224 521 1537882 547 1132054 573 955275 598 1337813 623 1311317 649 2056899 650 0
1 112
114 2 1278 751 0.9125720259736712 0.014244559729079625 0
27 32 0 33 801357 58 436197 83 693024 109 889979 134 539966 159 433280 185 374551 210 295414 235 344554 260 354773 285 614633 311 1020304 336 1107390 361 854906 387 1686196 412 1153216 437 1330322 462 1307959 487 1889277 513 1318772 538 830399 563 827399 589 1433327 614 1128475 639 987080 640 0
2 112 113
115 1 1244 381 0.9153597845714082 0.08498862337339112 0
22 173 0 174 335040 198 570813 223 570709 247 999969 271 2174350 296 2276474 320 2339767 345 2846906 369 2176918 393 1830526 418 1556286 442 2500471 466 2455808 491 1294370 515 1694851 540 1583641 564 1858213 588 1644818 613 1967298 637 3518825 638 0
0
116 2 720 545 0.9186185308442175 0.05986148031796649 0
9 252 0 253 1999805 277 2285933 301 1394887 325 1959239 349 1879399 373 1332855 397 1682320 398 0
1 115
117 2 990 258 0.9115460107237896 0.13069654167978872 0
25 115 0 116 718814 141 689405 166 1353069 192 1168840 217 1068445 242 976310 267 1322998 292 752230 317 1603894 343 2122605 368 2012811 393 1340141 418 1924207 443 2232572 469 1355093 494 2298136 519 2264452 544 2445455 569 2369268 594 2809285 620 3169870 645 2383675 670 2119630 671 0
2 115 116
118 1 1240 82 0.9103543282116239 0.05379709658453589 0
8 264 0 265 1512480 288 1402465 310 1301006 333 1657980 355 2294155 378 1914790 379 0
0
119 2 901 781 0.9136320836592784 0.001875117388721903 0
17 92 0 93 974585 118 738313 143 739937 168 1212928 193 1536717 218 2683104 243 1766257 268 1363480 293 947653 318 1242461 343 1185233 368 1616534 393 2888439 418 3473849 443 3632006 444 0
0
120 2 1088 80 0.9246560677459995 0.02358764144544311 0
26 38 0 39 5174355 64 2864468 88 2595993 113 1267925 138 1937218 163 1943033 187 2421370 212 1889109 237 620405 262 557276 286 477732 311 244129 336 184069 361 113062 385 49743 410 36867 435 45005 460 39769 484 43436 509 47870 534 50061 559 33768 583 55729 608 45180 609 0
0
121 1 1096 626 0.9211673744059322 0.07311988059663042 0
20 19 0 20 802271 45 835311 70 574563 94 683964 119 1001228 144 1395326 169 1914839 194 1712626 219 1313574 243 794293 268 961161 293 872662 318 991168 343 1429483 368 2044662 392 3650958 417 2590037 442 3117398 443 0
1 120
122 2 1302 511 0.9267967630614009 0.034595469096859524 0
9 239 0 240 2368183 267 1512843 293 815161 320 1330581 347 1792214 373 1822042 400 1169761 401 0
2 120 121
123 1 1347 474 0.9240457447678929 0.03695861600252204 0
30 11 0 12 1888771 37 1607623 62 1466006 87 1240885 113 1180910 138 1612204 163 1950348 188 1826544 213 1480773 238 1531786 263 1106511 289 1048746 314 659349 339 724464 364 718253 389 397182 414 496248 440 395251 465 648817 490 737625 515 719558 540 522895 565 626751 590 899009 616 732740 641 1305636 666 1883221 691 1155316 692 0
0
124 2 856 228 0.9283939324000973 0.12278166410023919 0
10 381 0 382 926739 405 1054536 429 1943135 452 1588295 475 1362052 498 960859 522 702558 545 715784 546 0
1 123
125 2 1247 803 0.9277117291866844 0.12526925034931713 0
12 412 0 413 2029512 439 1970790 465 1578334 491 1154166 517 1116739 542 426154 568 594757 594 910001 620 893039 646 791273 647 0
0
126 1 1184 292 0.9246062010392619 0.0147047994929288 0
14 6 0 7 537424 33 569353 59 534272 85 761711 111 891982 137 839091 162 1358076 188 2160520 214 1640490 240 720084 266 737942 292 837219 293 0
1 125
127 2 656 694 0.9171626759467565 0.11918880565162071 0
9 278 0 279 831756 305 817567 330 1212012 355 1320565 381 1191944 407 1578742 432 1379496 433 0
0
128 2 1423 20 0.9250307097380815 0.13947959037326527 0
24 29 0 30 1055717 54 1020018 79 1160394 103 1379146 128 1449239 152 2484941 176 2553133 201 2998551 225 2759535 249 1337022 274 1064769 298 1317734 323 841286 347 1082034 371 1092762 396 1529091 420 1634534 444 1323201 469 993619 493 784578 518 665858 542 723576 543 0
1 127
129 1 975 313 0.9142844862503665 0.12777150028896977 0
23 188 0 189 718994 214 536362 239 705034 264 934120 289 779953 314 1251555 339 1347382 364 1728072 389 2622655 414 1628715 439 1803768 465 1384655 490 1498128 515 1032521 540 1017492 565 678659 590 738866 615 1956973 640 2671925 665 1990360 690 1639304 691 0
1 128
130 1 573 468 0.918068251265141 0.052313035620947246 0
28 12 0 13 1165304 38 771602 63 633385 89 489717 114 794369 139 858082 164 950111 190 1310333 215 1155511 240 1998622 265 1656375 291 1274303 316 1324804 341 1939481 366 1276823 392 1687103 417 2647724 442 3038429 467 4675050 493 3695652 518 2563032 543 3004636 568 1999918 594 1400115 619 1232146 644 1208422 645 0
0
131 2 1482 774 0.9187859917735314 0.09022516247825736 0
10 289 0 290 892036 317 656947 343 1317269 370 1173524 396 1158180 423 1978260 449 2559531 476 1256745 477 0
1 130
132 1 1022 110 0.9206654480474153 0.07180811512128392 0
14 110 0 111 1071032 137 937292 162 1515972 188 953765 214 730591 240 897137 265 1438666 291 2760577 317 1969354 343 1453740 368 1315341 394 1342114 395 0
1 131
133 1 507 458 0.9283870978088997 0.013967959654288375 0
19 142 0 143 230752 168 421740 193 288921 218 281237 243 297206 268 484875 293 305285 318 346928 343 465521 369 638320 394 985293 419 904274 444 991866 469 1768106 494 1936685 519 2270189 544 1670495 545 0
0
134 1 907 206 0.9128430990591169 0.07770559286344533 0
18 37 0 38 234534 63 412219 88 764447 113 1225264 138 999450 163 1590177 188 940977 213 1124621 238 1539648 263 1249867 288 1862825 313 1991477 338 2500092 363 1451413 388 1177571 413 1859382 414 0
0
135 2 1165 164 0.9184427899537999 0.049223434287754005 0
26 93 0 94 258823 119 213605 144 317866 169 297412 193 250730 218 354019 243 722590 268 1730840 293 1587750 318 1047107 343 1118143 368 713522 392 612962 417 384728 442 563667 467 1354884 492 2706611 517 2217932 542 1458442 567 1328219 591 977173 616 744110 641 762842 666 627971 667 0
1 134
136 1 1135 749 0.9268361956014283 0.07199789846662306 0
23 15 0 16 1268783 41 1771028 65 1570621 89 1356954 114 2004578 139 1583220 163 1400753 187 1478078 212 1271903 237 1306138 261 1312292 285 681015 310 774096 335 1189259 359 938613 383 827489 408 345826 433 283189 457 406796 481 538430 506 541510 507 0
0
137 2 1230 176 0.9100291365078964 0.06959536576385823 0
29 27 0 28 1088963 53 923827 78 782808 104 984026 129 761908 154 867622 179 952124 204 855431 230 1210864 255 1543854 280 1371207 305 1807011 330 1778547 355 1348264 381 1823458 406 1594358 431 1841146 456 2048980 481 3267594 507 2722779 532 2073936 557 1894260 582 2407978 607 1956675 633 1262642 658 1459160 683 744140 684 0
1 136
138 2 1251 663 0.9229333402546275 0.1398358033166468 0
8 445 0 446 852631 470 1241780 494 1088119 519 1528167 543 2043580 567 1934202 568 0
2 136 137
139 2 870 161 0.919692143866563 0.025875647998703958 0
31 3 0 4 1212340 29 1090995 53 2070661 78 2400221 102 1910379 127 1376195 152 1334023 176 1432638 201 1251646 225 855721 250 768606 275 1150077 299 1960326 324 1859830 349 2048665 373 1678890 398 1710145 422 1599865 447 1085373 472 1258816 496 1220338 521 621008 545 540486 570 654197 595 1068654 619 1445491 644 849546 668 789705 693 711527 694 0
0
140 1 891 757 0.9230407821635557 0.03571112348564754 0
18 219 0 220 771709 244 573522 268 578141 292 614356 317 1000688 341 1128460 365 1223540 389 1188255 413 1450125 437 2108837 461 2321543 485 2652053 510 3028191 534 2466408 558 2282184 582 2353647 583 0
1 139
141 2 1436 538 0.9145990298259851 0.10193774066704751 0
26 32 0 33 1015740 58 1198069 83 1013768 108 1404191 134 1015186 159 878786 184 715286 209 1563490 234 939582 259 1463908 284 1138107 309 1595174 335 1564794 360 1032523 385 872467 410 674469 435 722864 460 1033991 485 1080826 510 2285112 536 1808721 561 1839562 586 2552733 611 2596734 612 0
0
142 1 1055 393 0.9126507025184095 0.11811337542119915 0
11 147 0 148 1024872 174 899354 200 1293445 226 1742469 253 1613086 279 1844113 305 2055097 331 2432783 357 2335278 358 0
2 141 143
143 2 1475 245 0.9196304474611746 0.10518033058851334 0
11 16 0 17 1499045 43 1622309 69 1311800 94 1370760 120 1437239 146 1461534 171 1633562 197 3059466 223 2199343 224 0
0
144 2 1033 304 0.9154460037851687 0.04737469167158503 0
13 196 0 197 310892 221 336263 245 422414 269 597977 293 638220 317 823594 342 1486929 366 2134900 390 1724634 414 2435380 438 2912155 439 0
0
145 2 645 568 0.9125658275164327 0.1472966197266112 0
18 165 0 166 2538254 191 2168663 216 2021514 241 2245755 265 2347097 290 1905154 315 1892752 340 2174805 365 1354971 390 1176487 415 1191915 440 444552 464 853800 489 1256432 514 1154713 539 1170339 540 0
1 144
146 1 767 783 0.9281565771051896 0.03838741027951128 0
12 77 0 78 2244915 102 1886241 127 2319805 151 3095102 176 2493144 200 1182057 225 1053698 249 1104834 274 936416 298 663898 299 0
1 145
147 2 789 257 0.9294106200174679 0.13706817281994324 0
20 157 0 158 275296 183 270718 208 285369 233 212711 258 312018 284 677795 309 878874 334 1350026 359 747995 384 991502 409 1408691 434 1737534 459 1563379 485 1574731 510 1875382 535 2910941 560 1929250 585 2409540 586 0
0
148 2 1418 47 0.9261073620837843 0.04948121441083182 0
30 0 0 1 637953 26 426803 52 326890 77 401722 102 360632 127 318415 153 277849 178 287496 203 361018 228 637623 254 944218 279 505286 304 943360 329 1107826 355 1012334 380 1918261 405 2036807 430 2123730 456 1545267 481 2119641 506 1707622 531 834427 557 853815 582 711760 607 636107 632 669872 658 713023 683 893684 684 0
1 147
149 1 986 425 0.9124275128030352 0.10103986735789453 0
27 65 0 66 1302355 91 1089330 117 1218010 142 1051717 167 1018018 193 780014 218 703985 244 561098 269 549199 294 685259 320 802233 345 975708 371 537012 396 479106 421 404451 447 288549 472 324479 497 694273 523 981981 548 917668 573 1349458 599 1092687 624 2957098 650 3186224 675 2142014 676 0
2 147 150
150 2 517 775 0.9221672893857639 0.03322687078363669 0
26 28 0 29 326728 54 652007 80 1130633 105 1046954 130 855269 156 1143827 181 1533210 206 2096833 231 1222058 257 1204452 282 943356 307 1289778 333 2286461 358 1970235 383 1717182 409 1861885 434 1852262 459 1320299 484 1611291 510 1948289 535 1882152 560 1137297 586 1292394 611 1491072 612 0
0
151 1 1270 143 0.9129798081793468 0.017569328612229533 0
19 268 0 269 1839836 294 1479315 319 1923891 344 1750802 369 1303848 394 1099681 419 721744 444 659075 469 600916 493 633610 518 1125090 543 1025538 568 1574905 593 904326 618 968947 643 1479125 668 1534393 669 0
0
152 2 1442 618 0.9209006974748803 0.05445429871271622 0
18 283 0 284 668858 308 799078 333 725831 357 881903 382 1524512 406 1221197 430 1024219 455 705574 479 842098 504 667737 528 1261884 552 1244680 577 1885416 601 1339479 626 1367436 650 1251403 651 0
0
153 2 892 465 0.9261204340595034 0.1469020743135305 0
14 71 0 72 1384870 96 2081717 121 1713256 145 1112958 169 530961 194 590813 218 628731 243 630535 267 827456 291 847002 316 759100 340 844940 341 0
0
154 1 1254 585 0.9242838380784777 0.03516116210036844 0
10 78 0 79 281413 103 417951 127 785104 151 1832617 176 1760418 200 1494642 224 1348991 248 2572915 249 0
0
155 1 777 367 0.9252221284180386 0.023678254224280236 0
16 331 0 332 420626 358 315999 383 390783 409 544273 434 803358 460 1654362 485 2352859 511 1890871 536 1794437 562 1829730 587 1793914 613 2185218 638 1660749 664 1643302 665 0
2 154 156
156 2 1013 349 0.9151196895848972 0.0074701397243269185 0
21 75 0 76 2835098 100 3162781 125 2398721 149 1991370 174 2243443 198 1639899 223 945768 247 1199925 272 973573 296 693334 320 403920 345 404387 369 454698 394 468178 418 534921 443 452916 467 611573 492 1570927 516 1696088 517 0
0
157 2 1414 735 0.9177257529415862 0.07879577120842116 0
30 2 0 3 601254 28 632790 53 721895 78 1620386 103 1529552 127 703974 152 945397 177 776506 202 976430 227 394729 252 351704 277 237831 302 229733 327 352574 351 478708 376 878706 401 932215 426 1541124 451 1658456 476 1966892 501 1054283 526 1517536 551 1473995 575 1507601 600 978094 625 849434 650 1049865 675 763801 676 0
0
158 1 1301 226 0.9239132311974507 0.007123877803367245 0
24 115 0 116 1278595 141 1214795 165 1436980 190 1784976 214 2372288 239 1690686 263 1447196 288 2416410 312 2111102 337 1383965 361 882150 386 496158 410 447024 435 548911 459 859374 484 816317 508 699136 533 1042849 557 1046904 582 813678 606 735791 631 544540 632 0
1 157
159 2 768 669 0.921380725093534 0.011341329062113248 0
23 179 0 180 3110714 206 2919695 231 2016313 257 1803096 282 2385137 308 1381986 333 1501465 359 778296 384 862782 410 966821 435 748666 461 1050146 487 1121971 512 1366229 538 1191820 563 806991 589 570105 614 414250 640 284018 665 262394 691 197374 692 0
0
160 1 1063 274 0.9189694405087854 0.10170067974150533 0
8 304 0 305 1726186 330 2702357 355 2084096 381 1026167 406 1300895 431 1893513 432 0
0
161 2 801 638 0.9230571018101282 0.07127706686220599 0
17 170 0 171 1466401 196 1754508 222 1433941 247 1360018 272 1106818 297 2068857 323 939203 348 1173819 373 1232911 399 2594713 424 3210031 449 2776889 474 1760632 500 2322037 525 1550851 526 0
2 160 162
162 2 1233 551 0.9291586234633649 0.1211535779391205 0
27 60 0 61 3002054 86 2357815 111 1994701 135 1747078 160 1395272 185 1808092 210 2179273 235 1857727 259 1500056 284 1207051 309 989139 334 642042 359 518039 383 475309 408 430524 433 552221 458 1006394 482 777492 507 720519 532 751645 557 603037 582 293821 606 488725 631 586244 656 435487 657 0
0
163 2 925 272 0.9290146493479887 0.1187452460813829 0
21 150 0 151 662392 177 575530 202 695784 228 336277 253 476917 279 766570 305 1494964 330 2345052 356 2513580 381 1916459 407 2913417 433 1514605 458 1916888 484 2338808 510 1680321 535 1009493 561 608866 586 434386 612 260685 613 0
0
164 1 614 665 0.916733722276265 0.11621636701530544 0
18 29 0 30 2411545 55 1795064 80 1588187 105 1491126 130 927690 155 978454 180 1242418 205 1723701 230 1516198 255 1482255 280 1539944 305 1118111 330 1003398 355 1120695 380 600538 405 606825 406 0
0
165 2 946 278 0.9238141440198435 0.04454320492377029 0
31 1 0 2 423238 27 355761 52 758758 77 885319 102 1335898 127 1011736 152 1340160 177 1829085 201 2324678 226 2496779 251 1670306 276 1012111 301 712203 326 992272 351 1610449 376 1393470 401 1062622 426 1455493 451 1453363 476 1586943 501 1577833 525 1893304 550 2221355 575 1535803 600 1831030 625 2059480 650 2122100 675 2405705 700 2559371 701 0
0
166 2 750 86 0.9293420006026323 0.012721905304603954 0
23 177 0 178 2455445 203 1810589 228 1742628 253 2563544 278 1451238 303 1107160 328 867718 353 970320 378 1209529 403 786819 427 1178127 452 642066 477 1173838 502 760377 527 581792 552 299997 577 299217 602 195428 627 357683 652 444971 677 256819 678 0
2 165 167
167 1 527 519 0.921779838938827 0.11476302796673565 0
19 5 0 6 1211179 30 1537706 55 1212662 79 1714012 104 1325211 128 1806794 153 945250 177 821027 201 728361 226 952759 250 919691 275 673350 299 649077 324 459407 348 413956 373 532310 397 523634 398 0
0
168 2 1226 436 0.9271197301733568 0.13373681029301185 0
8 183 0 184 1608603 208 1374451 231 1053308 255 783477 278 773086 302 1206162 303 0
1 167
169 2 1012 639 0.9166237048041642 0.058632891087519706 0
20 198 0 199 1765476 223 1106186 248 1025000 272 983984 297 796833 321 710896 346 696714 370 885470 395 571830 419 730431 444 475785 468 481032 493 1106489 517 1521471 542 1749988 566 2134903 591 2948929 615 1784135 616 0
0
170 2 942 368 0.9142938709729177 0.13500700117018177 0
11 366 0 367 501683 390 451572 414 693147 437 728134 461 1333392 484 2020332 507 2471220 531 2009019 554 2605463 555 0
1 169
171 2 969 657 0.9138869394602191 0.1263787122897126 0
27 10 0 11 2255786 36 2156088 62 1034018 87 1036558 113 2172302 138 2242104 163 1910088 189 2933617 214 2164553 240 2303868 265 2002508 291 2354543 316 1646045 341 2075375 367 1506420 392 1119757 418 830589 443 746906 469 2299336 494 1816080 519 1558380 545 1298412 570 2304217 596 1899577 621 1539748 622 0
0
172 1 1342 139 0.9157756224720072 0.060309032914875736 0
29 32 0 33 407893 58 363702 83 295475 108 211841 133 258502 158 225077 183 342305 208 637941 233 443758 258 478545 283 582899 308 523749 333 874100 359 1225618 384 1376412 409 1419831 434 3849965 459 2030126 484 3727562 509 2763608 534 2796441 559 2912274 584 2597468 609 2863853 634 3678203 659 2475564 684 1511760 685 0
1 171
173 2 1466 7 0.9255715656480336 0.06347787312081683 0
30 13 0 14 205719 39 181538 64 112612 88 164288 113 291991 138 599304 163 711159 188 850317 213 1080726 237 839313 262 1289231 287 1988227 312 3289963 337 2872153 361 3174080 386 2286882 411 2376523 436 1927299 461 1153737 485 1054359 510 793428 535 516127 560 295472 585 276808 610 254939 634 399563 659 477139 684 617906 685 0
2 171 172
174 1 1071 712 0.9209469165474016 0.04450770071767804 0
30 17 0 18 2118365 43 2679033 67 2113620 92 2451592 117 2189069 141 3017023 166 2788988 190 1670645 215 1231184 240 1845130 264 1617370 289 1463047 314 622629 338 771550 363 633686 387 488254 412 659889 437 763935 461 752982 486 499866 511 301283 535 269757 560 512422 584 786383 609 1515508 634 814556 658 1425312 683 1848389 684 0
2 171 172
175 2 1489 804 0.9149193194260434 0.09306160789298239 0
17 355 0 356 931127 380 769342 405 593547 429 692198 453 824448 477 788191 502 992263 526 1446166 550 1937806 575 2787676 599 2579469 623 1825819 647 1775118 672 1162587 696 1042363 697 0
0
176 1 798 80 0.9206100122127314 0.14936711289379406 0
12 154 0 155 386675 180 523599 205 488632 230 980925 255 977743 281 1600845 306 2536930 331 2566948 356 1964833 381 2398528 382 0
1 175
177 1 710 279 0.911649948158037 0.11950652248993275 0
19 237 0 238 951805 264 835759 289 809200 315 1014624 341 1171102 366 1617109 392 1829358 417 1733158 443 1234042 469 1041438 494 783846 520 870083 545 1462571 571 940084 597 913331 622 1109847 648 1225357 649 0
0
178 2 504 609 0.919652417907016 0.044423084303376534 0
12 53 0 54 1053897 80 1350511 105 1461390 131 1330623 157 1370508 182 982003 208 817214 234 648673 259 307461 285 348852 286 0
0
179 1 583 275 0.9160509172739452 0.13937199877232764 0
8 322 0 323 1542283 346 1286309 369 952880 393 926102 416 1402824 439 1762798 440 0
1 178
180 1 1442 737 0.9131567513548059 0.0026177594815389336 0
16 126 0 127 872573 153 2013459 179 1592148 204 1024570 230 905682 256 1157827 282 666982 307 1045352 333 704712 359 940754 385 1048528 410 1128092 436 931162 462 846612 463 0
1 178
181 2 1063 697 0.9193923784445904 0.12812637920691014 0
10 500 0 501 1136736 524 1870007 547 3114608 570 2656569 594 2143449 617 1237921 640 1032970 663 854547 664 0
1 178
182 2 915 682 0.9186602119439724 0.04123862182578559 0
30 11 0 12 1635437 37 1249689 61 1597143 86 1681420 110 1422361 135 826427 160 1331241 184 1961536 209 1437873 233 1004639 258 869824 283 793883 307 988370 332 1363073 356 1579162 381 1964054 405 2951844 430 1957757 455 1071286 479 1119077 504 921086 528 1041543 553 830750 578 566178 602 721247 627 730584 651 973309 676 667834 677 0
0
183 1 1326 670 0.9277491653263283 0.1297148666797534 0
15 172 0 173 1307177 198 1028417 223 1406650 249 994523 274 1059217 299 892539 324 1367721 349 970547 374 923674 399 1407208 425 1783917 450 1454839 475 1064247 476 0
2 182 184
184 2 982 246 0.9148003420990992 0.13146004130667208 0
13 176 0 177 584734 202 1009338 227 822787 253 916630 278 1796766 303 1619929 328 1965039 353 3265617 379 2464987 404 2691113 429 2017982 430 0
0
185 1 796 238 0.9248700428993883 0.12874089735630126 0
19 212 0 213 727820 238 1063675 263 1301961 287 1934706 312 1512694 337 1470904 361 1123951 386 1127601 411 886513 436 1501952 461 1959075 485 1836596 510 1796261 535 2297954 559 3230059 584 3643317 609 1771707 610 0
0
186 2 584 783 0.9236283516146507 0.09130189963501008 0
14 266 0 267 2206881 292 1689746 318 1756833 343 1641171 368 1695278 393 1666576 419 943592 444 929091 469 847659 494 863202 520 798379 545 681029 546 0
1 185
187 1 1222 277 0.9133632772992968 0.14079298110280603 0
26 76 0 77 1443985 102 757861 126 515909 151 491082 175 834082 200 1245855 224 1711220 249 2963693 274 3255204 298 1586203 323 1916451 347 1313249 372 1399599 396 1260852 421 1609278 445 1447758 470 1158157 495 621070 519 288869 544 401279 568 237458 593 251205 617 258091 642 289017 643 0
1 185
188 1 700 313 0.9114940769365287 0.11323361675374938 0
9 251 0 252 1665929 277 1740634 303 2096817 329 1478952 354 1236360 379 1440141 405 2640122 406 0
0
189 2 1233 767 0.9138107432302789 0.05430841197454268 0
18 161 0 162 1209985 188 840757 213 761630 239 767424 264 1359785 290 1339236 315 821201 341 876657 366 939114 392 1044864 417 750000 443 1063301 468 1346380 494 845041 519 1479360 545 1654193 546 0
1 188
190 1 603 648 0.9101300203352146 0.027006975523602643 0
23 69 0 70 1001622 95 1365308 120 2509626 145 1776533 170 2050722 195 1176319 220 764949 245 741354 270 837357 295 325028 320 356456 345 441458 370 467768 395 444215 420 716770 445 630237 470 425822 495 378739 520 379677 545 612547 570 998500 571 0
0
191 1 1085 346 0.9139393796297584 0.09843331475381678 0
16 109 0 110 1187235 135 698234 159 1119099 184 1383670 209 1914697 233 1783234 258 2533356 283 2113264 308 2291129 332 1761669 357 2002345 382 1904352 406 1251851 431 1501279 432 0
0
192 2 1340 174 0.9235175460461004 0.017522927280661505 0
9 217 0 218 2267415 244 1459848 270 2111543 297 1613915 323 1662119 349 1406805 375 1511392 376 0
0
193 1 1368 238 0.9135761052583422 0.10555217904524393 0
7 82 0 83 651831 109 978217 135 1441834 160 1390156 186 1437478 187 0
1 192
194 1 1116 759 0.9280864726438635 0.004481025143641948 0
9 4 0 5 874837 31 1272766 57 1173789 83 2092299 109 1256900 135 933192 161 521573 162 0
0
195 2 1361 220 0.9205809073939624 0.0012001888486178447 0
30 18 0 19 3135477 44 2422632 69 2591642 94 1584050 119 1612874 145 1085132 170 808701 195 657709 220 604827 245 611104 270 639882 295 583086 320 503180 345 289642 371 226637 396 190960 421 189118 446 213185 471 213645 496 138905 521 135165 546 103585 571 59509 597 73499 622 70239 647 67502 672 65125 697 87755 698 0
0
196 1 1224 523 0.9238757970225283 0.07595267441415987 0
7 243 0 244 1051768 270 1054922 296 1174023 322 1838669 348 1233982 349 0
0
197 1 663 531 0.9116374917474656 0.056695373217571114 0
31 1 0 2 3477574 27 5052111 51 2847494 76 3940095 100 2695455 125 2413714 149 1796303 174 1741680 199 1208978 223 1102765 248 1067342 272 999884 297 575779 321 715373 346 1087632 371 487777 395 919152 420 596747 444 504683 469 437285 493 479091 518 541271 543 782740 567 853463 592 659945 616 242085 641 227898 665 514672 690 407347 691 0
2 196 198
198 1 1280 803 0.9263425419653042 0.08358712922914012 0
8 480 0 481 1747103 506 2070010 530 1586630 555 1809291 579 1028937 604 328681 605 0
0
199 1 508 437 0.9253408854073857 0.08353091338368425 0
14 57 0 58 2265227 82 2217001 106 1993481 131 1880197 155 1616192 179 1364627 203 1711443 227 1481361 251 2187842 276 2274376 300 2159513 324 1696397 325 0
1 197
200 2 1432 714 0.9210663868712328 0.012442762194135398 0
22 123 0 124 4863665 149 1898167 175 2035273 200 2397499 226 1945294 251 1066692 277 1524561 302 1116478 327 933422 353 1738064 378 926340 404 835774 429 1707376 454 855560 480 574614 505 300375 531 277322 556 183576 582 387615 607 724267 608 0
0
201 1 1047 136 0.9106625970683395 0.1346842432036315 0
15 234 0 235 1802970 260 993233 285 917775 311 670338 336 831160 361 484403 387 372025 412 509679 437 530060 462 856776 487 1216772 513 1663241 538 1161544 539 0
1 200
202 2 1084 499 0.9193777140277168 0.030862075322722518 0
8 354 0 355 1544227 380 1022510 405 1365942 431 1191527 456 1761209 481 1750681 482 0
0
203 2 1270 585 0.9214881617510177 0.05332722877355635 0
11 389 0 390 2110891 415 1092292 440 1048755 465 754618 489 1145322 514 1985115 539 2224006 564 2632279 589 1421638 590 0
2 202 205
204 1 659 345 0.9120636616420944 0.03501067163944172 0
12 192 0 193 1955462 218 2474780 242 2741572 267 2645224 292 2468486 316 2051153 341 1531052 366 920408 390 748748 415 342427 416 0
1 202
205 1 1485 764 0.9260138766154157 0.014685443014450355 0
19 232 0 233 1405558 258 1648905 282 1531898 307 2436778 331 3226713 356 3112856 381 2535881 405 2380195 430 2332312 455 1977114 479 1631186 504 1283727 529 938234 553 963698 578 850352 602 941280 627 1043845 628 0
0
206 2 1443 630 0.9265150554302934 0.025323467454649865 0
10 189 0 190 832731 214 1139268 237 1468348 261 1683533 285 1221259 309 1769319 332 1938430 356 2047820 357 0
0
207 1 1149 148 0.9243847515689829 0.09911997202496424 0
26 58 0 59 1377608 84 1490167 108 1671768 133 1132826 157 1501334 182 1769483 207 1306723 231 965805 256 1370430 280 1571809 305 945058 330 808237 354 1085490 379 935354 404 685558 428 578532 453 342323 477 446591 502 421983 527 528282 551 335570 576 560779 600 526375 625 664883 626 0
1 206
208 2 1026 656 0.9102519050757851 0.12066838634620886 0
10 364 0 365 1994904 389 1367997 413 949849 437 1617288 462 1641783 486 1317428 510 1422726 534 2078599 535 0
0
209 2 723 32 0.9120878084328072 0.057782419446938973 0
9 99 0 100 2361651 126 1654256 152 1620019 179 877947 205 381046 231 672805 257 436664 258 0
1 208
210 1 1263 761 0.9196724243325588 0.14322887809620286 0
23 105 0 106 1936422 131 1277345 156 679456 181 584910 206 727308 231 839090 256 1222507 281 1011536 306 1090617 331 1181895 356 1577958 381 2120528 406 1592146 431 1160274 456 861166 481 973858 506 1387339 531 1018190 556 1045326 581 779362 606 474836 607 0
0
211 1 541 786 0.9201079021767921 0.12360418972328219 0
19 13 0 14 527406 39 767331 64 516849 89 563394 114 865427 139 1574331 164 1360390 189 2183894 215 2739689 240 2256040 265 1953843 290 1941743 315 2089080 340 2076101 365 1107279 390 656568 415 629527 416 0
1 210
212 1 661 282 0.9253191611857874 0.06785470867307032 0
15 378 0 379 2685726 404 3293871 428 3065790 453 1904602 478 1813980 502 1338527 527 755162 552 713966 576 597387 601 381023 626 596843 650 578284 675 439044 676 0
0
213 1 869 267 0.9110905794937644 0.14622504656084423 0
12 253 0 254 1534892 279 2878226 303 1428789 328 1009571 352 1434164 377 1446824 401 894264 426 1062419 450 1424360 475 1196056 476 0
0
214 2 793 59 0.9222956972976988 0.0474633807878393 0
28 53 0 54 1702040 79 1812925 104 3356392 129 2685475 154 3677705 180 3458916 205 2460617 230 1527059 255 1211899 280 1758426 305 1501647 330 1260567 355 1090599 381 870310 406 329186 431 549646 456 370517 481 612656 506 578236 531 554810 556 533903 582 674670 607 516480 632 610215 657 743873 682 972453 683 0
1 213
215 1 637 562 0.9132687275062963 0.02182802360126359 0
12 174 0 175 2557220 201 2327869 227 1905773 253 1098285 279 1125756 306 1227596 332 1532416 358 1824323 384 980130 410 1139287 411 0
0
216 1 659 612 0.9216211092214663 0.1074825956144581 0
21 192 0 193 369526 217 566917 242 423491 266 599176 290 519416 315 384503 339 530727 363 286293 388 423146 412 880672 436 1322282 461 1516553 485 2220361 509 1568760 534 1427739 558 1476612 582 1508699 607 1600985 631 1221797 632 0
2 215 217
217 2 1312 776 0.9229767722946887 0.08417302879685329 0
12 213 0 214 895143 240 851815 266 1454861 292 1119197 318 1429459 343 1368367 369 2339120 395 2269008 421 1821978 447 2462386 448 0
0
218 1 1499 248 0.9199215154498304 0.005576649984987658 0
15 69 0 70 1018505 95 931232 120 1070723 145 574859 170 641498 195 923945 220 967781 245 1299277 270 992156 295 1069829 320 1263006 345 2117580 370 1514812 371 0
1 216
219 1 714 487 0.9170194532289462 0.13643139865636536 0
25 21 0 22 3120338 47 1595633 72 1460340 97 1417619 122 1634888 147 1345581 173 759725 198 1556594 223 952788 248 791465 273 677332 298 572411 323 535034 348 942738 373 1250033 398 1415897 423 1750730 449 1778586 474 2094168 499 1913052 524 2825510 549 2500565 574 2705875 575 0
0
220 2 551 412 0.9239475003482142 0.10745128223431247 0
21 88 0 89 423090 114 561408 138 1128257 163 1149319 187 1579059 212 1860393 237 1772800 261 1000085 286 956041 311 1454284 335 1391931 360 839068 384 892861 409 788476 434 814151 458 473840 483 478071 507 432528 532 404782 533 0
0
221 1 874 20 0.929179793430901 0.14747715300908285 0
25 99 0 100 3033771 125 1672813 151 2091520 176 1483663 202 1663476 227 1743822 252 541082 278 522352 303 1014017 329 923154 354 1831137 379 1696725 405 1497914 430 1365721 456 1283183 481 1713223 507 911178 532 1059634 557 1050592 583 1288697 608 1227953 634 770633 659 610112 660 0
0
222 2 1145 229 0.9144166535799946 0.13450103887628326 0
8 275 0 276 2700586 299 2526459 321 1343941 344 1060883 366 1166720 389 1519037 390 0
1 221
223 1 1185 406 0.9263616473838049 0.12366046833472372 0
29 26 0 27 4370008 52 3757763 76 2380158 101 1517224 125 1159019 150 760584 174 744510 199 745185 224 506792 248 875498 273 887878 297 1053130 322 1845605 347 1959629 371 1319708 396 855095 420 1056809 445 697662 469 551980 494 593310 519 638015 543 336075 568 403797 592 391206 617 305364 641 192927 666 169255 667 0
0
224 1 1271 384 0.9169805530447678 0.07385560197889478 1
11 51 0 52 2202125 77 2425172 101 2290962 126 1753457 151 1020202 176 953551 201 694361 225 305999 250 271716 251 0
1 223
225 1 852 474 0.9224524603851892 0.010326180496633391 0
27 45 0 46 3668832 71 3142952 95 2344443 120 2439571 144 2883372 169 2146305 193 1988651 218 2311609 242 2139504 267 2068266 291 887672 316 744963 341 518440 365 630656 390 444257 414 324252 439 330017 463 199570 488 167281 512 179192 537 277863 561 224724 586 247330 610 410100 635 431080 636 0
1 223
226 1 717 121 0.920038577191358 0.04110332862988195 0
9 308 0 309 2394366 335 1615312 361 1196549 387 1219588 414 1447408 440 1916477 466 1937652 467 0
1 223
227 2 1431 266 0.9291429210958282 0.0951506468161524 0
26 66 0 67 393614 92 489910 116 802439 141 431334 165 377754 190 384424 214 561295 239 538422 263 1185053 288 1782086 312 2989787 337 3088293 361 3350245 386 1820982 410 1814177 435 1278020 459 2386718 484 1613154 508 842306 533 769386 557 990649 582 956027 606 913099 631 960612 632 0
0
228 1 784 725 0.9132913259180676 0.09015546495714057 0
25 117 0 118 5381237 143 3440607 168 1806524 193 1741186 218 2131336 243 1423171 268 951283 293 659824 318 493166 343 268161 368 248317 393 240004 417 236981 442 175225 467 130124 492 81390 517 117463 542 125948 567 122458 592 141035 617 157901 642 130929 667 102817 668 0
0
229 2 1104 70 0.9285824152452148 0.14719997573914687 0
20 206 0 207 3449285 232 1985566 258 1703158 283 2556704 309 3759595 334 3864550 360 1407233 385 1049675 411 966974 436 1190281 462 1328730 487 1180671 513 1273974 538 891933 564 1054325 589 1100659 615 601537 640 999253 641 0
1 228
230 2 862 45 0.922448578617578 0.1073540397033619 0
23 99 0 100 3846690 125 1783877 151 2124143 176 2080778 201 1911229 227 1448341 252 1254521 277 938643 303 1027927 328 966515 353 1232182 379 970563 404 1156521 430 934732 455 1686716 480 1546792 506 1367206 531 2191495 556 2723058 582 2558717 607 2624733 608 0
0
231 1 650 298 0.9146856520141735 0.1408825824089146 0
13 407 0 408 2693730 432 3399305 456 885638 480 560435 504 607628 529 425420 553 342742 577 453746 601 281757 625 476811 649 726397 650 0
1 230
232 1 1304 106 0.9252757745647803 0.10827985183437974 0
28 64 0 65 444221 90 847762 114 981312 139 1472812 163 1061494 188 672846 212 896481 237 1109417 261 1115948 286 890116 310 705245 335 1244167 359 1453970 384 1216194 408 936430 433 994959 457 1193751 482 892639 506 1537576 531 1869121 555 1567192 580 1218670 604 1216860 629 1986770 653 2070266 678 2671229 679 0
1 231
233 1 1179 312 0.9262304491483169 0.1308260780310255 0
12 192 0 193 354967 219 456833 245 476473 270 579293 296 864246 322 1223351 348 1962861 373 1851232 399 2386977 425 4739985 426 0
2 231 232
234 1 1397 556 0.9231064460581757 0.10903864719031556 0
19 248 0 249 1178193 275 1150762 300 2284013 326 2052288 352 1732235 377 1468432 403 1341225 429 1176039 455 1262311 480 1122819 506 948800 532 774243 557 737269 583 705988 609 1281895 634 1538051 660 2354311 661 0
0
235 1 1250 169 0.9212445847246857 0.12505200547029335 0
31 7 0 8 330118 33 434824 57 282417 82 155244 107 211219 131 245481 156 398935 181 308619 205 302040 230 253155 255 274239 279 234773 304 413161 329 303288 353 141673 378 199003 403 245740 428 375244 452 512212 477 594092 502 620082 526 1339330 551 1469770 576 1826252 600 1559767 625 2396135 650 2098241 674 2257061 699 1738453 700 0
0
236 2 733 167 0.9166092577975321 0.13272935225751273 0
8 97 0 98 1410019 123 1230907 148 591489 172 827639 197 1024198 222 899810 223 0
0
237 2 1031 149 0.9126117495184716 0.07784808231998692 0
29 37 0 38 259151 63 248847 89 251124 114 299984 139 246328 165 371822 190 511606 215 728723 241 611192 266 927211 291 994778 317 1223978 342 1276727 367 1023025 393 568593 418 501575 444 573420 469 742750 494 617534 520 647240 545 783198 570 753864 596 1424606 621 1060386 646 1323523 672 3094829 697 6361942 698 0
1 236
238 1 915 775 0.9220667414339179 0.016473968480337997 0
9 62 0 63 2739854 89 2331934 116 2401625 143 2332550 169 1101440 195 1116673 222 571201 223 0
0
239 1 622 40 0.9105395265879876 0.017096877098520303 0
31 1 0 2 3671199 27 3616506 52 2348006 77 1884058 102 1512211 126 1462851 151 1260639 176 1664776 201 1016847 226 1361638 251 724679 276 518770 301 533733 326 507102 351 375847 375 343137 400 589454 425 860881 450 704653 475 488330 500 397548 525 471174 550 364097 575 276692 599 230518 624 352250 649 258526 674 225097 699 232913 700 0
1 238
240 2 698 370 0.9245812210268863 0.05717582966920155 0
30 0 0 1 85715 26 99927 52 168135 77 290271 102 253819 128 403416 153 649325 179 549675 204 1018234 229 788685 255 849056 280 840623 305 1459361 331 1535616 356 1232393 382 1003165 407 1077613 432 998114 458 1221139 483 1405234 508 1043501 534 785590 559 688668 585 985080 610 1229377 635 1412724 661 1778941 686 2179548 687 0
0
241 1 881 227 0.91607812878863 0.06661871005813674 0
18 213 0 214 852655 238 910810 263 1711190 287 1600967 312 1473512 336 1627117 361 1204786 385 1023006 410 483763 434 441810 459 430680 483 564717 508 796555 532 1359129 557 1414194 581 1033413 582 0
1 240
242 1 946 370 0.9259950747588354 0.10482265548620105 0
23 188 0 189 473822 214 550787 238 563398 263 889022 288 1041629 312 1107684 337 969942 362 1222350 386 1031117 411 1202219 435 1376479 460 2064205 485 2607992 509 1922730 534 930077 559 876417 583 837189 608 911989 633 1593101 657 2178272 682 1521098 683 0
0
243 1 1118 552 0.9198925040810414 0.007794813079335178 0
23 148 0 149 179780 174 162342 200 151573 225 192223 251 389788 276 481095 301 738973 327 1038051 352 841818 378 881500 403 1876688 428 2112674 454 2373109 479 1685781 505 1748447 530 1365462 555 1141104 581 1318382 606 1209406 632 1034907 657 904175 658 0
1 242
244 2 592 679 0.9266997219506479 0.12851900973994207 0
23 156 0 157 638185 182 431326 207 781796 232 820566 257 830932 282 552493 307 648337 332 561240 357 457621 382 716034 407 1572479 433 1697572 458 1535982 483 2359402 508 2325914 533 1532407 558 1364854 583 1538224 608 1893343 633 2065334 658 2260695 659 0
0
245 1 573 773 0.9122958362914377 0.014280466967793809 0
29 7 0 8 5143950 33 4465513 58 2680302 82 2087212 107 1308188 132 2341269 157 2545703 181 1831063 206 1235752 231 1192629 256 1539947 280 1308280 305 1536294 330 1653314 355 1366009 380 1576765 404 1778518 429 1383410 454 801081 479 642195 503 753483 528 1182785 553 1089728 578 937594 602 1604218 627 724340 652 1114879 653 0
2 244 246
246 2 804 575 0.9125137722537009 0.09991154351843595 0
24 3 0 4 2229552 29 1282895 53 1003399 78 1242246 103 1363077 127 1162041 152 854005 177 706347 201 554542 226 532367 251 675725 275 639764 300 698641 325 916428 349 1294617 374 1383156 399 998569 423 1065528 448 700127 473 489825 497 458135 522 623572 523 0
0
247 2 1004 436 0.92732134034673 0.036895192130161764 0
20 184 0 185 2427251 210 2253526 235 1768323 259 2847962 284 2943314 309 1720083 334 2238821 358 1471885 383 2290011 408 1753908 433 1487879 457 1527634 482 1242374 507 1318347 532 1475963 556 1308770 581 1041277 606 855980 607 0
0
248 2 1062 682 0.9173960977287156 0.0973451034689496 0
7 226 0 227 2411171 254 1926906 281 758229 309 1202744 336 1269068 337 0
0
249 1 1210 82 0.9153513407005052 0.10663847850966295 0
10 17 0 18 2302314 43 1796493 69 1172770 94 710537 120 788929 145 912824 171 748412 196 882068 197 0
1 248
250 1 869 625 0.9147856173311835 0.07550407306276632 0
16 3 0 4 3056793 28 2918294 52 2066054 76 931154 101 1423632 125 2470334 149 1690089 173 1946692 197 2379677 221 1338315 246 862796 270 342899 294 332194 318 487309 319 0
0
251 1 1193 395 0.9105214626980224 0.1136861818672587 0
16 48 0 49 1072541 75 1006174 101 1051447 127 1744221 152 1280499 178 1947583 204 2907773 230 3246847 256 2052625 282 2167711 307 1889764 333 2053831 359 2075845 385 1650312 386 0
2 250 249
7 14 9005087570740237900
0.98922632047529435 0.010772893081372545 7.8644333311045697e-07 0 0 0 0 
0.0089200006047319529 0.82084573547428608 0.17014975024161058 8.4513679371500254e-05 0 0 0 
0.00032472656255418781 0.42525637760150153 0.54726696567928534 0.027118825099963675 3.3105056695357375e-05 0 0 
0 2.1071624926509264e-06 0.0088247165752158799 0.97239821780546065 0.018752904064297013 2.2054392533978276e-05 0 
0 0 4.0831341991025342e-08 0.05709228986146922 0.91687433277577179 0.025980548067743438 5.2788463673516503e-05 
0 0 0 5.7211382554397352e-06 0.11572455964624589 0.85229561869238235 0.03197410052311643 
0 0 0 0 8.6627955780469427e-05 0.14807353929616543 0.85183983274805408 
7 0 0 0 0 0 0 0
0.016028429841281056 0.9969166254868373 2.335205876983529
