A
700
969 1583
1 124.0 73.0
2 124.0 74.0
3 124.0 72.0
4 122.0 74.0
5 123.0 74.0
6 122.0 73.0
7 123.0 73.0
8 123.0 72.0
9 122.0 75.0
10 122.0 76.0
11 121.0 74.0
12 120.0 76.0
13 121.0 76.0
14 120.0 75.0
15 121.0 75.0
16 125.0 66.0
17 126.0 66.0
18 126.0 65.0
19 125.0 64.0
20 126.0 64.0
21 125.0 65.0
22 124.0 65.0
23 124.0 66.0
24 124.0 64.0
25 123.0 68.0
26 124.0 68.0
27 124.0 67.0
28 123.0 67.0
29 123.0 66.0
30 122.0 67.0
31 122.0 66.0
32 111.0 76.0
33 112.0 76.0
34 111.0 75.0
35 112.0 75.0
36 112.0 74.0
37 111.0 74.0
38 110.0 75.0
39 110.0 76.0
40 109.0 75.0
41 109.0 74.0
42 110.0 74.0
43 108.0 76.0
44 109.0 76.0
45 108.0 74.0
46 108.0 75.0
47 71.0 100.0
48 72.0 100.0
49 72.0 99.0
50 71.0 98.0
51 72.0 98.0
52 70.0 100.0
53 71.0 99.0
54 70.0 99.0
55 69.0 98.0
56 70.0 98.0
57 70.0 97.0
58 69.0 96.0
59 70.0 96.0
60 69.0 97.0
61 68.0 97.0
62 68.0 98.0
63 68.0 96.0
64 91.0 92.0
65 92.0 92.0
66 92.0 91.0
67 91.0 91.0
68 90.0 92.0
69 90.0 91.0
70 91.0 90.0
71 90.0 90.0
72 87.0 88.0
73 88.0 88.0
74 87.0 87.0
75 88.0 87.0
76 88.0 86.0
77 86.0 87.0
78 86.0 88.0
79 87.0 86.0
80 86.0 86.0
81 88.0 85.0
82 87.0 85.0
83 87.0 84.0
84 88.0 84.0
85 86.0 85.0
86 127.0 54.0
87 128.0 54.0
88 128.0 53.0
89 127.0 53.0
90 126.0 54.0
91 126.0 53.0
92 119.0 62.0
93 120.0 62.0
94 119.0 61.0
95 120.0 61.0
96 120.0 60.0
97 118.0 61.0
98 119.0 60.0
99 118.0 60.0
100 118.0 62.0
101 117.0 60.0
102 116.0 62.0
103 117.0 62.0
104 117.0 61.0
105 116.0 61.0
106 116.0 60.0
107 127.0 38.0
108 128.0 38.0
109 128.0 37.0
110 127.0 36.0
111 128.0 36.0
112 126.0 38.0
113 126.0 37.0
114 127.0 37.0
115 125.0 38.0
116 125.0 37.0
117 126.0 36.0
118 125.0 36.0
119 124.0 36.0
120 126.0 33.0
121 126.0 34.0
122 125.0 33.0
123 122.0 68.0
124 126.0 32.0
125 125.0 32.0
126 124.0 34.0
127 125.0 34.0
128 124.0 33.0
129 124.0 32.0
130 123.0 40.0
131 124.0 40.0
132 124.0 39.0
133 123.0 39.0
134 124.0 38.0
135 123.0 38.0
136 124.0 37.0
137 122.0 38.0
138 122.0 36.0
139 122.0 37.0
140 115.0 42.0
141 116.0 42.0
142 116.0 41.0
143 115.0 41.0
144 116.0 40.0
145 115.0 40.0
146 114.0 42.0
147 115.0 38.0
148 116.0 38.0
149 115.0 37.0
150 116.0 37.0
151 115.0 36.0
152 116.0 36.0
153 114.0 38.0
154 114.0 36.0
155 113.0 38.0
156 114.0 37.0
157 113.0 36.0
158 112.0 38.0
159 112.0 37.0
160 113.0 37.0
161 112.0 36.0
162 105.0 58.0
163 105.0 59.0
164 104.0 58.0
165 104.0 59.0
166 101.0 56.0
167 102.0 56.0
168 101.0 55.0
169 102.0 55.0
170 102.0 54.0
171 100.0 55.0
172 101.0 54.0
173 101.0 53.0
174 102.0 53.0
175 102.0 52.0
176 101.0 52.0
177 100.0 53.0
178 100.0 54.0
179 100.0 52.0
180 100.0 56.0
181 99.0 55.0
182 99.0 56.0
183 98.0 55.0
184 98.0 56.0
185 99.0 54.0
186 98.0 54.0
187 97.0 50.0
188 98.0 50.0
189 98.0 49.0
190 98.0 48.0
191 97.0 49.0
192 96.0 49.0
193 96.0 50.0
194 97.0 48.0
195 96.0 48.0
196 83.0 44.0
197 84.0 44.0
198 84.0 43.0
199 83.0 43.0
200 82.0 43.0
201 82.0 42.0
202 83.0 42.0
203 79.0 64.0
204 80.0 64.0
205 80.0 63.0
206 79.0 63.0
207 79.0 61.0
208 80.0 61.0
209 79.0 60.0
210 80.0 60.0
211 78.0 62.0
212 79.0 62.0
213 78.0 61.0
214 78.0 63.0
215 78.0 64.0
216 76.0 64.0
217 77.0 64.0
218 77.0 63.0
219 77.0 62.0
220 76.0 62.0
221 77.0 61.0
222 76.0 61.0
223 77.0 60.0
224 76.0 60.0
225 71.0 58.0
226 72.0 58.0
227 72.0 56.0
228 72.0 57.0
229 70.0 58.0
230 71.0 57.0
231 70.0 57.0
232 70.0 56.0
233 71.0 56.0
234 69.0 60.0
235 70.0 60.0
236 70.0 59.0
237 69.0 59.0
238 68.0 59.0
239 69.0 58.0
240 69.0 57.0
241 69.0 56.0
242 68.0 58.0
243 68.0 56.0
244 66.0 63.0
245 66.0 64.0
246 64.0 64.0
247 65.0 64.0
248 65.0 63.0
249 64.0 62.0
250 64.0 63.0
251 127.0 52.0
252 68.0 60.0
253 67.0 59.0
254 66.0 60.0
255 67.0 60.0
256 66.0 59.0
257 67.0 58.0
258 68.0 57.0
259 66.0 58.0
260 66.0 57.0
261 67.0 57.0
262 67.0 56.0
263 66.0 56.0
264 69.0 54.0
265 70.0 54.0
266 70.0 53.0
267 69.0 53.0
268 69.0 52.0
269 70.0 52.0
270 68.0 52.0
271 71.0 52.0
272 72.0 52.0
273 72.0 51.0
274 71.0 51.0
275 72.0 50.0
276 80.0 62.0
277 70.0 51.0
278 71.0 50.0
279 68.0 55.0
280 67.0 55.0
281 68.0 54.0
282 68.0 53.0
283 66.0 53.0
284 66.0 54.0
285 67.0 53.0
286 66.0 52.0
287 65.0 54.0
288 65.0 55.0
289 65.0 56.0
290 64.0 55.0
291 64.0 56.0
292 64.0 54.0
293 67.0 52.0
294 68.0 51.0
295 68.0 50.0
296 67.0 50.0
297 67.0 51.0
298 66.0 51.0
299 66.0 50.0
300 73.0 30.0
301 74.0 30.0
302 73.0 28.0
303 74.0 28.0
304 72.0 30.0
305 73.0 29.0
306 72.0 29.0
307 72.0 28.0
308 69.0 24.0
309 70.0 24.0
310 69.0 23.0
311 68.0 23.0
312 68.0 24.0
313 69.0 22.0
314 68.0 22.0
315 70.0 21.0
316 70.0 22.0
317 69.0 21.0
318 69.0 20.0
319 70.0 20.0
320 68.0 21.0
321 39.0 90.0
322 40.0 90.0
323 68.0 20.0
324 34.0 86.0
325 35.0 86.0
326 59.0 17.0
327 60.0 17.0
328 35.0 87.0
329 36.0 87.0
330 40.0 71.0
331 40.0 72.0
332 70.0 50.0
333 29.0 78.0
334 30.0 78.0
335 67.0 54.0
336 60.0 54.0
337 60.0 55.0
338 47.0 55.0
339 47.0 56.0
340 58.0 55.0
341 58.0 56.0
342 60.0 52.0
343 60.0 53.0
344 58.0 53.0
345 59.0 53.0
346 58.0 52.0
347 57.0 53.0
348 57.0 54.0
349 57.0 52.0
350 63.0 42.0
351 64.0 42.0
352 66.0 62.0
353 64.0 41.0
354 63.0 40.0
355 64.0 40.0
356 76.0 63.0
357 47.0 73.0
358 48.0 73.0
359 62.0 41.0
360 63.0 41.0
361 62.0 40.0
362 48.0 55.0
363 48.0 56.0
364 46.0 54.0
365 46.0 55.0
366 106.0 58.0
367 47.0 54.0
368 48.0 54.0
369 48.0 53.0
370 48.0 52.0
371 46.0 52.0
372 46.0 53.0
373 61.0 19.0
374 61.0 20.0
375 37.0 92.0
376 38.0 92.0
377 74.0 29.0
378 47.0 52.0
379 56.0 52.0
380 56.0 53.0
381 84.0 42.0
382 59.0 52.0
383 106.0 59.0
384 59.0 18.0
385 60.0 18.0
386 47.0 77.0
387 47.0 78.0
388 56.0 19.0
389 56.0 20.0
390 46.0 74.0
391 47.0 74.0
392 39.0 92.0
393 40.0 92.0
394 39.0 93.0
395 39.0 94.0
396 62.0 8.0
397 63.0 8.0
398 47.0 53.0
399 78.0 60.0
400 61.0 18.0
401 58.0 18.0
402 58.0 54.0
403 59.0 16.0
404 57.0 18.0
405 58.0 17.0
406 60.0 16.0
407 57.0 16.0
408 58.0 16.0
409 123.0 37.0
410 56.0 16.0
411 36.0 76.0
412 37.0 76.0
413 56.0 17.0
414 63.0 12.0
415 64.0 12.0
416 63.0 11.0
417 64.0 11.0
418 62.0 9.0
419 63.0 9.0
420 64.0 9.0
421 64.0 10.0
422 58.0 19.0
423 58.0 20.0
424 64.0 8.0
425 37.0 91.0
426 62.0 10.0
427 63.0 10.0
428 61.0 10.0
429 60.0 10.0
430 92.0 90.0
431 62.0 12.0
432 44.0 79.0
433 44.0 80.0
434 61.0 9.0
435 60.0 9.0
436 60.0 8.0
437 51.0 12.0
438 52.0 12.0
439 52.0 10.0
440 52.0 11.0
441 65.0 62.0
442 57.0 19.0
443 57.0 20.0
444 41.0 68.0
445 42.0 68.0
446 46.0 95.0
447 47.0 95.0
448 51.0 11.0
449 61.0 8.0
450 46.0 76.0
451 46.0 77.0
452 46.0 88.0
453 46.0 89.0
454 57.0 17.0
455 30.0 79.0
456 30.0 80.0
457 43.0 94.0
458 44.0 94.0
459 62.0 11.0
460 62.0 42.0
461 122.0 72.0
462 59.0 54.0
463 59.0 55.0
464 44.0 90.0
465 44.0 91.0
466 59.0 56.0
467 86.0 84.0
468 60.0 56.0
469 37.0 74.0
470 38.0 74.0
471 45.0 90.0
472 46.0 90.0
473 41.0 76.0
474 42.0 76.0
475 43.0 91.0
476 42.0 74.0
477 42.0 75.0
478 35.0 90.0
479 36.0 90.0
480 48.0 77.0
481 46.0 78.0
482 46.0 79.0
483 42.0 93.0
484 42.0 94.0
485 36.0 88.0
486 47.0 88.0
487 47.0 89.0
488 38.0 90.0
489 38.0 91.0
490 120.0 74.0
491 45.0 78.0
492 56.0 18.0
493 114.0 41.0
494 38.0 93.0
495 38.0 94.0
496 38.0 95.0
497 39.0 95.0
498 45.0 53.0
499 46.0 56.0
500 40.0 69.0
501 41.0 69.0
502 45.0 80.0
503 38.0 76.0
504 46.0 91.0
505 46.0 92.0
506 35.0 91.0
507 36.0 91.0
508 40.0 95.0
509 44.0 93.0
510 46.0 73.0
511 29.0 79.0
512 41.0 71.0
513 56.0 54.0
514 62.0 20.0
515 123.0 36.0
516 46.0 94.0
517 128.0 52.0
518 42.0 95.0
519 42.0 90.0
520 43.0 90.0
521 47.0 96.0
522 48.0 96.0
523 60.0 19.0
524 29.0 80.0
525 51.0 10.0
526 45.0 54.0
527 45.0 79.0
528 114.0 40.0
529 40.0 70.0
530 41.0 70.0
531 46.0 72.0
532 42.0 71.0
533 42.0 72.0
534 40.0 88.0
535 40.0 89.0
536 38.0 96.0
537 39.0 96.0
538 37.0 90.0
539 48.0 89.0
540 48.0 90.0
541 43.0 92.0
542 44.0 92.0
543 39.0 89.0
544 62.0 18.0
545 62.0 19.0
546 40.0 93.0
547 36.0 74.0
548 36.0 75.0
549 48.0 88.0
550 41.0 72.0
551 47.0 90.0
552 47.0 91.0
553 43.0 93.0
554 42.0 69.0
555 40.0 96.0
556 122.0 39.0
557 70.0 23.0
558 41.0 73.0
559 42.0 73.0
560 35.0 88.0
561 47.0 72.0
562 47.0 75.0
563 48.0 75.0
564 46.0 80.0
565 82.0 44.0
566 37.0 93.0
567 41.0 96.0
568 42.0 96.0
569 46.0 75.0
570 37.0 75.0
571 38.0 75.0
572 44.0 78.0
573 39.0 88.0
574 40.0 94.0
575 40.0 74.0
576 41.0 74.0
577 44.0 89.0
578 45.0 89.0
579 41.0 95.0
580 42.0 92.0
581 40.0 73.0
582 47.0 76.0
583 66.0 55.0
584 40.0 68.0
585 48.0 76.0
586 45.0 88.0
587 41.0 75.0
588 47.0 94.0
589 42.0 70.0
590 47.0 92.0
591 48.0 92.0
592 41.0 94.0
593 40.0 75.0
594 48.0 95.0
595 40.0 76.0
596 48.0 72.0
597 48.0 74.0
598 48.0 78.0
599 38.0 89.0
600 34.0 87.0
601 34.0 88.0
602 36.0 86.0
603 33.0 88.0
604 34.0 89.0
605 36.0 92.0
606 38.0 88.0
607 42.0 91.0
608 37.0 94.0
609 44.0 88.0
610 48.0 94.0
611 48.0 91.0
612 46.0 96.0
613 126.0 52.0
614 60.0 20.0
615 128.0 74.0
616 128.0 76.0
617 126.0 74.0
618 128.0 72.0
619 126.0 72.0
620 124.0 76.0
621 126.0 70.0
622 128.0 70.0
623 124.0 70.0
624 128.0 64.0
625 128.0 66.0
626 126.0 68.0
627 120.0 68.0
628 122.0 64.0
629 120.0 64.0
630 88.0 90.0
631 88.0 92.0
632 90.0 88.0
633 84.0 88.0
634 84.0 86.0
635 84.0 84.0
636 82.0 84.0
637 84.0 82.0
638 92.0 88.0
639 82.0 82.0
640 84.0 80.0
641 80.0 84.0
642 80.0 82.0
643 80.0 80.0
644 126.0 56.0
645 128.0 56.0
646 118.0 64.0
647 68.0 100.0
648 120.0 66.0
649 126.0 40.0
650 128.0 34.0
651 128.0 32.0
652 118.0 44.0
653 120.0 44.0
654 120.0 42.0
655 118.0 42.0
656 114.0 44.0
657 116.0 44.0
658 112.0 44.0
659 112.0 42.0
660 118.0 38.0
661 118.0 36.0
662 120.0 34.0
663 120.0 36.0
664 120.0 32.0
665 118.0 32.0
666 116.0 34.0
667 118.0 34.0
668 116.0 32.0
669 114.0 34.0
670 112.0 34.0
671 112.0 32.0
672 108.0 58.0
673 108.0 60.0
674 108.0 56.0
675 104.0 56.0
676 106.0 56.0
677 104.0 54.0
678 104.0 52.0
679 96.0 56.0
680 96.0 54.0
681 98.0 52.0
682 96.0 52.0
683 100.0 50.0
684 94.0 44.0
685 96.0 44.0
686 94.0 42.0
687 92.0 40.0
688 94.0 40.0
689 84.0 40.0
690 82.0 40.0
691 80.0 44.0
692 80.0 42.0
693 80.0 40.0
694 74.0 64.0
695 74.0 60.0
696 72.0 62.0
697 72.0 64.0
698 74.0 62.0
699 72.0 60.0
700 68.0 64.0
701 64.0 60.0
702 64.0 58.0
703 72.0 54.0
704 70.0 48.0
705 72.0 48.0
706 66.0 48.0
707 68.0 48.0
708 64.0 52.0
709 64.0 50.0
710 78.0 24.0
711 78.0 26.0
712 76.0 24.0
713 76.0 30.0
714 76.0 32.0
715 76.0 28.0
716 72.0 32.0
717 74.0 32.0
718 72.0 22.0
719 72.0 20.0
720 112.0 40.0
721 128.0 68.0
722 78.0 28.0
723 120.0 38.0
724 76.0 26.0
725 126.0 76.0
726 72.0 96.0
727 42.0 104.0
728 44.0 104.0
729 42.0 102.0
730 44.0 102.0
731 44.0 100.0
732 42.0 100.0
733 40.0 100.0
734 124.0 52.0
735 124.0 54.0
736 52.0 78.0
737 52.0 80.0
738 50.0 78.0
739 56.0 42.0
740 56.0 44.0
741 58.0 42.0
742 64.0 20.0
743 64.0 18.0
744 62.0 16.0
745 62.0 44.0
746 58.0 12.0
747 60.0 12.0
748 58.0 10.0
749 58.0 8.0
750 56.0 8.0
751 56.0 12.0
752 56.0 14.0
753 52.0 14.0
754 54.0 14.0
755 92.0 42.0
756 54.0 12.0
757 56.0 46.0
758 58.0 46.0
759 58.0 40.0
760 60.0 40.0
761 60.0 44.0
762 60.0 46.0
763 44.0 74.0
764 44.0 76.0
765 60.0 42.0
766 52.0 16.0
767 64.0 48.0
768 56.0 10.0
769 96.0 40.0
770 96.0 42.0
771 38.0 72.0
772 92.0 44.0
773 82.0 80.0
774 50.0 8.0
775 52.0 8.0
776 44.0 68.0
777 56.0 40.0
778 32.0 80.0
779 34.0 80.0
780 56.0 56.0
781 58.0 48.0
782 128.0 40.0
783 72.0 24.0
784 100.0 48.0
785 114.0 32.0
786 80.0 26.0
787 54.0 16.0
788 80.0 28.0
789 62.0 54.0
790 62.0 56.0
791 44.0 96.0
792 124.0 56.0
793 64.0 46.0
794 106.0 60.0
795 38.0 64.0
796 40.0 64.0
797 46.0 50.0
798 48.0 50.0
799 42.0 88.0
800 50.0 14.0
801 28.0 76.0
802 30.0 76.0
803 44.0 72.0
804 44.0 70.0
805 40.0 62.0
806 64.0 44.0
807 80.0 24.0
808 50.0 72.0
809 52.0 72.0
810 50.0 74.0
811 108.0 72.0
812 36.0 78.0
813 48.0 48.0
814 52.0 74.0
815 112.0 72.0
816 64.0 16.0
817 48.0 80.0
818 52.0 76.0
819 62.0 46.0
820 32.0 78.0
821 50.0 16.0
822 120.0 72.0
823 34.0 78.0
824 110.0 72.0
825 60.0 48.0
826 116.0 64.0
827 36.0 72.0
828 44.0 56.0
829 58.0 44.0
830 68.0 62.0
831 50.0 76.0
832 56.0 48.0
833 108.0 62.0
834 62.0 48.0
835 62.0 52.0
836 34.0 76.0
837 32.0 76.0
838 118.0 40.0
839 32.0 84.0
840 32.0 86.0
841 50.0 80.0
842 36.0 80.0
843 34.0 84.0
844 36.0 84.0
845 124.0 80.0
846 128.0 80.0
847 120.0 80.0
848 112.0 80.0
849 116.0 80.0
850 116.0 76.0
851 116.0 72.0
852 108.0 80.0
853 104.0 76.0
854 104.0 80.0
855 72.0 104.0
856 76.0 104.0
857 72.0 108.0
858 64.0 100.0
859 64.0 104.0
860 96.0 88.0
861 96.0 92.0
862 80.0 96.0
863 84.0 96.0
864 80.0 88.0
865 80.0 92.0
866 80.0 104.0
867 80.0 108.0
868 124.0 48.0
869 120.0 48.0
870 120.0 56.0
871 104.0 72.0
872 116.0 56.0
873 120.0 52.0
874 116.0 48.0
875 112.0 48.0
876 128.0 48.0
877 68.0 104.0
878 112.0 60.0
879 112.0 64.0
880 112.0 56.0
881 108.0 52.0
882 112.0 52.0
883 108.0 48.0
884 104.0 48.0
885 92.0 48.0
886 92.0 96.0
887 96.0 96.0
888 88.0 48.0
889 88.0 44.0
890 96.0 36.0
891 92.0 36.0
892 96.0 32.0
893 88.0 40.0
894 88.0 36.0
895 84.0 48.0
896 80.0 56.0
897 76.0 56.0
898 80.0 32.0
899 72.0 16.0
900 68.0 16.0
901 76.0 108.0
902 48.0 100.0
903 48.0 104.0
904 52.0 56.0
905 52.0 48.0
906 52.0 52.0
907 92.0 32.0
908 52.0 32.0
909 56.0 32.0
910 48.0 40.0
911 52.0 40.0
912 48.0 64.0
913 48.0 68.0
914 48.0 36.0
915 52.0 36.0
916 48.0 32.0
917 56.0 68.0
918 56.0 72.0
919 56.0 36.0
920 60.0 24.0
921 64.0 24.0
922 56.0 24.0
923 56.0 76.0
924 64.0 96.0
925 64.0 76.0
926 64.0 80.0
927 60.0 64.0
928 40.0 84.0
929 80.0 48.0
930 84.0 92.0
931 40.0 80.0
932 44.0 64.0
933 88.0 80.0
934 88.0 96.0
935 60.0 72.0
936 64.0 72.0
937 44.0 84.0
938 60.0 68.0
939 88.0 32.0
940 32.0 72.0
941 56.0 80.0
942 60.0 80.0
943 56.0 64.0
944 28.0 84.0
945 64.0 68.0
946 28.0 72.0
947 60.0 76.0
948 108.0 64.0
949 48.0 84.0
950 120.0 88.0
951 104.0 88.0
952 96.0 80.0
953 96.0 72.0
954 96.0 64.0
955 64.0 112.0
956 104.0 64.0
957 64.0 32.0
958 48.0 24.0
959 64.0 0.0
960 56.0 0.0
961 48.0 112.0
962 128.0 88.0
963 48.0 0.0
964 32.0 64.0
965 80.0 16.0
966 80.0 0.0
967 96.0 0.0
968 96.0 16.0
969 128.0 0.0
967 969 32
967 968 16
966 967 16
965 968 16
965 966 16
960 963 8
959 966 16
959 960 8
954 956 8
953 954 8
952 953 8
942 947 4
941 942 4
940 964 8
940 946 4
938 945 4
937 949 4
936 945 4
935 947 4
935 938 4
935 936 4
933 952 8
928 931 4
928 937 4
927 938 4
927 943 4
926 942 4
925 947 4
925 936 4
925 926 4
924 926 16
923 947 4
923 941 4
922 958 8
921 957 8
920 922 4
920 921 4
918 923 4
918 935 4
917 943 4
917 938 4
917 918 4
915 919 4
914 915 4
912 943 8
912 932 4
912 913 4
911 915 4
910 911 4
909 922 8
909 957 8
909 919 4
908 916 4
908 915 4
908 909 4
907 939 4
905 906 4
904 906 4
903 961 8
902 903 4
899 965 8
899 900 4
898 939 8
896 929 8
896 897 4
895 929 4
894 939 4
893 894 4
892 968 16
892 907 4
891 894 4
891 907 4
890 892 4
890 891 4
889 893 4
888 889 4
888 895 4
886 934 4
886 887 4
885 888 4
883 884 4
881 883 4
881 882 4
880 882 4
879 948 4
878 880 4
878 879 4
875 883 4
875 882 4
874 875 4
872 880 4
871 953 8
871 956 8
870 873 4
870 872 4
869 874 4
869 873 4
868 876 4
868 869 4
866 867 4
865 930 4
864 865 4
863 934 4
863 930 4
862 866 8
862 865 4
862 863 4
860 952 8
860 951 8
860 861 4
859 955 8
859 877 4
858 924 4
858 859 4
856 866 4
856 901 4
855 877 4
855 857 4
855 856 4
854 951 8
854 952 8
853 871 4
853 854 4
852 854 4
850 851 4
849 850 4
848 849 4
847 950 8
847 849 4
846 962 8
845 847 4
845 846 4
844 928 4
843 844 2
842 844 4
842 931 4
839 944 4
839 843 2
839 840 2
837 940 4
836 837 2
832 905 4
827 940 4
826 879 4
825 834 2
823 836 2
822 851 4
820 837 2
820 823 2
819 834 2
818 923 4
818 831 2
817 949 4
817 841 2
816 900 4
815 879 8
815 851 4
815 824 2
814 818 2
813 905 4
812 842 2
812 823 2
811 871 4
811 824 2
810 814 2
810 831 2
809 918 4
809 814 2
808 810 2
808 809 2
807 965 8
803 804 2
802 837 2
801 802 2
798 813 2
797 798 2
796 932 4
796 805 2
795 796 2
793 806 2
793 819 2
792 870 4
789 835 2
789 790 2
788 898 4
786 807 2
786 788 2
784 884 4
782 876 8
781 825 2
781 832 2
780 943 8
780 904 4
779 842 2
779 823 2
778 839 4
778 820 2
778 779 2
777 911 4
777 919 4
776 932 4
776 913 4
776 804 2
774 775 2
772 889 4
772 885 4
771 827 2
769 890 4
769 770 2
767 834 2
767 793 2
766 821 2
766 787 2
763 803 2
763 764 2
762 819 2
762 825 2
761 829 2
761 765 2
761 762 2
760 765 2
759 777 2
759 760 2
758 762 2
758 829 2
758 781 2
757 832 2
757 758 2
755 772 2
754 787 2
754 756 2
753 800 2
753 766 2
753 754 2
752 754 2
751 756 2
751 768 2
751 752 2
750 960 8
750 775 4
750 768 2
749 750 2
748 768 2
748 749 2
746 751 2
746 748 2
746 747 2
745 761 2
745 819 2
745 806 2
744 816 2
743 816 2
742 921 4
742 743 2
741 765 2
741 829 2
741 759 2
740 757 2
740 829 2
739 777 2
739 741 2
739 740 2
738 841 2
738 831 2
737 941 4
737 841 2
736 818 2
736 738 2
736 737 2
735 792 2
734 873 4
734 868 4
734 735 2
732 733 2
731 791 4
731 902 4
731 732 2
730 731 2
729 732 2
729 730 2
728 903 4
728 730 2
727 728 2
726 862 8
722 788 2
719 899 4
718 783 2
718 719 2
716 957 8
716 717 2
715 722 2
715 724 2
714 898 4
714 717 2
713 715 2
713 714 2
712 783 4
712 724 2
711 724 2
711 786 2
711 722 2
710 807 2
710 712 2
710 711 2
709 767 2
708 835 2
708 709 2
706 767 2
706 707 2
705 929 8
704 707 2
704 705 2
701 702 2
700 830 2
697 700 4
696 699 2
696 698 2
696 697 2
695 699 2
695 698 2
694 697 2
694 698 2
693 898 8
692 693 2
691 929 4
691 692 2
690 693 2
689 893 4
689 690 2
688 769 2
687 891 4
687 893 4
687 755 2
687 688 2
686 770 2
686 755 2
686 688 2
685 770 2
684 772 2
684 686 2
684 685 2
683 784 2
681 682 2
680 682 2
679 954 8
679 680 2
678 884 4
678 881 4
677 678 2
675 677 2
675 676 2
674 881 4
674 880 4
674 676 2
673 878 4
673 833 2
673 794 2
672 674 2
672 673 2
671 892 16
671 785 2
670 671 2
669 670 2
669 785 2
668 785 2
666 669 2
666 668 2
666 667 2
665 668 2
665 667 2
664 665 2
663 723 2
662 667 2
662 664 2
662 663 2
661 663 2
661 667 2
660 661 2
659 720 2
658 875 4
658 659 2
657 874 4
656 658 2
656 657 2
655 838 2
654 655 2
653 869 4
653 654 2
652 655 2
652 657 2
652 653 2
651 969 32
650 651 2
649 782 2
647 877 4
647 858 4
646 826 2
644 792 2
644 645 2
643 926 16
643 773 2
642 643 2
641 864 4
641 642 2
640 933 4
640 773 2
639 773 2
639 642 2
638 860 4
637 640 2
637 639 2
636 639 2
636 641 2
635 637 2
635 636 2
634 635 2
633 930 4
633 864 4
633 634 2
632 638 2
631 934 4
631 930 4
630 631 2
629 648 2
629 646 2
628 629 2
627 822 4
627 648 2
626 721 2
625 721 2
624 645 8
624 625 2
622 721 2
621 623 2
621 626 2
621 622 2
620 845 4
620 725 2
619 621 2
618 619 2
618 622 2
617 725 2
617 619 2
616 846 4
616 725 2
615 618 2
615 617 2
615 616 2
614 920 4
613 734 2
612 791 2
609 937 4
609 799 2
602 844 2
601 604 1
601 603 1
600 601 1
599 606 1
598 738 2
598 817 2
597 810 2
596 913 4
596 808 2
595 931 4
594 610 1
593 595 1
591 610 2
591 611 1
590 591 1
589 804 2
588 610 1
587 593 1
586 609 1
585 831 2
584 796 4
582 585 1
580 607 1
579 592 1
578 586 1
577 609 1
577 578 1
576 587 1
575 593 1
575 581 1
575 576 1
574 592 1
573 606 1
572 764 2
570 571 1
568 791 2
567 579 1
567 568 1
565 691 2
564 817 2
563 597 1
563 585 1
562 569 1
562 582 1
562 563 1
561 596 1
560 601 1
558 581 1
558 576 1
558 559 1
555 733 4
555 567 1
554 589 1
552 611 1
552 590 1
551 552 1
550 558 1
549 949 4
548 570 1
547 827 2
547 548 1
546 574 1
544 744 2
544 743 2
544 545 1
543 599 1
543 573 1
257 261 1
257 259 1
256 259 1
254 352 2
254 701 2
254 256 1
254 255 1
253 255 1
253 257 1
253 256 1
252 830 2
252 255 1
251 613 1
251 517 1
249 701 2
249 441 1
249 250 1
248 250 1
248 441 1
247 248 1
246 945 4
246 927 4
246 250 1
246 247 1
245 700 2
245 247 1
244 248 1
244 352 1
244 245 1
243 279 1
243 262 1
243 258 1
242 258 1
242 257 1
241 243 1
240 258 1
240 241 1
239 240 1
239 242 1
238 242 1
238 253 1
238 252 1
237 239 1
237 238 1
236 237 1
235 699 2
235 236 1
234 252 1
234 237 1
234 235 1
232 265 2
232 241 1
232 233 1
231 232 1
231 240 1
230 233 1
230 231 1
229 231 1
229 239 1
229 236 1
228 230 1
227 897 4
227 703 2
227 233 1
227 228 1
226 699 2
226 228 1
225 230 1
225 229 1
225 226 1
224 897 4
224 695 2
223 399 1
223 224 1
222 224 1
221 222 1
221 223 1
220 698 2
220 356 1
220 222 1
219 221 1
219 220 1
218 356 1
218 219 1
217 218 1
216 694 2
216 356 1
216 217 1
215 217 1
214 218 1
214 215 1
213 399 1
213 221 1
212 276 1
211 214 1
211 213 1
211 219 1
211 212 1
210 896 4
209 399 1
209 210 1
208 276 1
208 210 1
207 209 1
207 213 1
207 212 1
207 208 1
206 212 1
206 214 1
205 276 1
205 206 1
204 643 16
204 954 16
204 205 1
203 215 1
203 206 1
203 204 1
202 381 1
201 690 2
201 692 2
201 202 1
200 565 1
200 201 1
199 202 1
199 200 1
198 381 1
198 199 1
197 889 4
197 895 4
197 198 1
196 199 1
196 565 1
196 197 1
195 685 4
195 885 4
194 195 1
193 682 2
192 195 1
192 193 1
191 192 1
191 194 1
190 784 2
190 194 1
189 191 1
189 190 1
188 683 2
188 681 2
188 189 1
187 193 1
187 191 1
187 188 1
186 681 2
186 680 2
185 186 1
184 679 2
183 186 1
183 184 1
182 184 1
181 185 1
181 183 1
181 182 1
180 182 1
179 683 2
179 681 2
178 185 1
177 179 1
177 178 1
176 179 1
175 678 2
175 176 1
174 175 1
173 177 1
173 176 1
173 174 1
172 173 1
172 178 1
171 178 1
171 181 1
171 180 1
170 677 2
170 174 1
170 172 1
169 170 1
168 172 1
168 171 1
168 169 1
167 675 2
167 169 1
166 168 1
166 180 1
166 167 1
164 675 2
164 165 1
162 366 1
162 164 1
162 163 1
161 670 2
159 161 1
159 160 1
158 720 2
158 159 1
157 161 1
157 160 1
156 160 1
155 160 1
155 158 1
154 669 2
154 157 1
154 156 1
153 528 2
153 156 1
153 155 1
152 661 2
152 666 2
151 154 1
151 152 1
150 152 1
149 156 1
149 151 1
149 150 1
148 660 2
148 150 1
147 149 1
147 153 1
147 148 1
146 656 2
146 659 2
146 493 1
145 528 1
144 838 2
144 148 2
144 145 1
143 145 1
143 493 1
142 144 1
142 143 1
141 657 2
141 655 2
141 142 1
140 143 1
140 146 1
140 141 1
139 409 1
138 663 2
138 515 1
138 139 1
137 139 1
136 409 1
135 409 1
135 137 1
134 136 1
134 135 1
133 556 1
133 135 1
132 134 1
132 133 1
131 649 2
131 132 1
130 133 1
130 131 1
129 664 4
128 129 1
59 726 2
58 60 1
58 63 1
58 59 1
57 59 1
57 60 1
56 57 1
55 62 1
55 60 1
55 56 1
54 56 1
53 54 1
52 647 2
52 54 1
51 726 2
50 56 1
50 53 1
50 51 1
49 53 1
49 51 1
48 855 4
48 49 1
47 53 1
47 52 1
47 48 1
45 811 2
45 46 1
43 853 4
43 852 4
43 46 1
43 44 1
42 824 2
41 45 1
41 42 1
40 46 1
40 41 1
40 44 1
39 44 1
38 42 1
38 40 1
38 39 1
37 42 1
36 815 2
36 37 1
35 36 1
34 37 1
34 38 1
34 35 1
33 848 4
33 850 4
33 35 1
32 39 1
32 34 1
32 33 1
31 648 2
31 628 2
30 123 1
30 31 1
13 15 1
535 543 1
12 850 4
12 847 4
12 14 1
12 13 1
534 799 2
534 573 1
534 928 4
534 535 1
11 490 1
11 15 1
533 803 2
533 550 1
533 559 1
10 620 2
10 13 1
532 589 1
532 533 1
9 15 1
9 10 1
531 803 2
531 561 1
8 461 1
530 589 1
7 8 1
529 530 1
6 461 1
6 7 1
528 720 2
5 7 1
4 9 1
4 11 1
4 6 1
4 5 1
3 623 2
3 619 2
3 8 1
2 620 2
2 617 2
2 5 1
1 7 1
1 3 1
1 2 1
14 490 1
14 15 1
536 537 1
537 555 1
16 23 1
16 21 1
16 17 1
17 626 2
17 625 2
17 18 1
539 549 1
539 540 1
18 20 1
18 21 1
540 611 1
540 551 1
19 24 1
19 21 1
19 20 1
541 553 1
541 580 1
541 542 1
20 624 2
21 22 1
22 24 1
22 23 1
23 27 1
23 29 1
24 628 2
25 28 1
25 123 1
25 26 1
26 623 2
26 626 2
26 27 1
27 28 1
28 29 1
28 30 1
29 31 1
60 61 1
61 63 1
61 62 1
62 647 2
63 924 4
64 67 1
64 68 1
64 65 1
65 861 4
65 886 4
65 66 1
66 430 1
66 67 1
67 70 1
67 69 1
68 631 2
68 69 1
69 71 1
70 430 1
70 71 1
71 632 2
71 630 2
72 74 1
72 78 1
72 73 1
73 632 2
73 630 2
73 75 1
74 79 1
74 77 1
74 75 1
75 76 1
76 81 1
76 79 1
77 80 1
77 78 1
78 633 2
79 82 1
79 80 1
80 634 2
80 85 1
81 84 1
81 82 1
82 83 1
82 85 1
83 467 1
83 84 1
84 933 4
85 467 1
86 89 1
86 90 1
86 87 1
87 645 2
87 88 1
88 517 1
88 89 1
89 251 1
89 91 1
90 735 2
90 644 2
90 91 1
91 613 1
92 100 1
92 94 1
92 93 1
93 629 2
93 95 1
94 98 1
94 97 1
94 95 1
95 96 1
96 870 4
96 98 1
97 104 1
97 99 1
97 100 1
98 99 1
99 101 1
100 646 2
100 103 1
101 104 1
101 106 1
102 826 2
102 105 1
102 103 1
103 104 1
104 105 1
105 106 1
106 878 4
106 872 4
107 114 1
107 112 1
107 108 1
108 782 2
108 109 1
109 114 1
109 111 1
110 117 1
110 114 1
110 111 1
111 650 2
112 649 2
112 113 1
112 115 1
113 117 1
113 116 1
113 114 1
115 134 1
115 116 1
116 118 1
116 136 1
117 121 2
117 118 1
118 119 1
119 126 2
119 136 1
119 515 1
120 124 1
120 122 1
120 121 1
121 650 2
121 127 1
122 127 1
122 125 1
122 128 1
123 627 2
124 651 2
124 125 1
125 129 1
126 128 1
126 127 1
258 261 1
259 702 2
259 260 1
260 263 1
260 261 1
261 262 1
262 280 1
262 263 1
263 583 1
263 289 1
264 281 1
264 267 1
264 265 1
265 703 2
265 266 1
266 269 1
266 267 1
267 282 1
267 268 1
268 270 1
268 269 1
269 277 1
269 271 1
270 282 1
270 294 1
270 293 1
271 274 1
271 272 1
272 703 2
272 273 1
273 275 1
273 274 1
274 278 1
274 277 1
275 705 2
275 278 1
277 332 1
278 332 1
279 281 1
279 280 1
280 583 1
280 335 1
281 335 1
281 282 1
282 285 1
283 286 1
283 285 1
283 284 1
284 583 1
284 335 1
284 287 1
285 293 1
285 335 1
286 298 1
286 708 2
286 293 1
287 292 1
287 288 1
288 583 1
288 290 1
288 289 1
289 291 1
290 292 1
290 291 1
291 702 2
291 790 2
292 708 2
292 789 2
293 297 1
294 297 1
294 295 1
295 707 2
295 332 2
295 296 1
296 297 1
296 299 1
297 298 1
298 299 1
299 706 2
299 709 2
300 305 1
300 304 1
300 301 1
301 717 2
301 713 2
301 377 1
302 305 1
302 307 1
302 303 1
303 715 2
303 377 1
304 716 2
304 306 1
305 377 1
305 306 1
306 307 1
307 783 4
308 312 1
308 310 1
308 309 1
309 783 2
309 557 1
310 557 1
310 313 1
310 311 1
311 314 1
311 312 1
312 921 4
313 316 1
313 314 1
313 317 1
314 320 1
315 319 1
315 317 1
315 316 1
316 718 2
316 557 1
317 318 1
317 320 1
318 323 1
318 319 1
319 719 2
320 323 1
321 488 1
321 543 1
321 322 1
322 393 2
322 519 2
322 535 1
323 900 4
323 742 4
324 840 2
324 843 2
324 600 1
324 325 1
325 602 1
325 328 1
326 405 1
326 384 1
326 403 1
326 327 1
327 406 1
327 385 1
328 560 1
328 600 1
328 329 1
329 602 1
329 485 1
330 529 1
330 512 1
330 331 1
331 771 2
331 550 1
331 581 1
332 704 2
333 334 1
334 802 2
334 820 2
334 455 1
336 789 2
336 343 1
336 462 1
336 337 1
337 463 1
337 468 1
338 362 1
338 367 1
338 365 1
338 339 1
339 363 1
339 499 1
340 402 1
340 463 1
340 341 1
341 780 2
341 466 1
342 825 4
342 835 2
342 382 1
342 343 1
343 345 1
344 402 1
344 347 1
344 346 1
344 345 1
345 462 1
345 382 1
346 349 1
346 382 1
347 380 1
347 349 1
347 348 1
348 513 1
348 402 1
349 379 1
350 360 1
350 460 1
350 351 1
351 806 2
351 353 1
352 830 2
352 441 1
353 355 1
353 360 1
354 361 1
354 360 1
354 355 1
355 957 8
357 391 1
357 561 1
357 510 1
357 358 1
358 597 1
358 596 1
359 460 1
359 361 1
359 360 1
361 760 2
362 368 1
362 363 1
363 912 8
363 904 4
364 372 1
364 367 1
364 526 1
364 365 1
365 499 1
366 676 2
366 672 2
366 383 1
367 398 1
367 368 1
368 369 1
369 398 1
369 370 1
370 906 4
370 798 2
370 378 1
371 378 1
371 372 1
372 498 1
372 398 1
373 523 1
373 545 1
373 400 1
373 374 1
374 614 1
374 514 1
375 566 1
375 605 1
375 425 1
375 376 1
376 489 1
376 494 1
376 392 1
378 398 1
379 832 4
379 906 4
379 380 1
380 513 1
381 689 2
384 401 1
384 385 1
385 400 1
385 523 1
386 451 1
386 582 1
386 480 1
386 387 1
387 481 1
387 598 1
388 492 1
388 442 1
388 389 1
389 922 4
389 443 1
390 569 1
390 510 1
390 763 2
390 391 1
391 562 1
391 597 1
392 394 1
392 393 1
393 580 2
393 546 1
394 546 1
394 494 1
394 395 1
395 574 1
395 495 1
395 497 1
396 418 1
396 449 1
396 397 1
397 419 1
397 424 1
400 544 1
401 422 1
401 405 1
401 404 1
402 462 1
403 406 1
403 408 1
404 492 1
404 442 1
404 454 1
405 408 1
405 454 1
406 747 4
406 744 2
407 454 1
407 410 1
407 408 1
409 515 1
410 787 2
410 752 2
410 413 1
411 836 2
411 812 2
411 548 1
411 412 1
412 570 1
412 503 1
413 492 1
413 454 1
414 416 1
414 431 1
414 415 1
415 816 4
415 417 1
416 459 1
416 427 1
416 417 1
417 421 1
418 434 1
418 426 1
418 419 1
419 427 1
419 420 1
420 424 1
420 421 1
421 427 1
422 442 1
422 423 1
423 614 2
423 443 1
424 959 8
425 489 1
425 538 1
425 507 1
426 459 1
426 428 1
426 427 1
428 434 1
428 429 1
429 748 2
429 747 2
429 435 1
430 638 2
431 747 2
431 459 1
432 527 1
432 572 1
432 433 1
433 937 4
433 931 4
433 502 1
434 449 1
434 435 1
435 436 1
436 749 2
436 449 1
437 438 1
438 753 2
438 756 2
438 440 1
439 525 1
439 775 2
439 440 1
440 448 1
442 443 1
444 501 1
444 584 1
444 445 1
445 776 2
445 554 1
446 612 1
446 516 1
446 447 1
447 521 1
447 594 1
447 588 1
450 764 2
450 582 1
450 569 1
450 451 1
451 481 1
452 486 1
452 586 1
452 453 1
453 578 1
453 487 1
453 472 1
455 511 1
455 456 1
456 778 2
456 524 1
457 484 1
457 553 1
457 458 1
458 516 2
458 791 2
458 509 1
460 765 2
460 745 2
461 822 2
462 463 1
463 466 1
464 577 1
464 520 1
464 471 1
464 465 1
465 542 1
465 475 1
466 468 1
467 635 2
468 790 2
469 570 1
469 547 1
469 470 1
470 575 2
470 771 2
470 571 1
471 578 1
471 472 1
472 504 1
472 551 1
473 595 1
473 587 1
473 474 1
474 764 2
474 477 1
475 541 1
475 607 1
475 520 1
476 763 2
476 576 1
476 559 1
476 477 1
477 587 1
478 479 1
479 485 2
479 538 1
479 507 1
480 598 1
480 585 1
481 491 1
481 482 1
482 564 1
482 527 1
483 580 1
483 553 1
483 484 1
484 592 1
484 518 1
485 606 2
485 560 1
486 549 1
486 487 1
487 551 1
487 539 1
488 599 1
488 538 1
488 489 1
490 822 2
491 572 1
491 527 1
493 528 1
494 566 1
494 495 1
495 496 1
495 608 1
496 497 1
497 537 1
497 508 1
499 828 2
500 529 1
500 584 1
500 501 1
501 554 1
501 530 1
502 564 1
502 527 1
503 595 2
503 571 1
504 552 1
504 505 1
505 542 2
505 516 2
505 590 1
506 507 1
507 605 1
508 555 1
508 579 1
508 574 1
509 553 1
509 542 1
510 531 1
512 530 1
512 532 1
512 550 1
513 780 2
514 742 2
514 545 1
516 588 1
517 876 4
518 568 1
518 579 1
519 799 2
519 607 1
519 520 1
521 612 1
521 522 1
522 924 16
522 902 4
522 594 1
523 614 1
2
18 48 2 1 2
69 99 3 1 2 3
250
1 1 1287 126 0.9802317642480557 0.09461949740925613 0
15 286 0 287 1041677 313 1625937 339 1660941 365 1795606 391 1216973 417 1049871 443 1339722 468 1117082 494 838478 520 999717 546 752162 572 740291 598 564222 599 0
0
2 1 844 206 0.9839261737346672 0.06136509684412915 0
19 271 0 272 3399209 297 2339311 321 2407461 346 2035383 371 690872 396 893570 421 2386812 445 1602197 470 1324221 495 947691 519 779247 544 522642 569 743444 594 817572 619 768229 643 1545902 668 1915083 669 0
0
3 3 771 50 0.9909730387935299 0.09949842935449783 0
15 295 0 296 2280288 322 2293454 347 2388997 373 2899868 398 1923559 424 1785299 449 2134107 475 2191561 501 1296774 526 776381 552 652862 577 312114 603 261517 604 0
1 2
4 1 1340 348 0.9838074074794811 0.05893454336000598 0
15 236 0 237 2305415 261 2129961 285 2224523 309 1990851 333 2218957 357 1450152 381 1750281 405 737854 429 1367563 453 1663157 477 1414307 501 938964 525 862029 526 0
0
5 2 805 944 0.9857331812187785 0.04379880671938607 0
31 0 0 1 1025540 26 743449 51 860765 76 1599240 100 1941771 125 1096333 150 1108857 175 1493634 200 1445110 225 2818739 250 2748615 274 1576484 299 2050052 324 2338318 349 2357168 374 2171772 399 1907085 424 2822409 448 2092400 473 1925055 498 1762699 523 1471780 548 1694351 573 2270712 598 1180532 622 483270 647 779745 672 1084465 697 1320875 698 0
1 4
6 3 1179 668 0.9999171038159863 0.12080496475518544 0
27 16 0 17 341348 42 799264 68 1763795 93 2013429 119 1587223 144 2245330 169 2449006 195 1823523 220 1576396 246 1179904 271 837386 297 781903 322 615618 347 682102 373 863681 398 965972 424 734960 449 626827 475 500779 500 368477 525 240243 551 284766 576 295342 602 267870 627 349129 628 0
0
7 1 911 507 0.9965279263152834 0.09214734362128084 0
14 194 0 195 1531293 220 1563876 244 1381074 269 1123625 293 1420399 318 1481721 342 1542587 367 1774079 391 3023482 416 2346537 440 1550426 465 2769789 466 0
0
8 3 1264 325 0.9952611100373685 0.07517230882965933 0
12 189 0 190 313035 215 426221 239 381005 264 895211 288 1907406 313 1779218 337 1389216 362 1194932 386 1523475 411 1731730 412 0
1 7
9 2 917 878 0.9976405501691521 0.07548362655000308 0
29 52 0 53 146355 78 97503 102 105801 127 119048 152 91038 177 115548 201 72301 226 86515 251 112894 276 135550 300 106540 325 128352 350 148013 375 226348 399 410588 424 429231 449 513463 473 940218 498 1263430 523 1318713 548 2006450 572 2311883 597 2307435 622 2112730 647 1978861 671 1695354 696 1430591 697 0
1 7
10 1 576 47 0.9947857293554364 0.043539760023582244 0
10 377 0 378 905190 403 1204990 428 1954622 453 1098232 478 1032617 503 740870 528 1182083 553 1071594 554 0
0
11 3 783 423 0.9994180003503437 0.1336344647069062 0
14 160 0 161 2246156 185 1639681 210 2354346 234 1968558 258 1768106 283 1747626 307 1141264 332 673226 356 728283 380 1533931 405 1331831 429 1595942 430 0
1 10
12 3 850 690 0.9978875945823426 0.09471440862554334 0
15 139 0 140 1171760 165 1060816 191 1648843 216 1248428 241 1413049 267 1739262 292 1681779 317 1179157 343 854829 368 866993 393 1068164 419 1200383 444 889372 445 0
0
13 3 1120 283 0.9982025917257545 0.1498597185132696 0
23 148 0 149 2615424 174 1502090 199 905815 224 825579 249 781627 274 1369823 299 1256096 324 1159477 349 1400203 374 1958288 399 2339385 424 3280106 449 2562267 474 4132402 499 2472482 524 1006924 549 1239418 574 532347 599 679755 624 726134 649 409951 650 0
1 12
14 3 1381 254 0.9901893332123886 0.09810910021503967 0
16 183 0 184 760118 209 1077158 234 1193083 259 864279 284 1213348 309 1173240 334 1057025 360 814687 385 871690 410 863893 435 1256616 460 1018363 485 1421949 510 1584630 511 0
1 13
15 2 1348 816 0.9914150078650668 0.08360886389815408 0
28 22 0 23 3576979 48 3045750 73 3116668 98 2793720 123 2256055 148 1890978 173 2193264 198 1462914 223 1534810 248 2029937 273 1680651 298 2481493 323 2296921 347 1376885 372 1461580 397 977098 422 475200 447 400442 472 516793 497 770403 522 980522 547 951660 572 1315041 597 1650916 622 837003 647 526387 648 0
0
16 1 948 282 0.9868234580459134 0.05767963183088328 0
16 3 0 4 822952 28 1300155 53 1642247 77 2023845 101 1931049 126 2251589 150 2539388 174 2324226 198 1722876 223 2638851 247 2216888 271 1843880 296 1869179 320 2106875 321 0
0
17 2 1043 921 0.9989640078733273 0.06846587833263171 0
25 73 0 74 633629 99 499612 123 512893 148 396065 173 325055 198 543469 222 550270 247 654920 272 486643 297 518436 321 431277 346 500134 371 769482 395 782991 420 894471 445 917235 470 1509134 494 1250239 519 1231227 544 1276289 569 2142503 593 2548788 618 3578621 619 0
1 16
18 1 933 850 0.9936216725231434 0.06230363385962627 0
30 14 0 15 2747178 40 1660645 64 2379490 89 1496117 114 1175106 138 1013156 163 1067971 188 1047751 212 964262 237 741084 262 723805 286 544020 311 665953 336 669164 360 660244 385 650638 410 361730 434 462456 459 874128 484 1175129 508 1330457 533 1568958 558 1275494 582 1314308 607 1150221 632 2031047 656 1605876 681 2122721 682 0
2 16 17
19 1 866 398 0.9898475315707175 0.025558324879953825 0
13 94 0 95 2528295 121 1273191 147 1212773 173 1151456 199 806451 225 492199 252 333651 278 314749 304 257046 330 323692 356 411640 357 0
1 17
20 3 1202 680 0.9822099752624628 0.05290182401011117 0
8 224 0 225 913919 250 1349070 275 1754462 299 1876941 324 2021351 349 2878386 350 0
0
21 2 510 45 0.9910025245227867 0.04168010266932177 0
23 139 0 140 162445 165 191841 191 229480 216 262276 242 308227 267 203892 293 253497 318 311355 344 382919 369 545096 395 679172 420 951935 445 756395 471 462818 496 761560 522 1480159 547 1633404 573 1629858 598 1492557 624 2116267 649 1990325 650 0
1 20
22 1 852 297 0.9975281330912658 0.09836846890352555 0
15 76 0 77 789309 101 1010203 125 1416831 149 1445351 173 1694293 197 1192815 221 1369106 245 1908500 269 1733073 293 1432197 317 1259771 341 2032264 365 2083187 366 0
0
23 3 798 401 0.9964736822768621 0.10446073752065334 0
17 235 0 236 333248 261 307561 287 470903 313 326867 338 418602 363 781586 389 777136 415 1158004 440 1115333 465 1764812 491 1122401 517 1477082 542 1756715 567 1752884 593 1362500 594 0
0
24 1 1335 956 0.9923773054189988 0.1133677589986989 0
8 66 0 67 2493529 90 2437486 113 1850416 136 1691997 159 1452856 182 783614 183 0
0
25 1 1342 86 0.9902354265753317 0.0854919606067669 0
7 78 0 79 1538895 106 1367521 133 1530695 160 1487919 187 1990132 188 0
0
26 1 904 217 0.9912618939340668 0.009973347404436722 0
25 36 0 37 335614 62 764522 87 1145004 112 1336345 137 2384350 162 2496626 186 1971281 211 1179254 236 1076980 261 1497836 286 1700614 311 1823498 336 2482845 361 1937579 386 1890277 411 1300026 436 933580 460 949505 485 1088199 510 2035945 535 2992511 560 1885348 585 1488039 586 0
1 25
27 1 856 650 0.9954912531453833 0.05612590431010283 0
16 182 0 183 636562 209 1415289 234 864882 260 1041484 285 969403 311 1468488 337 1359058 362 1342775 388 1926542 414 2723169 439 2636884 465 1084845 490 1429557 516 1339320 517 0
0
28 2 516 62 0.9968841421807009 0.1319851967829664 0
23 165 0 166 587136 190 653470 215 686505 239 687757 263 297777 288 233303 312 310082 336 295524 361 347863 385 653847 409 1391146 434 2042115 458 2309155 483 2772345 507 1965807 531 1762234 556 1475985 580 1370410 604 1427881 629 1120358 653 1533643 654 0
1 27
29 3 1168 708 0.990102200677888 0.10529800442473798 0
12 401 0 402 899477 428 597974 454 393810 480 458839 506 565074 533 1218195 559 1731963 585 1355593 611 1196286 637 2029209 638 0
0
30 2 1169 835 0.9826503774191571 0.06163136670803357 0
18 255 0 256 1454781 280 1739942 305 1597376 329 1912887 353 1703387 378 1743208 402 1931853 426 2424664 451 2270219 475 2123380 499 2201175 524 1744964 548 2346663 572 1158595 597 921149 621 1653748 622 0
0
31 3 618 923 0.985112255979264 0.0133380313452656 0
21 151 0 152 1191963 177 1330201 202 2357744 227 4193182 252 3284196 277 1911459 302 1647239 327 654752 352 566652 377 335539 403 276679 428 468989 453 364333 478 413483 503 483839 528 297684 553 270240 578 216511 603 325155 604 0
1 30
32 3 1363 263 0.9975879505570887 0.1482952178346062 0
24 30 0 31 4457657 56 4025559 82 2099303 107 2497948 132 1918827 158 1484570 183 1434888 208 1696717 234 1064920 259 980700 284 616685 310 713239 335 895456 360 824150 386 419144 411 459461 436 302014 462 345880 487 342110 512 382516 538 667476 563 547235 564 0
0
33 3 650 303 0.9857182549129159 0.04097147717184616 0
18 35 0 36 1858820 61 1461843 87 1761654 112 1115818 138 1052318 163 1072769 189 1444449 214 1337303 240 1433313 265 1183259 291 1106048 316 869035 342 679258 367 472700 393 994746 418 1210743 419 0
1 32
34 3 710 663 0.986662211272583 0.146990542231364 0
10 371 0 372 1613856 395 1629377 419 1028735 442 1397745 465 1313175 488 837004 512 1071827 535 730901 536 0
0
35 2 655 514 0.9866682512012148 0.04987833707263712 0
15 129 0 130 843213 156 1205884 182 1474747 207 1401499 233 1761324 259 1598949 285 1740705 311 2139454 337 1802031 363 1906199 388 2541052 414 2173479 440 1718892 441 0
0
36 1 614 573 0.9961550707639869 0.030678657343106083 0
23 177 0 178 3279612 203 3765780 227 3184541 252 1916078 277 2057567 301 1644347 326 1385636 351 1325314 375 1771564 400 1753730 425 1260850 449 861773 474 727063 498 890476 523 782477 548 765885 572 936947 597 1109146 622 751420 646 793086 671 883037 672 0
1 35
37 2 1037 728 0.9865684255707298 0.04494597049332986 0
13 210 0 211 2180090 235 1441183 260 1509780 284 2179071 308 2252404 333 2374403 357 1098052 381 1781358 405 1132007 430 1498238 454 1168523 455 0
1 35
38 1 1026 558 0.9855492095370918 0.05831846039449107 0
19 23 0 24 1239360 49 1291265 75 1573394 100 2307999 125 1141348 151 1336906 176 1261722 202 1159819 227 1701511 252 1501148 278 1341892 303 1085273 329 738935 354 1206797 379 1922174 405 1645126 430 1342844 431 0
0
39 1 602 773 0.9811396596684404 0.016201850037934527 0
13 318 0 319 398225 344 443683 368 577575 393 743935 417 847582 442 956431 467 1775876 491 3055780 516 2720655 540 2541177 565 2538444 566 0
1 38
40 2 1393 213 0.9959810052441864 0.0643043682317443 0
14 370 0 371 1594535 395 3117716 419 1911853 444 1703478 468 927836 492 634146 516 1068174 540 1258857 564 1456187 589 1308834 613 1270045 637 783948 638 0
0
41 3 1058 42 0.9829781635942252 0.10629012959704867 0
14 398 0 399 1493371 423 1272961 447 947913 471 707840 495 960766 519 1263648 543 1593711 567 1647989 591 1950486 615 2077316 639 1318874 663 1432556 664 0
1 40
42 3 549 87 0.9922009989147533 0.10021848642953245 0
12 13 0 14 936812 38 787905 62 1148548 86 1260422 110 1851935 133 1500864 157 1333664 181 1580082 205 2413294 229 3629742 230 0
0
43 1 702 365 0.9872693891633364 0.009618284234340108 0
10 77 0 78 254203 103 348677 128 307911 153 357793 178 667093 203 1394564 228 1705192 253 2561285 254 0
1 42
44 1 678 939 0.986782182044072 0.13480099769658116 0
28 40 0 41 96554 66 101343 90 64517 115 49890 140 72148 165 202426 189 322882 214 312006 239 311374 263 588061 288 887859 313 1762552 338 1315970 362 1527574 387 1749120 412 2008984 437 1655005 461 994898 486 998205 511 1469923 535 1751292 560 973827 585 1343907 610 1430116 634 2854273 659 4270796 660 0
2 42 43
45 3 504 308 0.9952990856513326 0.13073676208785828 0
9 12 0 13 1358710 39 1736922 65 1106133 91 998356 117 1805581 143 1104152 169 1869802 170 0
0
46 1 683 72 0.9892170497355348 0.03735080726800929 0
27 88 0 89 1231655 114 1047032 139 1005299 164 1754131 189 1901254 214 1510437 239 885921 265 713769 290 733497 315 729426 340 644051 365 457153 390 431116 415 604470 440 726839 465 884232 490 881469 515 1002146 541 1299542 566 1186736 591 2292668 616 2476560 641 1865836 666 2913783 691 2211117 692 0
1 45
47 2 706 37 0.9853082410982142 0.10036893805525358 0
13 34 0 35 1672372 61 1405067 86 1723387 112 1110234 138 686509 163 1004938 189 526880 215 531883 241 418252 266 563399 292 1052187 293 0
0
48 1 851 948 0.9851312564759417 0.11636535792263411 0
8 495 0 496 1778913 520 990183 543 875082 567 794529 590 611422 614 863730 615 0
2 47 49
49 3 761 503 0.9994997449722959 0.12424524598233327 0
10 157 0 158 2594827 183 3015122 208 1789926 233 1432404 258 1192469 283 970662 308 747560 333 1267143 334 0
0
50 1 826 610 0.9987057966113635 0.07754950210788382 0
28 5 0 6 1007878 31 1739065 56 2876566 81 2361076 106 2974308 131 2871947 156 2607854 181 1937677 206 1244524 231 611892 256 759883 281 842228 306 1074311 332 849883 357 869978 382 1483138 407 1466164 432 959578 457 547601 482 582773 507 195665 532 162117 557 227075 582 206640 607 194748 632 149449 633 0
0
51 2 1066 191 0.9978562299634176 0.07291083084490517 0
19 294 0 295 117075 319 198645 344 144642 368 188123 393 177909 417 188345 441 213856 466 539256 490 791359 514 2240635 539 2205711 563 1751618 587 2386845 612 2087222 636 3141760 661 3274043 685 3039352 686 0
1 50
52 2 894 416 0.9825944103728115 0.022637596531732477 0
15 253 0 254 1530938 279 1191235 303 1199074 327 1251854 352 1600629 377 1876439 401 2692242 425 1958696 450 1369314 475 1822073 499 2493052 523 2536830 548 2957625 549 0
1 50
53 1 701 540 0.9933582294940309 0.024566259930953977 0
23 55 0 56 1184968 81 1738460 106 1904110 131 1661755 156 1452412 181 694720 205 522548 230 599545 255 426115 280 728660 305 735225 330 504205 355 579499 380 1238456 405 1615953 429 1278395 454 1772541 479 1861404 504 1620746 529 1527205 554 1397721 555 0
0
54 3 760 499 0.9873255374413209 0.0761093984910608 0
14 94 0 95 531726 120 572338 145 405809 169 348498 194 497129 219 453005 244 940664 269 1018760 294 1026086 318 1480036 343 1837205 368 1831403 369 0
1 53
55 1 1337 378 0.9821083684686029 0.02917234380689092 0
8 288 0 289 1580734 315 1991294 340 1736712 366 1252687 391 1123315 417 923162 418 0
0
56 3 582 430 0.9959363388125443 0.11165772000066625 0
8 489 0 490 2244631 513 1644743 535 1383944 558 933260 580 819198 603 1030603 604 0
1 55
57 1 1188 618 0.9956333392892238 0.10347447110949995 0
25 115 0 116 1913637 141 2169580 166 1345943 192 1169851 217 1240367 242 1181617 267 1333024 292 2391058 317 2175168 343 1318388 368 2126875 393 2013451 418 2167917 443 1611131 469 1917272 494 1112527 519 946551 544 990397 569 1053107 594 1118858 620 992590 645 881564 670 492639 671 0
0
58 2 905 178 0.9884687711905745 0.09438787623546648 0
8 370 0 371 1560042 394 1193546 417 1227866 441 2280198 464 2636560 487 2230402 488 0
2 57 59
59 1 1417 466 0.9847301510884253 0.03839403200979805 0
12 158 0 159 605738 185 660206 210 664348 236 602968 261 588376 287 799652 312 1173099 338 751367 363 1971421 389 1309755 390 0
0
60 3 1090 658 0.997081212591121 0.09129943532733173 0
9 319 0 320 1243069 346 2165845 371 1573703 397 1389003 423 1296020 448 1173874 474 1096134 475 0
0
61 1 1350 651 0.9993734733460968 0.09851348846287669 0
28 36 0 37 2105287 62 2998900 86 3072744 111 2892229 136 2288352 160 2217924 185 2230530 210 1142776 234 964190 259 557643 284 391504 308 373236 333 313008 358 389609 383 471870 407 361934 432 304834 457 208824 481 254601 506 223580 531 197556 555 182539 580 220612 605 206952 629 194438 654 199777 655 0
1 60
62 1 1178 646 0.9982902692947503 0.08450647760086678 0
30 2 0 3 116544 28 312476 52 354816 77 648733 101 581868 126 865575 151 967653 175 981907 200 854825 224 1534848 249 2758408 274 2154015 298 1520885 323 1287641 347 1273700 372 1221983 396 1015991 421 1219416 446 751495 470 809831 495 1548251 519 2029780 544 1225027 569 1338569 593 1271109 618 915879 642 644994 667 566186 668 0
2 60 63
63 1 695 685 0.9990705175258437 0.1217970972589032 0
19 213 0 214 3565105 238 2389584 263 1574918 287 1018532 311 1140006 336 1004332 360 1127103 385 1029717 409 1213453 433 807096 458 602239 482 487588 507 547623 531 909958 555 1493986 580 872436 604 832284 605 0
0
64 3 1367 277 0.9947057412699822 0.11287661122124107 0
18 230 0 231 2364760 255 2332217 280 1715138 304 1779147 329 1310259 353 1155803 378 587452 402 606663 427 648277 451 1029881 476 587961 500 622595 525 673457 549 880027 574 957558 598 826670 599 0
0
65 2 568 477 0.9916297201866494 0.003620072183406786 0
12 16 0 17 967355 42 1477762 67 1912976 93 2160580 118 2362269 143 2025650 168 1829180 194 1854446 219 1449502 244 1850047 245 0
2 64 66
66 3 1176 595 0.9801620620119996 0.011048063151570359 0
27 78 0 79 1943473 104 1932865 129 1915005 154 1813098 179 1886514 204 1530857 229 3019548 255 2684505 280 1223261 305 1263078 330 1110893 355 997582 380 1006390 405 1087214 430 979810 455 699234 480 481771 505 614926 531 644421 556 923568 581 1040688 606 1802628 631 2413931 656 2114842 681 2566388 682 0
0
67 2 811 221 0.9888714514903943 0.08821260444727838 0
23 105 0 106 521148 131 295177 155 265216 180 214040 204 338570 229 262090 254 311014 278 598480 303 715068 327 638580 352 1011246 377 1216954 401 3470997 426 3239494 450 3201674 475 2639220 500 2297304 524 1951766 549 2437971 573 1577890 598 1461109 599 0
0
68 1 1172 948 0.9847681516457406 0.11993189369800017 0
24 58 0 59 367360 83 359330 108 433044 132 417304 157 695255 181 834330 205 1600423 230 1398737 254 861752 278 890932 303 876061 327 1021279 352 1391303 376 1783647 400 1356809 425 2177333 449 2385676 473 1203716 498 1103781 522 1106406 547 933289 571 1004413 572 0
1 67
69 2 1252 784 0.9832553998792771 0.04914968925773255 0
16 228 0 229 1030205 254 897532 278 1047484 303 1343530 327 1276020 352 1343375 376 1053234 401 810613 425 1261013 450 1755924 474 1474722 499 1362462 523 1291415 548 1630976 549 0
1 67
70 1 1236 675 0.9893476685322897 0.012467435483817162 0
10 440 0 441 1038010 467 850776 492 838013 518 840741 544 824943 570 1169789 595 2302964 621 3579665 622 0
0
71 1 722 181 0.9848997941154265 0.04670259647477605 0
30 20 0 21 1598728 46 1272647 71 740777 96 1163950 122 788004 147 1086945 172 1027970 197 1031034 222 752771 247 575133 272 720850 298 777273 323 1295332 348 820183 373 895274 398 951900 423 2123258 449 2890040 474 2561672 499 2847780 524 1578937 549 1758656 574 2414385 599 3127514 625 2761157 650 3761803 675 2877085 700 1806299 701 0
0
72 2 832 600 0.9832729772877797 0.14401215269803994 0
23 32 0 33 3835794 58 3076681 83 1538758 109 1586719 134 1247455 159 842705 185 1881141 210 1498421 235 2114016 260 1715232 285 1262966 311 1020839 336 1170119 361 969055 387 1016079 412 866236 437 970962 462 1429338 487 2164295 513 2527776 538 3079266 539 0
0
73 3 857 493 0.981192066898411 0.14979441300098106 0
19 262 0 263 1657173 288 2214233 313 2688196 337 2447194 362 2999730 387 2441371 412 2341592 437 1986534 461 1584238 486 1632437 511 1303070 536 817815 561 953486 586 1004305 610 1181260 635 700879 660 743349 661 0
1 72
74 1 854 574 0.9876529955119979 0.027442189246074732 0
13 297 0 298 1298102 322 1164042 346 937898 370 1863728 394 1920836 418 1875393 442 946153 466 813390 490 713751 514 1088545 538 2338306 539 0
0
75 1 1017 380 0.9858894155796634 0.06108056930995466 0
7 7 0 8 1185858 36 2554094 63 1632464 91 1951095 119 2316432 120 0
0
76 2 881 902 0.9853827501693516 0.08040373195986229 0
24 12 0 13 748925 38 553422 62 559089 87 821441 111 1302424 136 869888 161 1165015 185 2152329 210 1747140 235 1670875 259 1714132 284 2213562 308 2237767 333 1636565 358 1625416 382 1429077 407 1145514 432 561644 456 640831 481 510648 505 266776 530 443215 531 0
2 75 77
77 3 573 840 0.9905344442218016 0.013609063197225612 0
20 139 0 140 1985414 164 1540718 188 1100504 213 1330461 237 1081177 261 1053259 285 770259 310 670248 334 1006208 358 1071848 382 996150 407 1201307 431 1186189 455 1147401 479 2474136 504 2644830 528 1380571 552 1912746 553 0
0
78 3 670 374 0.9824232953997818 0.07981738810327317 0
11 239 0 240 335827 264 382813 287 396267 311 1007603 335 1630210 359 1183931 383 1291127 406 1816048 430 1548125 431 0
1 76
79 2 1084 705 0.9956740983890001 0.12265864794947605 0
23 106 0 107 212012 132 162803 157 105800 182 151273 207 226034 232 475039 257 500366 282 548044 307 494069 332 397687 357 423778 382 479880 407 846148 432 991479 457 604019 482 784791 507 1254430 532 1290664 557 1603476 582 2140244 607 2504782 608 0
0
80 2 1082 386 0.9842826025599258 0.12807344023044 0
25 108 0 109 1693799 134 1736526 159 901393 184 1143492 210 755353 235 697877 260 456259 285 401412 310 562779 335 425643 360 283317 385 277020 411 263654 436 343205 461 409730 486 1441993 511 1374260 536 1340325 561 1244426 587 837511 612 2192597 637 2584742 662 2456401 663 0
1 79
81 3 1085 949 0.9859216788766971 0.013684082021076698 0
14 130 0 131 1975006 157 2101228 183 2833254 208 1584896 234 1442755 260 1369409 286 2155661 312 1953197 338 1219908 363 834937 389 1009543 415 1311390 416 0
0
82 2 1118 187 0.981599660621852 0.053570700334121986 0
27 27 0 28 196134 53 177461 79 270232 104 355643 129 413345 154 376085 179 396784 205 338686 230 532200 255 650347 281 528338 306 880429 331 1293105 356 1404230 381 2211647 407 1600206 432 1724850 457 1827613 483 1728555 508 1631672 533 1711964 558 2832130 583 2341315 609 3996488 634 3621605 635 0
0
83 2 876 16 0.9969557799589046 0.14353825426677985 0
14 55 0 56 1414490 81 1278224 107 1602857 132 1297181 157 1351129 183 902407 208 922684 234 1404637 259 741116 284 912433 310 1531580 335 2439104 336 0
0
84 2 956 654 0.9930362472647457 0.0696657750771179 0
18 113 0 114 382279 138 637929 162 801325 186 929062 211 1549873 235 1126860 259 1122750 283 1478226 307 1548169 331 1652187 355 1258681 379 1235220 404 1922642 428 1732290 452 2771452 476 1132532 477 0
1 83
85 3 864 525 0.9963702674474253 0.002109838504585726 0
21 226 0 227 1368561 253 1059206 278 864961 304 1533952 329 881645 355 1106612 380 1362904 406 1736461 431 1495260 457 1473831 483 1146037 508 1327087 534 3117214 559 2698622 585 2002982 610 1374966 636 1805921 661 2521270 687 1661964 688 0
0
86 3 665 274 0.9879034048812841 0.08677199405835302 0
9 335 0 336 1563456 359 1840265 382 1256695 405 1058008 427 903049 450 431117 473 419286 474 0
0
87 3 1159 51 0.9958791431311487 0.08122065728630186 0
30 12 0 13 283853 38 305061 63 241926 88 277325 113 192179 138 218450 163 339446 188 618469 213 631218 238 800789 263 780046 288 576023 313 545076 338 649428 364 706425 389 632178 414 1047252 439 884121 464 1452319 489 2065297 514 1622297 539 3080905 564 1989799 589 2009201 614 2004311 639 3740694 664 5215336 689 4175540 690 0
1 86
88 2 1308 691 0.9890211516227291 0.1015901231141493 0
10 26 0 27 793234 51 2236065 76 2401794 100 1510923 125 1507727 149 1376832 174 1289236 198 1848041 199 0
0
89 1 1169 578 0.9882890003431999 0.07553117072270611 0
14 1 0 2 2011800 28 1169754 53 1512410 79 1638865 105 1502759 131 2162021 156 1695091 182 2656606 208 1700917 234 2117104 259 1771747 285 1460460 286 0
0
90 3 1482 932 0.9868737567137221 0.1064683539481739 0
29 32 0 33 2480779 58 2773087 83 1752325 108 1829161 132 1458722 157 1560470 182 1271091 207 801929 232 634178 257 770367 281 1117213 306 923976 331 916890 356 932149 381 2608104 406 2650455 431 2615245 455 2783118 480 2560430 505 2348054 530 2855544 555 1955403 580 2200243 604 850314 629 1701156 654 1953419 679 1058962 680 0
1 89
91 2 594 799 0.990740259255465 0.04854704300851354 0
15 228 0 229 1016101 254 870319 278 939030 303 972288 328 1248220 352 1436100 377 1568546 402 1485858 426 1946902 451 2348789 476 1555819 500 987179 525 1062411 526 0
0
92 2 1262 381 0.9987645353307435 0.1306026335007355 0
26 86 0 87 1155937 111 794174 136 1033311 160 1106486 185 813191 209 848981 234 588304 258 500590 282 468487 307 675537 331 599133 356 675366 380 560831 405 1139715 429 1214460 454 1078425 478 1034327 502 1164114 527 1560243 551 1515428 576 1403513 600 1381331 625 1451501 649 1660111 650 0
0
93 2 1433 782 0.9821347769907779 0.10824454618482056 0
17 80 0 81 672575 106 1236320 130 1016216 155 1042089 179 1211653 204 773372 228 1092273 253 776121 278 1485625 302 2161775 327 2062334 351 1452143 376 2074907 400 2028082 425 1679742 426 0
1 92
94 3 753 212 0.9883210552917558 0.06291529337698931 0
15 125 0 126 2572788 151 2187170 176 3156502 201 1548582 226 1009712 251 1103394 276 943215 301 1429375 326 813814 351 803813 376 816276 401 1257799 426 1726349 427 0
0
95 2 628 120 0.9806559556280322 0.10069527132165719 0
26 0 0 1 741018 26 646180 52 1526938 77 1774239 103 1590363 128 1927686 154 1732743 179 2540356 205 2586006 230 1771866 256 1785602 281 1721615 307 1707959 332 1688193 358 2211277 383 1187139 409 1301814 434 1694705 460 815389 485 474713 511 850785 536 507760 562 370965 587 338714 588 0
0
96 3 1041 18 0.9828888220429624 0.09793564068445103 0
26 29 0 30 2738936 54 1755990 79 1682809 103 1360746 128 2418758 152 1838412 177 1697149 201 2089661 225 1572628 250 1392242 274 1337691 299 1040672 323 1441312 348 1059722 372 842953 397 416381 421 448891 445 243930 470 180621 494 211866 519 299148 543 330579 568 345397 592 283331 593 0
1 95
97 3 666 713 0.989010743587112 0.061376983354110445 0
17 139 0 140 1403484 165 997115 191 1527338 217 1543002 242 1236227 267 1818306 293 1762215 319 1061569 344 776705 369 865725 395 1052236 421 1201472 446 879212 471 1630518 497 1123292 498 0
2 96 98
98 3 583 825 0.9814792201030067 0.0720625990265031 0
19 133 0 134 2110696 159 2439432 185 1487541 210 947394 235 1316454 261 894171 286 987119 311 879497 337 566565 362 747697 387 1072379 412 1374976 438 1281656 463 1007306 488 1150800 514 1294300 539 1266518 540 0
0
99 3 939 566 0.994618298480568 0.09888258013562866 0
27 47 0 48 265270 73 317414 99 474789 124 525415 149 543885 174 659915 199 653661 225 793851 250 1294154 275 2011853 301 1990475 326 2285995 351 1044706 376 1136157 401 1103855 427 1455374 452 874492 477 859185 503 789508 528 524481 553 729387 578 726460 603 573107 629 483706 654 447265 655 0
0
100 3 902 517 0.9935445215289096 0.11637755903730296 0
11 209 0 210 1226178 236 1432523 262 1794131 288 2329444 315 1657116 341 1757363 367 958060 393 1055774 419 879366 420 0
1 99
101 3 624 4 0.9985559709882457 0.08847513998090596 0
24 115 0 116 170533 141 331692 166 496291 191 803677 216 1032994 241 749737 267 840957 292 944372 317 1355070 342 1973584 367 3389154 392 2701004 417 2074670 442 1796702 467 2697825 492 2084072 518 1755168 543 1297193 568 1632423 593 1160779 618 903853 643 859943 644 0
1 100
102 2 1008 780 0.9888033895174791 0.07518620753869427 0
29 5 0 6 135447 31 370926 56 414426 82 371019 107 471178 132 661631 157 630304 183 897621 208 1134077 233 1325880 258 940909 284 800485 309 831024 334 1227771 359 1589215 384 1738241 410 2189492 435 1552800 460 4274647 485 3054145 511 1404237 536 1800716 561 1862346 586 3596447 612 2950888 637 2621077 662 3016303 663 0
0
103 1 964 763 0.9856174915674276 0.13210400929940216 0
24 109 0 110 1579148 135 2858178 160 5038212 185 3502535 210 1852804 235 1304905 260 1576294 285 988842 310 1261294 335 1108644 360 852500 385 827705 410 1026440 435 1074919 460 510932 485 470367 510 310284 535 271837 560 173175 585 206974 610 261584 635 225235 636 0
1 102
104 1 1404 274 0.9926754421178638 0.10238229075465151 0
22 97 0 98 795270 123 927012 147 957866 172 775299 197 728065 221 594276 246 973435 270 1047078 295 1845333 320 1196151 344 973266 369 754667 394 1012281 418 916607 443 1351110 467 1420510 492 1269397 517 1089471 541 996031 566 1248554 567 0
0
105 1 1431 107 0.9925969507877085 0.02946014472562525 0
22 152 0 153 2546838 178 3854673 203 2590182 228 2355695 254 1739502 279 908348 304 666024 329 556921 354 456614 379 508123 405 524608 430 722900 455 793850 480 1483851 505 1272251 530 1375906 556 2445126 581 1566588 606 1479128 631 1028191 632 0
1 104
106 2 895 515 0.9931264353821708 0.12120846448787648 0
10 126 0 127 922656 154 1177920 180 1258395 207 1051150 233 1860530 260 1231536 286 1598704 313 1773738 314 0
1 105
107 3 1160 923 0.9815695455606626 0.0024679349279799257 0
23 130 0 131 3169483 156 2218188 182 1826409 207 1046956 233 1160662 258 615748 284 658058 309 521030 335 415927 360 832287 385 463430 411 241335 436 223880 462 236328 487 186294 513 232043 538 166620 564 117267 589 84065 615 161012 640 303783 641 0
0
108 2 1297 911 0.9824259707748092 0.07491931400978553 0
11 127 0 128 1482943 152 1432229 175 1421243 199 831532 223 1096674 246 1746960 270 1056378 293 1145241 317 1594647 318 0
1 107
109 1 935 815 0.9857192381525124 0.05753312082385643 0
16 54 0 55 935584 79 747867 103 736750 127 866424 152 954666 176 1301299 200 644016 224 910105 248 609414 272 592060 297 998823 321 2641430 345 3100941 369 3657334 370 0
0
110 3 527 874 0.9929104326837177 0.14472916948583878 0
27 0 0 1 1689631 26 2389264 51 3029700 76 2908883 101 2414184 126 1729585 151 2060900 176 2079973 201 1659872 226 1178298 251 1385038 276 771884 301 768878 325 875261 350 1135660 375 2325335 400 2325440 425 1527939 450 1767432 475 2149148 500 1657896 525 1446178 550 633211 575 775457 600 545294 601 0
1 109
111 2 746 473 0.9888272290987195 0.1420061041577674 0
20 265 0 266 2048270 291 1537728 315 1339154 340 2143844 365 2056804 389 2447697 414 2058969 439 1194155 463 710931 488 613746 512 2155865 537 2514607 562 4230648 586 1322559 611 981925 636 1069598 660 1007792 685 880283 686 0
0
112 3 1340 555 0.993139081548974 0.14508468143193903 0
21 143 0 144 1420995 169 1857687 195 1591322 220 1952223 245 1596793 271 1014428 296 1135642 321 1225516 347 1370099 372 1604655 397 1844001 423 1387810 448 897108 473 778541 499 788928 524 914551 549 1184175 575 793988 600 413523 601 0
1 111
113 3 1225 674 0.9922893855752252 0.1435652830853026 0
18 90 0 91 1278180 116 2284208 142 2208389 167 1277360 193 1011087 218 851195 243 565478 269 870474 294 906587 320 1117216 345 1436129 370 1046688 396 689459 421 591721 447 679473 472 1056898 473 0
0
114 2 1300 162 0.9855713396326069 0.006987935164026676 0
17 309 0 310 1036907 334 751684 358 547869 382 781146 407 1158440 431 1379903 455 2388414 479 2871380 503 3340162 527 1749305 551 1668983 576 1586013 600 1807530 624 1933226 648 2439925 649 0
1 113
115 1 1033 588 0.9906832613347365 0.14213301629596686 0
22 141 0 142 390826 167 727023 192 792490 217 587617 243 620609 268 403926 293 664142 318 566659 343 848214 368 970048 394 867656 419 573914 444 947968 469 979673 494 2124845 519 1623131 545 1412573 570 2261200 595 2803660 620 6159075 621 0
1 114
116 3 1271 495 0.9821673155390339 0.013271379534613064 0
27 8 0 9 2116134 34 1408659 59 1376755 85 1231300 110 1366830 135 2337778 160 1897981 185 2947214 210 1701685 235 2181048 261 2293652 286 2973774 311 1209092 336 859374 361 592768 387 703725 412 1389063 437 2328670 462 1505362 487 1318264 512 1493720 537 1217518 563 1619659 588 1208957 613 632522 614 0
0
117 2 758 82 0.9981204720963591 0.029718516671510868 0
25 70 0 71 1925246 96 2007450 121 1215351 146 817604 171 718617 196 931404 222 1106325 247 1364429 272 1507476 297 1854141 322 2254333 347 1576144 372 1822060 397 1614930 422 1481700 447 1066521 472 903359 498 858008 523 1894865 548 1525711 573 1491288 598 1963492 623 2216039 624 0
1 116
118 2 623 652 0.9978821548482295 0.1432895396308085 0
13 344 0 345 1525349 371 1576456 396 944781 421 1227354 447 927847 473 1236411 498 885096 523 1344947 549 1822736 575 2175080 600 1713300 601 0
0
119 1 770 140 0.9835347464746255 0.14199593334589466 0
31 5 0 6 259074 31 329628 56 341121 80 619895 105 766443 130 883776 155 732821 179 825723 204 743006 229 855620 254 3538659 279 3306850 303 3100704 328 3870816 353 3359194 378 3916150 403 2702658 427 1854822 452 2189605 477 1391733 502 1546853 527 1140791 551 935559 576 864607 601 521051 626 962448 650 1215230 675 758680 700 756397 701 0
0
120 3 732 848 0.9870657683537644 0.029545744964639634 0
21 174 0 175 2596974 200 2439350 225 1933592 250 1347078 275 1008387 301 592318 326 899655 351 1154518 376 859065 401 2017379 426 2717016 451 1486998 476 977804 501 1106387 527 1496434 552 1444567 577 1138624 602 1235188 627 2177060 628 0
1 119
121 2 645 875 0.9852332159159967 0.03245821072808644 0
21 116 0 117 1001730 142 1394492 167 1306160 191 1404982 216 960783 241 968319 266 1439272 290 849392 315 1025208 340 585428 365 583663 390 1319483 414 1449148 439 2923032 464 2975840 489 3816578 513 3032065 538 1835160 563 1285378 564 0
0
122 1 566 61 0.9849937081959782 0.04419515923287666 0
20 264 0 265 346209 291 242824 316 178972 342 350466 367 365210 393 401757 419 234162 444 390745 470 815089 495 930772 521 1212261 546 880723 572 1267186 598 1826767 623 1926250 649 3458398 674 3845010 700 2244315 701 0
1 121
123 2 1482 684 0.9900862347558627 0.11735593302469524 0
18 199 0 200 1601084 225 1433093 251 949049 276 849996 301 953965 326 437859 352 872111 377 832658 402 802338 427 541477 453 505958 478 642728 503 1145073 528 1177133 554 1215340 579 2128636 580 0
0
124 2 1221 138 0.997871844506267 0.07585197464729168 0
17 107 0 108 289160 133 568185 158 822735 183 769811 208 923638 233 471658 258 561559 283 581252 308 1867695 333 1689649 358 1982204 383 1732855 408 1828020 433 955505 458 718240 459 0
1 123
125 2 1189 807 0.9915876376816813 0.005756506970737346 0
29 3 0 4 2904169 29 1697339 53 2053777 78 1256351 103 1316234 128 1465427 152 1522127 177 1543921 202 1087806 227 1281480 251 1212357 276 1296407 301 1281569 325 790037 350 428550 375 322929 400 253160 424 341800 449 425577 474 435500 499 510963 523 502017 548 909043 573 453005 598 683200 622 777670 647 746197 648 0
0
126 3 1487 790 0.9993257770755157 0.027135312516961236 0
23 29 0 30 2938491 55 4056906 80 3391725 104 1807460 129 1502342 154 648937 179 358181 204 329935 228 338626 253 378905 278 352847 303 492795 328 672336 352 563304 377 349783 402 452628 427 560738 452 1273194 476 2011703 501 1319673 526 1647934 527 0
1 125
127 2 720 25 0.9916446828763852 0.11027623013926657 0
14 55 0 56 1916462 81 2268028 105 3002531 130 2639299 155 1379329 180 1257842 204 1078485 229 940534 254 747877 279 787665 303 569276 328 362402 329 0
0
128 3 1460 817 0.9937369300043144 0.05538254876072915 0
13 257 0 258 503886 282 832824 307 831459 331 899240 356 862535 380 1095426 404 1066699 429 1605813 453 1536050 478 2328442 502 3342680 503 0
1 127
129 3 1354 700 0.9827770413277531 0.07855439448579377 0
26 41 0 42 2520939 67 2404802 91 1594402 116 1409101 140 1077740 165 1147999 189 1558038 214 2697247 238 1068445 263 943181 287 970673 312 717063 336 862579 361 596120 385 497920 410 335564 434 496340 459 440489 483 417298 508 324980 532 236713 557 253292 581 152113 606 144851 607 0
0
130 2 1334 305 0.9888037600143039 0.10033619723001018 0
12 262 0 263 2016889 288 1628327 314 1106674 339 1061866 365 1460100 390 1943321 416 1352527 441 1291806 467 1264934 492 1066716 493 0
1 129
131 3 556 514 0.9917811381961154 0.08953498401870369 0
16 194 0 195 794414 221 769260 246 1488263 272 1210431 298 1336809 323 1942386 349 1254173 375 1711098 401 1710953 426 2713547 452 2212699 478 1618769 503 1263962 529 738174 530 0
2 129 130
132 2 1419 15 0.9887024613274287 0.014319893758465117 0
20 207 0 208 994678 234 2296667 259 2338401 285 2128189 310 2264946 336 1417536 362 1752911 387 1374212 413 1387723 438 992744 464 721501 489 1162861 515 1055575 541 1233926 566 2040258 592 3134327 617 3141349 643 2204247 644 0
0
133 3 1045 269 0.9973371666093196 0.1042907199166722 0
17 134 0 135 656489 160 855248 184 755051 209 913216 234 1219210 258 1337320 283 1933540 307 2674771 332 3208576 357 2567730 381 2446572 406 1544634 431 1946602 455 1702387 480 1700136 481 0
0
134 2 1339 82 0.996718075035999 0.06463827924447758 0
26 122 0 123 529374 148 741752 172 686373 197 1131474 221 1300662 246 709900 270 719317 295 1169944 320 1346570 344 1539797 369 1155249 393 1028208 418 1254320 442 1342171 467 1370472 491 1662998 516 1622353 541 2142449 565 3085822 590 2548951 614 2097032 639 2267948 663 3853703 688 4230396 689 0
2 133 135
135 2 631 324 0.9910056406342271 0.02198055396940574 0
26 50 0 51 3248407 76 1643539 101 1296956 126 2178690 151 2683456 176 1133924 201 1291375 226 1372043 251 1193027 276 638149 301 599427 326 1007084 352 1348598 377 960693 402 482204 427 483245 452 569360 477 625918 502 624501 527 630540 552 644392 577 773465 602 899065 627 814964 628 0
0
136 1 582 198 0.9823863451162953 0.10234097864089872 0
9 89 0 90 1493010 117 860040 143 952530 170 970315 197 1793821 223 1687799 250 1343659 251 0
0
137 2 742 298 0.9933416359523816 0.1407401805949403 0
28 73 0 74 1696989 99 2445614 124 2563704 149 1765176 174 1524772 199 1472470 224 1282691 249 1176519 274 1266418 299 1473651 324 1938411 349 1629484 374 890860 399 984917 424 1217473 449 861888 474 643045 499 427269 524 717449 549 456868 574 225676 599 190953 624 381992 649 382703 674 341371 699 597875 700 0
2 136 138
138 1 830 660 0.9857743332944237 0.13436842413071393 0
16 350 0 351 2276242 377 1778329 402 1684148 428 1111473 453 1416985 479 1033402 504 1324635 530 1091220 555 895994 581 885977 606 463921 632 902584 657 645467 683 841562 684 0
0
139 2 1034 561 0.9966967250495619 0.08953227879793252 0
22 27 0 28 854441 53 938669 79 978747 104 1814110 129 1747784 155 1500070 180 1856842 205 2801793 231 2188564 256 1752242 281 2504500 306 2563241 332 1995870 357 3019839 382 2425560 408 1640405 433 1490165 458 1465349 484 1443950 509 460442 510 0
0
140 1 1085 766 0.9990169123986532 0.07490310721719681 0
22 114 0 115 2216201 140 1109739 164 1081142 189 1242950 213 533859 238 550005 262 1245630 287 902943 312 1051423 336 781328 361 825891 385 2005193 410 2432353 435 1890220 459 1566996 484 1640633 508 1872358 533 2376000 557 2134711 582 1694695 583 0
1 139
141 2 1160 564 0.986432181837585 0.023237117803239647 0
29 26 0 27 748456 52 410373 78 690530 103 583799 128 673765 154 561300 179 463202 204 898229 230 979733 255 796434 280 589380 306 1013069 331 1164861 357 1649928 382 1345093 407 1415757 433 1457343 458 1141251 483 895420 509 1160761 534 1389405 559 1744535 585 1662594 610 2241612 635 2112918 661 1451389 686 1190589 687 0
2 139 142
142 1 720 843 0.992726675674141 0.11986559234032201 0
26 94 0 95 2282071 120 1738589 145 2645515 169 1293259 194 1927625 219 1713360 244 1136329 268 573015 293 400187 318 704114 343 1062907 368 517880 392 560290 417 748905 442 518749 467 453241 492 320152 516 246905 541 200037 566 294680 591 297518 615 312806 640 483475 665 619841 666 0
0
143 2 882 572 0.9966580862505424 0.02057669150551004 1
13 107 0 108 3454193 133 2260153 158 2268511 184 2844943 209 2002080 234 1619394 259 758555 284 611686 310 984758 335 945754 360 1286636 361 0
0
144 3 1237 404 0.9997657376674584 0.09116401394543983 0
24 88 0 89 1139675 114 678783 139 1113923 164 1077064 189 1477540 214 1270146 239 1479918 264 902785 289 1233543 314 2118588 339 1384987 365 1188457 390 1617239 415 1440851 440 2088578 465 2366963 490 1886446 515 2604704 540 3986397 565 2522264 590 2332882 615 1297847 616 0
2 143 146
145 1 747 537 0.9971847024133335 0.051246163491219084 0
28 35 0 36 2562136 61 1639749 87 2211298 112 1639824 137 821059 163 711500 188 751257 214 1352429 239 1811139 264 1182376 290 981921 315 1158398 340 755880 366 713484 391 1099309 416 1956065 442 1209849 467 1166926 492 711304 518 472356 543 573229 569 889909 594 566639 619 394613 645 319636 670 325383 671 0
2 143 144
146 1 950 915 0.9922721834316124 0.09647745002780594 0
29 34 0 35 2153855 60 2444493 85 2165202 110 1591436 135 2030952 160 1219793 185 1639260 210 1374795 235 1490806 260 2043237 285 1996436 310 1598304 335 1056709 359 784034 384 946149 409 754366 434 881962 459 1257915 484 1344619 509 834067 534 940673 559 753709 584 619008 609 344757 634 268230 659 460642 684 501449 685 0
0
147 3 1480 461 0.9995206687223821 0.09992992592650256 0
20 78 0 79 1034943 105 1136037 130 989300 156 857085 182 1062028 207 953329 233 1082753 259 881385 284 1857887 310 1504863 335 833625 361 880105 387 943197 412 719295 438 882071 464 1020090 489 386771 515 609853 516 0
0
148 1 1337 828 0.9969515917175277 0.11065826386061264 0
16 133 0 134 2690144 158 3154993 182 1696583 206 958935 230 858189 254 527485 278 420119 303 553221 327 649759 351 649851 375 437243 399 598598 423 630378 447 465909 448 0
1 147
149 2 924 769 0.9852776753500236 0.06936648214543846 0
14 3 0 4 1355958 29 1059552 54 1121603 79 970151 104 1069508 129 1074541 155 1381202 180 1142446 205 1604816 230 1652139 255 2826230 280 2766938 281 0
2 147 148
150 2 1124 189 0.9947513626280147 0.13889149910516985 0
14 297 0 298 485535 323 1015034 347 653637 372 860297 397 1240750 421 1664238 446 2156423 470 1904151 495 1116465 520 2220118 544 2295712 569 3321574 570 0
2 148 149
151 1 1223 695 0.9993195074099096 0.02307706775019421 0
27 2 0 3 250105 28 254773 54 281509 79 364167 105 304354 130 293119 156 240924 181 359139 207 495976 232 831120 258 1719463 283 1480971 309 1016162 334 1408134 359 1736510 385 1553921 410 1156706 436 1097591 461 1450804 487 2460332 512 1937518 538 1269401 563 1146262 589 1383640 614 1155505 615 0
0
152 3 870 772 0.9882853715538302 0.01707066987076749 0
17 92 0 93 895683 118 1337229 143 1335867 168 1041444 192 966013 217 1289235 242 1727627 267 3126763 292 2051249 317 2660217 342 2187079 366 2193155 391 1842663 416 1592262 441 1781467 442 0
1 151
153 1 743 109 0.9864766893021671 0.1467031255675739 0
24 71 0 72 515900 96 318853 121 397871 145 452707 170 807761 194 1242242 219 799399 243 955310 268 915983 292 1232827 317 857389 341 792237 366 570117 390 914404 415 1362169 439 1385381 464 1355143 488 3545953 513 3771632 537 3326777 562 3968544 586 3828212 587 0
0
154 2 1388 891 0.9926413595630346 0.09752336890294949 0
15 118 0 119 2741603 143 2338293 167 2714147 192 3082667 216 1581745 240 978763 265 1321724 289 1110216 313 728139 337 1049589 361 1447645 386 1779888 410 1975363 411 0
1 153
155 3 816 61 0.9884860081623491 0.09610559410201788 0
22 49 0 50 620358 75 870366 99 1202471 124 1474781 148 1707126 173 1557753 197 1201194 222 1290984 247 951396 271 1244244 296 1557351 320 1830685 345 2727857 370 2838018 394 1747014 419 2284537 443 2404906 468 1880452 492 1566314 517 2732811 518 0
0
156 2 949 171 0.9862751252011758 0.0034741815567486288 0
23 32 0 33 1167972 58 999797 83 508224 108 602487 133 539757 158 784452 183 1062611 208 1976597 233 1087920 258 1621598 283 1718820 308 890852 333 702411 358 915101 383 975586 408 1312453 433 1593418 458 1640965 483 3301414 508 3549955 533 2296574 534 0
1 155
157 1 522 608 0.9834229333629428 0.11979208920165013 0
11 22 0 23 1725910 48 1411352 72 1608465 97 1162563 121 887943 146 1138434 171 727417 195 958480 220 1335846 221 0
0
158 2 1217 926 0.9863707386150732 0.11900294750941544 0
7 92 0 93 1380711 119 1520039 145 1562087 172 1889997 198 2178593 199 0
2 157 159
159 3 1014 910 0.9996679099491848 0.11287731927494637 0
13 116 0 117 1023380 142 965143 167 724698 191 1138120 216 1336189 241 1307881 266 1769344 291 2151434 315 1875522 340 2096611 365 1434996 366 0
0
160 1 1297 960 0.9880221585064917 0.02453860265864009 0
26 76 0 77 665043 102 1000720 127 1531079 152 1064718 177 886218 202 833439 227 493343 252 719278 277 706320 302 598484 327 563022 352 924721 378 1457235 403 1746210 428 1500931 453 986827 478 861394 503 873540 528 996984 553 1763075 578 4304878 603 1858331 628 1540701 653 1030412 654 0
0
161 2 1494 179 0.9858258667040581 0.009549479299434616 1
9 283 0 284 2341791 308 1416959 332 973729 355 595620 379 512756 403 498538 427 302741 428 0
1 160
162 3 966 873 0.9910040207207109 0.013396403888716069 0
29 27 0 28 1936344 53 1358724 78 717322 102 761301 127 970864 152 869137 177 705793 202 740085 226 722662 251 1185369 276 1292492 301 1297277 326 1019711 351 620960 375 658057 400 570833 425 530010 450 715760 475 723722 499 902388 524 686066 549 768409 574 1181804 599 911540 623 848909 648 1575943 673 1508221 674 0
2 160 161
163 3 1128 246 0.9988801687740773 0.09482584521520095 0
26 85 0 86 970451 111 950574 136 852861 160 832189 185 813900 210 670511 235 1236761 260 857073 285 1025635 309 831722 334 894629 359 745447 384 1058171 409 1659486 434 1458857 458 2733942 483 1452074 508 1316641 533 790368 558 459923 583 358530 607 795423 632 794869 657 1197392 658 0
1 161
164 3 753 942 0.9844892109431773 0.08406058616239029 0
27 97 0 98 540779 123 658101 148 953519 172 794182 197 408427 222 427446 247 388670 272 622848 296 863872 321 1183958 346 948725 371 915188 395 996148 420 989117 445 921945 470 1142938 495 891696 519 1116761 544 1777101 569 1725701 594 2333610 619 2079947 643 2673533 668 1411948 693 705241 694 0
0
165 1 1097 605 0.9979404973751791 0.14531431112811366 0
26 116 0 117 1671747 141 1685656 166 1337138 190 722274 215 1145233 239 885741 264 1436194 288 1228072 313 1106123 337 979062 362 952337 386 1149353 411 1038792 435 917329 460 869512 484 1759881 509 2074967 533 2212057 558 2652950 582 1735122 607 1998129 631 2051392 656 1887964 680 1424343 681 0
3 164 166 167
166 1 1041 210 0.9922241957095599 0.07444527847101594 0
14 358 0 359 2222645 384 1543813 409 1011922 435 1211317 460 1814047 485 2109400 510 919808 535 402134 560 362082 586 461910 611 514368 636 288282 637 0
0
167 1 1265 332 0.9949879118427511 0.06138544987329317 0
13 32 0 33 3162152 57 1998782 82 2010754 106 3240934 131 1592542 155 1423031 179 1406629 204 908805 228 1221584 253 1694962 277 1056128 278 0
1 166
168 2 525 611 0.9948962054300114 0.0598154763739662 0
16 346 0 347 1223317 372 1022634 397 599471 422 554312 447 599190 472 830305 497 994117 523 834267 548 1057841 573 1721124 598 1531626 623 1051872 648 1211500 673 1150462 674 0
0
169 1 1223 484 0.9847498487974369 0.046890194041842206 0
11 124 0 125 4079052 149 2678182 173 2007542 197 1673941 221 1292240 244 849680 268 545547 292 815578 316 889042 317 0
1 168
170 2 934 586 0.9901030806356501 0.14627825440550896 0
19 246 0 247 819762 273 935013 298 823608 323 587799 349 651156 375 612847 400 561346 425 463167 451 802178 477 824871 502 705137 527 813779 553 866952 579 1383712 604 1717970 629 1809953 655 1996923 656 0
1 169
171 3 1025 168 0.9832190571492767 0.06445380015759894 0
21 125 0 126 1570997 150 3786329 175 2843595 199 1019043 223 745550 248 639612 272 498466 296 501728 321 386287 345 372947 369 379763 394 302524 418 350217 442 251602 467 117652 491 102333 515 275513 540 134202 564 90599 565 0
0
172 1 1410 1 0.9941786804665146 0.05324736675308396 0
12 426 0 427 1117099 451 1152882 475 1184504 499 1055055 523 2461318 547 2573042 571 2651321 595 2019995 619 1926366 643 2219381 644 0
0
173 1 834 66 0.9899502511907285 0.015938371899073368 0
20 24 0 25 1675256 50 1636754 74 1768518 99 1117830 123 917779 148 904229 172 690064 197 1088427 221 1449678 246 820726 270 1267995 295 1243579 319 649659 344 824728 368 652648 393 570814 417 493287 442 464741 443 0
1 172
174 3 1352 514 0.9885582139131783 0.10737517800678475 0
19 219 0 220 1024572 245 792518 269 1130639 294 927517 319 863502 343 1595930 368 1573655 392 1780382 417 908267 442 874746 466 950598 491 949085 515 1027739 540 1030195 565 692765 589 469438 614 348425 615 0
1 172
175 1 1181 61 0.9881901289695875 0.09571492212624094 0
27 14 0 15 817712 40 549930 65 478789 89 545040 114 720906 139 649563 163 627740 188 620227 213 536630 238 719646 263 1100107 287 1033603 312 619883 337 747995 361 810376 386 688420 411 1747265 436 1288842 461 1323313 485 1066624 510 1327280 535 1753637 559 2154593 584 3430425 609 2238201 610 0
0
176 2 833 575 0.9853700338867438 0.0558916036904791 0
17 142 0 143 1438000 169 1648463 194 1156676 220 1161789 246 1893383 271 1349297 297 974679 323 767328 348 1167282 374 723600 399 935610 425 970959 451 749369 476 785295 502 538372 503 0
1 175
177 3 759 583 0.9833649325946313 0.06840478698605346 0
11 339 0 340 1599063 364 1393565 389 1019317 413 1298540 437 1706070 461 1303580 485 2405408 510 2875384 534 2881080 535 0
0
178 2 1188 277 0.9963573454488273 0.13077768098287199 0
30 9 0 10 36625 35 39587 60 60941 85 89098 110 87153 135 88443 160 214177 186 176570 211 222963 236 205036 261 241724 286 177263 311 270225 336 330103 361 454229 386 359994 411 428405 436 526088 461 746383 486 466114 511 807069 537 1562710 562 1758856 587 3501844 612 3121189 637 2221882 662 2318548 687 2610505 688 0
1 177
179 2 1059 822 0.9830362908665342 0.060774002474667715 0
28 39 0 40 1923542 65 1684501 91 1610942 116 1590060 141 1521326 167 1113386 192 847931 218 544192 243 414480 268 459069 294 457960 319 836048 344 938481 370 1293249 395 1055062 420 1670483 446 1342800 471 1018062 496 1098540 522 1018378 547 1035499 573 1099272 598 1048497 623 1103159 649 1641592 674 4574621 675 0
0
180 1 1201 795 0.9920756451501387 0.010509526769449329 0
23 129 0 130 380348 154 233007 179 344197 203 494644 227 792342 252 800509 276 980421 300 1116938 325 1013938 349 857256 373 861086 398 1369461 422 1132707 447 1915725 471 1350260 495 1428851 520 1679130 544 2412568 568 1694460 593 2045823 617 1552542 618 0
1 179
181 1 1149 654 0.990600420103252 0.14233863829170437 0
29 33 0 34 142593 59 195876 84 161924 109 227134 135 239113 160 394667 185 615034 210 836422 235 1231849 260 883362 286 1302142 311 2060454 336 1568929 361 1476801 386 1097882 411 1129677 436 1332210 462 1817729 487 1423553 512 1303295 537 1773265 562 1437573 587 834560 613 562379 638 519844 663 287391 688 377047 689 0
2 179 180
182 1 996 327 0.9982466645743354 0.030843177555769905 0
30 7 0 8 2131308 33 1833437 58 3439103 83 2816605 109 2047292 134 1561117 159 2731025 184 4069318 209 3238418 234 1887350 259 2854665 285 3050749 310 1887687 335 2056504 360 1613487 385 1062701 410 1479264 436 1879891 461 1222455 486 859895 511 577593 536 437198 561 505093 586 368539 612 746076 637 571703 662 401767 687 489503 688 0
2 179 180
183 2 659 888 0.9869773474497514 0.04548978555465089 0
11 64 0 65 2454055 89 1657676 113 986351 137 1470308 161 1734918 186 1722044 210 1661537 234 1724633 258 1118703 259 0
0
184 1 929 956 0.9981574718620073 0.032354742681207756 0
15 158 0 159 2041079 183 2307449 208 1975392 232 2123357 256 2347424 281 1806729 305 1633483 329 2156800 354 1550656 378 1327900 402 1326802 427 1228521 451 1228495 452 0
2 183 186
185 3 554 829 0.9820329778968705 0.13676550146905778 0
14 128 0 129 828769 153 831873 177 732856 202 706768 226 571419 250 592593 274 823386 298 934172 322 1239497 347 2307773 371 2432691 395 3088812 396 0
3 183 186 184
186 3 942 96 0.9889332772200017 0.06621525507550136 0
27 44 0 45 4333472 70 3562305 96 3014686 121 2216870 147 1821660 172 1758037 197 1485104 223 722298 248 631851 273 646684 299 648172 324 516961 349 513125 375 445907 400 488039 426 612856 451 340446 476 387039 502 291412 527 472710 553 877763 578 1500804 603 1498715 629 1368261 654 1199036 655 0
0
187 3 852 627 0.9917444758117682 0.09314760735939302 0
8 235 0 236 1248713 259 1046121 282 1881919 305 2389517 328 1991371 351 2071714 352 0
0
188 2 925 284 0.9852566086576177 0.051259850177942635 0
11 4 0 5 397448 30 677697 55 892744 80 1890375 105 1789189 129 2131507 154 2275775 179 2193556 204 1609284 205 0
0
189 1 700 470 0.9843145867437622 0.030137753826023142 0
8 432 0 433 1996583 459 2114156 485 1230150 510 774485 536 786793 562 590200 563 0
1 188
190 2 832 738 0.9800056671565058 0.02654104322937536 0
21 227 0 228 3699939 253 2055232 279 2513321 304 2773059 330 2322905 355 2012673 381 1773352 406 2732395 432 2061917 457 1523342 482 1048108 508 673027 533 465104 559 715816 584 981202 610 1191119 635 1553765 661 1546337 686 856338 687 0
0
191 2 1342 592 0.9862138680213279 0.13291883364932028 0
13 369 0 370 654916 394 573827 417 862546 441 1436784 465 1197178 489 1533323 512 1044289 536 839932 560 921342 583 1784891 607 2302614 608 0
1 190
192 1 1490 859 0.9899999013344108 0.06286069352884949 0
18 113 0 114 599065 138 553554 162 889837 186 721931 211 1189406 235 1099412 259 1232624 283 1383344 307 1212367 331 1503002 355 1405797 379 2512003 404 1746331 428 2299034 452 1661216 476 1947511 477 0
0
193 2 653 682 0.9819042192099657 0.14191905081857303 0
26 75 0 76 1134086 101 1383041 127 1029845 152 1940347 178 1796250 203 2126898 228 1833302 254 1643924 279 2315784 305 2600652 330 1573176 355 1306872 381 1278222 406 1136371 431 1174569 457 1603643 482 1107116 508 1376562 533 1070844 558 1114098 584 1105774 609 1596309 635 1460699 660 1404642 661 0
1 192
194 3 1173 696 0.998626331231526 0.1047225108473183 0
20 232 0 233 210374 257 291011 282 379771 306 311905 331 429136 355 564512 379 909257 404 944126 428 1051040 453 1761443 477 1883674 502 1326553 526 1734127 550 2787092 575 2274704 599 2011131 624 867439 648 890639 649 0
0
195 2 630 471 0.9803494943795056 0.05724663890975058 0
21 32 0 33 1991890 58 1537050 82 1834408 107 1351673 132 1285197 156 1505471 181 2070102 206 1532119 230 1192627 255 1110973 280 787597 304 911835 329 674556 354 725496 378 920059 403 1159811 428 1251721 452 1850526 477 1064724 478 0
1 194
196 3 1304 712 0.9955156954629412 0.019342096135077147 0
29 14 0 15 2538579 40 1950560 65 1349517 89 2572663 114 1936798 139 1956827 164 1570896 188 2074065 213 916897 238 888890 263 979400 287 688873 312 356520 337 536074 362 832229 387 679644 411 676600 436 702340 461 584289 486 534569 510 618991 535 962520 560 841407 585 762882 609 490127 634 1160970 659 2466656 660 0
1 195
197 2 1235 578 0.9882347772632369 0.1265626491512425 0
22 187 0 188 1853933 213 1558703 237 2458683 262 2153481 286 1984139 311 1894626 335 1247363 360 1515051 385 1323567 409 1862245 434 1186804 458 1872090 483 1968589 508 2244126 532 2704663 557 1568216 581 2050975 606 1316103 630 1629454 655 1695071 656 0
0
198 3 794 747 0.9916807679572044 0.1041580388212304 0
12 81 0 82 1174682 107 1061609 132 535045 157 647301 182 893377 206 1079245 231 1098706 256 1191099 281 1545248 306 1171145 307 0
1 197
199 1 995 157 0.994322413964071 0.07666277831693573 0
22 107 0 108 629069 133 666751 159 2107427 184 2065248 210 2938874 235 2846003 261 3031903 286 2107060 312 1140534 337 1115606 363 1340893 388 788854 414 951933 439 1244524 465 1855774 490 1916862 516 2435555 541 2040225 567 1873217 592 2088560 593 0
0
200 2 706 802 0.9845177295201126 0.028902910790170558 0
31 0 0 1 413815 26 594781 51 630589 76 728035 101 1068531 125 955870 150 1463772 175 1002164 200 1012553 225 1085032 250 1258214 275 1748050 300 2443162 325 4871774 349 3010397 374 2732730 399 2633028 424 2873576 449 1480257 474 1371607 499 2595036 524 2341390 549 1264958 574 1381359 598 1307809 623 2009448 648 1919172 673 1637788 698 958831 699 0
0
201 3 1456 52 0.994526851396229 0.009904699626783725 0
18 249 0 250 682311 274 532356 299 897399 323 1435482 348 1374908 372 924348 396 941676 421 1072881 445 1265176 470 1101931 494 849639 518 1038630 543 1631361 567 1481772 592 1180993 616 1775395 617 0
0
202 1 1119 843 0.983189115961492 0.039038982327189574 0
28 50 0 51 2757781 76 1729598 101 2311715 126 2248528 151 2471147 176 3854851 201 4723546 227 2083933 252 1229178 277 1324608 302 1347590 327 1314055 352 1123206 377 1587828 402 1062128 427 898290 452 348310 477 261589 502 368047 528 305738 553 235900 578 188782 603 278627 628 427936 653 151908 678 206544 679 0
0
203 3 1064 239 0.9854860129303133 0.07395395494283233 0
25 26 0 27 621608 52 507648 78 780312 103 726833 129 1012681 154 980100 179 1826349 205 1439389 230 1411988 256 1183867 281 735212 307 827671 332 950069 357 1013268 383 898169 408 1050892 434 1552952 459 1384196 484 1486151 510 2741300 535 2262484 561 2579913 586 4325480 587 0
2 202 204
204 1 1045 399 0.9827104782231204 0.14063490961663697 0
24 34 0 35 1688946 60 1960602 84 2566640 109 1963438 134 3196518 159 2730378 183 2275117 208 1486015 233 1821108 257 1509717 282 1435497 307 1133409 332 841998 356 671144 381 650884 406 638845 430 461339 455 884977 480 840132 505 845452 529 703575 554 1153828 555 0
0
205 2 1254 332 0.9974664620350963 0.08967011686755823 0
9 390 0 391 1072657 416 1462059 441 1431555 466 1436376 491 1214620 516 1589067 541 666903 542 0
0
206 3 811 644 0.9867634848631752 0.04959461555292917 0
15 212 0 213 1703966 238 1294726 262 1443708 287 1848718 311 1677039 336 1817206 361 1194349 385 1179648 410 925713 434 833826 459 568497 483 467472 508 763351 509 0
1 205
207 2 1156 156 0.9835282515904602 0.1494614024935722 0
27 86 0 87 562457 112 486185 137 383114 162 372574 187 280042 212 397572 237 747485 262 796106 287 826519 312 1103610 337 683612 362 455672 387 1554042 412 2661906 437 1807398 462 1877391 487 1597834 512 1204471 537 938413 562 634550 587 379090 612 329066 637 247021 662 262683 687 358768 688 0
1 206
208 2 1178 803 0.9823877099807012 0.026214018379854293 0
27 23 0 24 1371498 48 2145035 73 2048307 97 2616620 122 2790483 146 2464938 171 3448617 195 3219802 220 1962442 244 2118265 269 2174040 293 1446123 317 983215 342 1624661 366 2337147 391 1848399 415 1485075 440 1439075 464 1224471 489 905321 513 1057288 538 1144853 562 1423758 587 790689 611 870790 612 0
0
209 3 1461 238 0.9940569535571431 0.0728277574808983 0
15 234 0 235 2540937 261 2066129 287 2254748 313 2646678 338 1550491 364 2560418 390 1802660 416 1957680 442 1512736 467 1416118 493 829570 519 701143 545 477745 546 0
1 208
210 1 1238 740 0.9973058925660747 0.03406362156798113 0
11 486 0 487 902862 511 1373299 534 1202448 558 1894864 581 1879173 605 1234649 629 2363187 652 1420847 676 1551635 677 0
1 208
211 3 805 468 0.9900303030917474 0.010702537691448 0
7 272 0 273 1629979 299 1919608 325 1537100 351 1275563 377 944867 378 0
2 208 209
212 2 1352 69 0.9843971051435488 0.05030239173109461 0
25 55 0 56 928370 81 853308 106 898310 131 945440 156 1019954 181 1274546 206 941005 231 1096180 256 1158534 281 2283170 306 3804134 331 3178174 356 3065233 381 2675325 406 1209196 431 1794045 456 1566534 481 1496658 506 1208847 531 1267689 556 987817 581 1426929 606 1094482 607 0
0
213 2 634 472 0.9871845303336527 0.03938867291236882 0
9 380 0 381 892034 407 722491 433 349428 459 507117 486 862621 512 1576924 538 1546019 539 0
1 212
214 2 1265 942 0.9856120057110619 0.1266774966598106 0
8 155 0 156 1876896 182 2676365 208 1952472 235 1628883 261 1162759 287 1191440 288 0
2 212 213
215 3 1173 633 0.992114435692057 0.0668323472956511 0
17 201 0 202 2106939 228 1841240 253 1757979 279 1905235 304 1052769 330 700588 355 442685 381 674182 407 636785 432 440787 458 552148 483 540533 509 654578 534 758034 560 669485 561 0
0
216 3 1396 813 0.991360239905612 0.042308887772027313 0
10 38 0 39 801566 62 972840 86 1404331 109 1142838 133 1377239 156 2301613 180 1229174 203 1155223 204 0
1 215
217 1 1339 725 0.9871124885353579 0.07757087244170971 0
8 400 0 401 2916844 426 1645965 451 1530786 476 2065643 501 1322544 526 874494 527 0
2 215 216
218 2 603 566 0.9936760906688304 0.0814140085364345 0
30 6 0 7 1096265 32 916508 58 1072388 83 1274516 108 1863267 134 1797598 159 1456225 184 1530744 210 1656337 235 2659369 260 3337488 286 3179561 311 3106735 336 2705071 362 2612454 387 2397051 412 2001830 438 2321613 463 2087068 488 1676946 514 1652693 539 1098882 564 953353 590 1067653 615 1495525 640 1032349 666 1236753 691 932135 692 0
0
219 1 1190 893 0.9882107757048704 0.006293218841705966 0
9 544 0 545 1441755 569 1355953 593 960761 617 1352950 641 1677120 665 1387469 689 959819 690 0
0
220 1 576 309 0.9801867104660131 0.053440823039776125 0
27 75 0 76 1062930 101 957217 126 1562374 151 1636193 175 1620741 200 1886268 225 1419944 250 1839635 275 3964806 299 4184243 324 2298582 349 3010400 374 3074612 399 1897732 424 2212160 449 1200376 473 1428588 498 1190374 523 941039 548 529978 573 598787 597 1315573 622 1779190 647 942096 672 614970 673 0
1 219
221 1 1090 440 0.9858737236694295 0.03106115843349339 0
19 254 0 255 1530229 281 2290099 306 1455799 332 1402652 357 1843234 383 3508586 408 1561678 434 1172429 459 1445541 485 1442152 511 1179469 536 1932062 562 1642360 587 1577552 613 1651394 638 1771027 664 1486701 665 0
1 220
222 3 1351 251 0.9854674675597169 0.1334739809895656 0
13 417 0 418 365968 443 700187 468 929812 492 725683 517 1496540 542 2640048 567 2812205 592 2434449 616 1489988 641 1457669 666 1697760 667 0
0
223 1 640 75 0.9883703044418016 0.14553171645276597 0
9 528 0 529 1070215 554 1774368 580 1128489 605 906794 630 1128774 656 907873 681 919161 682 0
0
224 3 597 361 0.9937496124847677 0.1452686252346456 0
20 187 0 188 822565 213 871348 238 1142570 263 2361833 288 2029459 313 884539 338 825683 363 1209770 388 1760166 412 2588008 437 1679065 462 1248230 487 1843973 512 1872929 537 1391915 562 1881490 587 1126307 612 1280153 613 0
0
225 3 698 370 0.9819569619029278 0.08457619101194504 0
28 65 0 66 2011221 91 2327978 116 2240013 141 1865291 166 2533054 192 2325586 217 2098257 242 1581278 267 1091630 292 1111700 317 1030696 342 921218 367 1110616 393 1041908 418 1720313 443 1329096 468 1920271 493 2956951 518 1660151 543 2752146 568 2412893 594 2408814 619 2095489 644 1983242 669 1743917 694 1546681 695 0
1 224
226 2 641 437 0.9931726695936195 0.13179527353342968 0
21 136 0 137 3787897 163 2711816 188 1894357 214 2052555 239 1259916 265 1438929 291 1734990 316 2223127 342 1329598 367 1502719 393 1285720 419 1146428 444 913382 470 967661 496 586687 521 414850 547 656981 572 954408 598 795516 599 0
0
227 3 968 817 0.9842400057880168 0.04184648926478563 0
14 235 0 236 1334895 261 1893825 285 3806950 310 2432637 334 2137218 359 1830684 383 1863917 408 1738213 432 1217462 457 1168912 481 1079090 506 862582 507 0
0
228 3 971 864 0.9997007987963213 0.05187392022526197 0
17 164 0 165 627696 190 553005 215 772022 240 865778 265 830601 290 949572 315 2116860 341 1790170 366 1453057 391 1136765 416 2001817 441 2283297 466 2462410 491 2075820 516 2067970 517 0
0
229 1 1082 98 0.9981580995268625 0.11595502369338243 0
19 36 0 37 1488000 61 1347747 85 1474058 110 2087737 134 1928974 158 2218489 182 1435895 206 2418462 231 2093985 255 1700105 279 1982185 303 1953695 327 2365044 351 2465204 376 1736246 400 1570007 424 1328684 425 0
0
230 1 723 160 0.9954098444465762 0.02622783784147902 0
16 206 0 207 456695 232 340674 257 394685 283 598821 308 647431 333 728862 358 1475209 384 2288834 409 2394065 434 3275068 459 2520674 485 1843458 510 1603805 535 1730217 536 0
1 229
231 2 818 158 0.984550612853171 0.13762488538922038 0
22 124 0 125 1017880 150 730945 176 838108 201 1591305 227 1870577 252 1949273 278 2636701 303 1710756 328 1289474 354 1330208 379 1504565 405 1854008 430 1128755 455 1128240 481 975248 506 1128254 532 1130001 557 766348 583 650755 608 612572 609 0
0
232 2 865 387 0.9810564357904635 0.14346353294126613 0
16 368 0 369 656517 393 539318 417 377108 441 428562 466 424483 490 221075 514 860858 538 718348 562 779505 586 804956 611 1063697 635 1721078 659 3226293 683 2319733 684 0
2 231 233
233 1 1420 234 0.9888085862897757 0.035176019300742184 0
27 43 0 44 1374905 69 1089755 94 1190960 119 1396192 144 2559102 169 3181276 193 3029360 218 2069340 243 1910065 268 2402617 293 1681245 318 1444689 343 1345764 368 1729400 393 1260459 418 1653588 443 2335668 468 1984930 493 1419192 517 966128 542 688204 567 1319313 592 1351254 617 1875724 642 1597364 643 0
0
234 1 1148 916 0.9842730868123835 0.11332364388302198 0
29 5 0 6 741743 31 701571 57 795121 82 777587 107 1078987 133 725691 158 838091 183 778309 208 1055186 234 760127 259 697556 284 935578 310 1086178 335 1026476 360 1178534 386 1178852 411 954970 436 1247326 462 986159 487 1237693 512 2105422 537 4435861 563 4643358 588 3789460 613 2253161 639 2052029 664 1742631 665 0
1 233
235 1 520 434 0.9804627389416788 0.03784829369543349 0
16 230 0 231 1974997 256 2076358 281 2138118 306 1673256 331 1481302 356 1079244 381 1074668 407 930327 432 869509 457 552095 482 433569 507 469581 532 509792 557 675501 558 0
0
236 2 857 874 0.9864455596299636 0.052085112024542066 0
22 4 0 5 666967 30 752052 56 666863 81 945688 107 721642 132 1480440 158 2073894 183 1311198 208 792683 234 1126248 259 1147438 285 775069 310 783555 335 885658 361 536184 386 628068 412 1113821 437 922276 463 1183329 488 1053697 489 0
1 235
237 2 1389 57 0.989040838159408 0.09544453340150164 0
11 316 0 317 947039 343 1205251 368 1320471 394 1265125 419 1048632 445 1267793 471 1595391 496 1730717 522 1820719 523 0
1 236
238 1 1181 722 0.9923346896315155 0.06799262653439053 0
25 20 0 21 1219977 46 1190201 71 1201392 96 2857831 121 2322896 146 1823209 171 1654752 196 1192656 221 917558 246 915161 271 486667 297 374381 322 544117 347 832965 372 958462 397 1241231 422 1401296 447 1217286 472 1666502 497 1539710 522 2237909 547 1075369 572 882986 573 0
0
239 1 1167 782 0.9948958467215897 0.030283860851925026 0
8 538 0 539 2722025 564 1934797 589 1971228 614 2042572 639 1576225 664 1077717 665 0
1 238
240 3 713 360 0.9922497837037875 0.1389990575186572 0
21 43 0 44 1475300 69 1145382 94 759081 119 996398 144 1524041 168 1799615 193 1737743 218 1665499 243 1461440 268 1444927 293 1073358 318 1230868 343 1458745 368 1320252 392 1030368 417 2001193 442 2780609 467 3342685 492 3515634 493 0
0
241 3 1136 319 0.9979800298941878 0.015295244038436705 0
20 73 0 74 586596 100 654045 125 528594 151 538305 176 987760 202 1352454 227 1817825 253 1288650 278 1576766 304 2010340 329 2219416 355 1607290 380 2229404 406 2444600 431 2225690 457 2431584 482 2687730 508 2611802 509 0
1 240
242 3 1268 108 0.9993794604366658 0.13862462352701618 0
8 322 0 323 741190 347 1064284 370 1149506 394 1721030 417 2623955 441 2312092 442 0
2 240 243
243 3 1104 758 0.9814585389491892 0.044713164787284494 0
22 157 0 158 939948 183 734035 208 864273 232 580380 257 1185653 282 1175092 307 1208766 332 1149723 356 865502 381 1012602 406 839704 431 630242 455 471262 480 645662 505 1131191 530 1775925 555 2090691 579 4004796 604 3385761 629 2953387 630 0
0
244 3 831 966 0.9867488798881207 0.08588541692842092 0
15 48 0 49 1158930 73 1178815 97 967993 122 1175560 146 484634 170 702870 195 1030576 219 1088701 243 1500050 267 1688690 291 1578668 316 2290211 340 3001089 341 0
0
245 2 654 673 0.9880424216449379 0.04866186243317878 0
10 381 0 382 1032112 407 807491 431 1425146 456 1272710 481 1110423 506 1150496 530 1290856 555 1123982 556 0
1 244
246 3 882 645 0.9904403483110268 0.07000316113758921 0
12 258 0 259 675557 284 741334 309 872277 333 1131794 358 1078450 383 1994020 408 1735955 432 1454813 457 1472806 482 2031612 483 0
0
247 3 1316 536 0.98289912086693 0.02505579071391788 0
21 143 0 144 6288719 169 3563101 194 1843131 219 1427069 244 1208751 268 817717 293 770463 318 823469 343 898205 368 479958 393 492742 418 481588 443 796757 468 871326 492 726848 517 931271 542 795162 567 752053 592 447049 593 0
1 246
248 3 1010 783 0.983890013825398 0.14281888174743618 0
8 239 0 240 870842 263 1501265 286 1138628 310 1789642 333 2372962 356 2225745 357 0
0
249 3 741 219 0.9805564688649131 0.14882783380243328 0
12 149 0 150 632396 175 1286865 200 1332091 226 1387571 251 2255487 276 1538921 301 1436528 327 1777123 352 1621697 377 1210701 378 0
2 248 250
250 3 780 720 0.989647474236727 0.09190427171065778 0
13 153 0 154 793540 180 684891 205 686219 231 663130 257 902155 283 1443152 308 1791845 334 1148334 360 1438639 385 1712700 411 2148132 412 0
0
7 14 7979346338582373810
0.98922632047529435 0.010772893081372545 7.8644333311045697e-07 0 0 0 0 
0.0089200006047319529 0.82084573547428608 0.17014975024161058 8.4513679371500254e-05 0 0 0 
0.00032472656255418781 0.42525637760150153 0.54726696567928534 0.027118825099963675 3.3105056695357375e-05 0 0 
0 2.1071624926509264e-06 0.0088247165752158799 0.97239821780546065 0.018752904064297013 2.2054392533978276e-05 0 
0 0 4.0831341991025342e-08 0.05709228986146922 0.91687433277577179 0.025980548067743438 5.2788463673516503e-05 
0 0 0 5.7211382554397352e-06 0.11572455964624589 0.85229561869238235 0.03197410052311643 
0 0 0 0 8.6627955780469427e-05 0.14807353929616543 0.85183983274805408 
7 0 0 0 0 0 0 0
0.01439400790620669 0.9962391047041816 0.23255837335943044
